,Count,Generation,Sex,Run
0,7000.0,0,Female,mc_prob_0_FC_0_1
1,4177.0,1,Female,mc_prob_0_FC_0_1
2,4194.0,2,Female,mc_prob_0_FC_0_1
3,4088.0,3,Female,mc_prob_0_FC_0_1
4,4118.0,4,Female,mc_prob_0_FC_0_1
5,4009.0,5,Female,mc_prob_0_FC_0_1
6,3883.0,6,Female,mc_prob_0_FC_0_1
7,3836.0,7,Female,mc_prob_0_FC_0_1
8,3772.0,8,Female,mc_prob_0_FC_0_1
9,3743.0,9,Female,mc_prob_0_FC_0_1
10,3611.0,10,Female,mc_prob_0_FC_0_1
11,3576.0,11,Female,mc_prob_0_FC_0_1
12,3580.0,12,Female,mc_prob_0_FC_0_1
13,3547.0,13,Female,mc_prob_0_FC_0_1
14,3391.0,14,Female,mc_prob_0_FC_0_1
15,2992.0,15,Female,mc_prob_0_FC_0_1
16,1899.0,16,Female,mc_prob_0_FC_0_1
17,784.0,17,Female,mc_prob_0_FC_0_1
18,143.0,18,Female,mc_prob_0_FC_0_1
19,13.0,19,Female,mc_prob_0_FC_0_1
20,3.0,20,Female,mc_prob_0_FC_0_1
21,0.0,21,Female,mc_prob_0_FC_0_1
22,0.0,22,Female,mc_prob_0_FC_0_1
23,0.0,23,Female,mc_prob_0_FC_0_1
24,0.0,24,Female,mc_prob_0_FC_0_1
25,0.0,25,Female,mc_prob_0_FC_0_1
26,0.0,26,Female,mc_prob_0_FC_0_1
27,0.0,27,Female,mc_prob_0_FC_0_1
28,0.0,28,Female,mc_prob_0_FC_0_1
29,0.0,29,Female,mc_prob_0_FC_0_1
30,0.0,30,Female,mc_prob_0_FC_0_1
31,0.0,31,Female,mc_prob_0_FC_0_1
32,0.0,32,Female,mc_prob_0_FC_0_1
33,0.0,33,Female,mc_prob_0_FC_0_1
34,0.0,34,Female,mc_prob_0_FC_0_1
35,0.0,35,Female,mc_prob_0_FC_0_1
36,0.0,36,Female,mc_prob_0_FC_0_1
37,0.0,37,Female,mc_prob_0_FC_0_1
38,0.0,38,Female,mc_prob_0_FC_0_1
39,0.0,39,Female,mc_prob_0_FC_0_1
40,0.0,40,Female,mc_prob_0_FC_0_1
41,0.0,41,Female,mc_prob_0_FC_0_1
42,0.0,42,Female,mc_prob_0_FC_0_1
43,0.0,43,Female,mc_prob_0_FC_0_1
44,0.0,44,Female,mc_prob_0_FC_0_1
45,0.0,45,Female,mc_prob_0_FC_0_1
46,0.0,46,Female,mc_prob_0_FC_0_1
47,0.0,47,Female,mc_prob_0_FC_0_1
48,0.0,48,Female,mc_prob_0_FC_0_1
49,0.0,49,Female,mc_prob_0_FC_0_1
50,0.0,50,Female,mc_prob_0_FC_0_1
51,5000.0,0,Male,mc_prob_0_FC_0_1
52,4254.0,1,Male,mc_prob_0_FC_0_1
53,4225.0,2,Male,mc_prob_0_FC_0_1
54,4141.0,3,Male,mc_prob_0_FC_0_1
55,4140.0,4,Male,mc_prob_0_FC_0_1
56,4044.0,5,Male,mc_prob_0_FC_0_1
57,4039.0,6,Male,mc_prob_0_FC_0_1
58,3878.0,7,Male,mc_prob_0_FC_0_1
59,3932.0,8,Male,mc_prob_0_FC_0_1
60,3781.0,9,Male,mc_prob_0_FC_0_1
61,3722.0,10,Male,mc_prob_0_FC_0_1
62,3633.0,11,Male,mc_prob_0_FC_0_1
63,3611.0,12,Male,mc_prob_0_FC_0_1
64,3595.0,13,Male,mc_prob_0_FC_0_1
65,3525.0,14,Male,mc_prob_0_FC_0_1
66,3075.0,15,Male,mc_prob_0_FC_0_1
67,1917.0,16,Male,mc_prob_0_FC_0_1
68,833.0,17,Male,mc_prob_0_FC_0_1
69,146.0,18,Male,mc_prob_0_FC_0_1
70,23.0,19,Male,mc_prob_0_FC_0_1
71,9.0,20,Male,mc_prob_0_FC_0_1
72,0.0,21,Male,mc_prob_0_FC_0_1
73,0.0,22,Male,mc_prob_0_FC_0_1
74,0.0,23,Male,mc_prob_0_FC_0_1
75,0.0,24,Male,mc_prob_0_FC_0_1
76,0.0,25,Male,mc_prob_0_FC_0_1
77,0.0,26,Male,mc_prob_0_FC_0_1
78,0.0,27,Male,mc_prob_0_FC_0_1
79,0.0,28,Male,mc_prob_0_FC_0_1
80,0.0,29,Male,mc_prob_0_FC_0_1
81,0.0,30,Male,mc_prob_0_FC_0_1
82,0.0,31,Male,mc_prob_0_FC_0_1
83,0.0,32,Male,mc_prob_0_FC_0_1
84,0.0,33,Male,mc_prob_0_FC_0_1
85,0.0,34,Male,mc_prob_0_FC_0_1
86,0.0,35,Male,mc_prob_0_FC_0_1
87,0.0,36,Male,mc_prob_0_FC_0_1
88,0.0,37,Male,mc_prob_0_FC_0_1
89,0.0,38,Male,mc_prob_0_FC_0_1
90,0.0,39,Male,mc_prob_0_FC_0_1
91,0.0,40,Male,mc_prob_0_FC_0_1
92,0.0,41,Male,mc_prob_0_FC_0_1
93,0.0,42,Male,mc_prob_0_FC_0_1
94,0.0,43,Male,mc_prob_0_FC_0_1
95,0.0,44,Male,mc_prob_0_FC_0_1
96,0.0,45,Male,mc_prob_0_FC_0_1
97,0.0,46,Male,mc_prob_0_FC_0_1
98,0.0,47,Male,mc_prob_0_FC_0_1
99,0.0,48,Male,mc_prob_0_FC_0_1
100,0.0,49,Male,mc_prob_0_FC_0_1
101,0.0,50,Male,mc_prob_0_FC_0_1
,Count,Generation,Sex,Run
0,7000.0,0,Female,mc_prob_0_FC_0_2
1,4291.0,1,Female,mc_prob_0_FC_0_2
2,4179.0,2,Female,mc_prob_0_FC_0_2
3,4147.0,3,Female,mc_prob_0_FC_0_2
4,4047.0,4,Female,mc_prob_0_FC_0_2
5,3926.0,5,Female,mc_prob_0_FC_0_2
6,3942.0,6,Female,mc_prob_0_FC_0_2
7,3877.0,7,Female,mc_prob_0_FC_0_2
8,3780.0,8,Female,mc_prob_0_FC_0_2
9,3733.0,9,Female,mc_prob_0_FC_0_2
10,3641.0,10,Female,mc_prob_0_FC_0_2
11,3607.0,11,Female,mc_prob_0_FC_0_2
12,3503.0,12,Female,mc_prob_0_FC_0_2
13,3530.0,13,Female,mc_prob_0_FC_0_2
14,3575.0,14,Female,mc_prob_0_FC_0_2
15,3352.0,15,Female,mc_prob_0_FC_0_2
16,2575.0,16,Female,mc_prob_0_FC_0_2
17,1390.0,17,Female,mc_prob_0_FC_0_2
18,348.0,18,Female,mc_prob_0_FC_0_2
19,97.0,19,Female,mc_prob_0_FC_0_2
20,10.0,20,Female,mc_prob_0_FC_0_2
21,0.0,21,Female,mc_prob_0_FC_0_2
22,0.0,22,Female,mc_prob_0_FC_0_2
23,0.0,23,Female,mc_prob_0_FC_0_2
24,0.0,24,Female,mc_prob_0_FC_0_2
25,0.0,25,Female,mc_prob_0_FC_0_2
26,0.0,26,Female,mc_prob_0_FC_0_2
27,0.0,27,Female,mc_prob_0_FC_0_2
28,0.0,28,Female,mc_prob_0_FC_0_2
29,0.0,29,Female,mc_prob_0_FC_0_2
30,0.0,30,Female,mc_prob_0_FC_0_2
31,0.0,31,Female,mc_prob_0_FC_0_2
32,0.0,32,Female,mc_prob_0_FC_0_2
33,0.0,33,Female,mc_prob_0_FC_0_2
34,0.0,34,Female,mc_prob_0_FC_0_2
35,0.0,35,Female,mc_prob_0_FC_0_2
36,0.0,36,Female,mc_prob_0_FC_0_2
37,0.0,37,Female,mc_prob_0_FC_0_2
38,0.0,38,Female,mc_prob_0_FC_0_2
39,0.0,39,Female,mc_prob_0_FC_0_2
40,0.0,40,Female,mc_prob_0_FC_0_2
41,0.0,41,Female,mc_prob_0_FC_0_2
42,0.0,42,Female,mc_prob_0_FC_0_2
43,0.0,43,Female,mc_prob_0_FC_0_2
44,0.0,44,Female,mc_prob_0_FC_0_2
45,0.0,45,Female,mc_prob_0_FC_0_2
46,0.0,46,Female,mc_prob_0_FC_0_2
47,0.0,47,Female,mc_prob_0_FC_0_2
48,0.0,48,Female,mc_prob_0_FC_0_2
49,0.0,49,Female,mc_prob_0_FC_0_2
50,0.0,50,Female,mc_prob_0_FC_0_2
51,5000.0,0,Male,mc_prob_0_FC_0_2
52,4333.0,1,Male,mc_prob_0_FC_0_2
53,4211.0,2,Male,mc_prob_0_FC_0_2
54,4277.0,3,Male,mc_prob_0_FC_0_2
55,4119.0,4,Male,mc_prob_0_FC_0_2
56,4071.0,5,Male,mc_prob_0_FC_0_2
57,4020.0,6,Male,mc_prob_0_FC_0_2
58,3930.0,7,Male,mc_prob_0_FC_0_2
59,3788.0,8,Male,mc_prob_0_FC_0_2
60,3765.0,9,Male,mc_prob_0_FC_0_2
61,3746.0,10,Male,mc_prob_0_FC_0_2
62,3714.0,11,Male,mc_prob_0_FC_0_2
63,3534.0,12,Male,mc_prob_0_FC_0_2
64,3571.0,13,Male,mc_prob_0_FC_0_2
65,3578.0,14,Male,mc_prob_0_FC_0_2
66,3433.0,15,Male,mc_prob_0_FC_0_2
67,2593.0,16,Male,mc_prob_0_FC_0_2
68,1391.0,17,Male,mc_prob_0_FC_0_2
69,400.0,18,Male,mc_prob_0_FC_0_2
70,119.0,19,Male,mc_prob_0_FC_0_2
71,12.0,20,Male,mc_prob_0_FC_0_2
72,0.0,21,Male,mc_prob_0_FC_0_2
73,0.0,22,Male,mc_prob_0_FC_0_2
74,0.0,23,Male,mc_prob_0_FC_0_2
75,0.0,24,Male,mc_prob_0_FC_0_2
76,0.0,25,Male,mc_prob_0_FC_0_2
77,0.0,26,Male,mc_prob_0_FC_0_2
78,0.0,27,Male,mc_prob_0_FC_0_2
79,0.0,28,Male,mc_prob_0_FC_0_2
80,0.0,29,Male,mc_prob_0_FC_0_2
81,0.0,30,Male,mc_prob_0_FC_0_2
82,0.0,31,Male,mc_prob_0_FC_0_2
83,0.0,32,Male,mc_prob_0_FC_0_2
84,0.0,33,Male,mc_prob_0_FC_0_2
85,0.0,34,Male,mc_prob_0_FC_0_2
86,0.0,35,Male,mc_prob_0_FC_0_2
87,0.0,36,Male,mc_prob_0_FC_0_2
88,0.0,37,Male,mc_prob_0_FC_0_2
89,0.0,38,Male,mc_prob_0_FC_0_2
90,0.0,39,Male,mc_prob_0_FC_0_2
91,0.0,40,Male,mc_prob_0_FC_0_2
92,0.0,41,Male,mc_prob_0_FC_0_2
93,0.0,42,Male,mc_prob_0_FC_0_2
94,0.0,43,Male,mc_prob_0_FC_0_2
95,0.0,44,Male,mc_prob_0_FC_0_2
96,0.0,45,Male,mc_prob_0_FC_0_2
97,0.0,46,Male,mc_prob_0_FC_0_2
98,0.0,47,Male,mc_prob_0_FC_0_2
99,0.0,48,Male,mc_prob_0_FC_0_2
100,0.0,49,Male,mc_prob_0_FC_0_2
101,0.0,50,Male,mc_prob_0_FC_0_2
,Count,Generation,Sex,Run
0,7000.0,0,Female,mc_prob_0_FC_0_3
1,4201.0,1,Female,mc_prob_0_FC_0_3
2,4131.0,2,Female,mc_prob_0_FC_0_3
3,4192.0,3,Female,mc_prob_0_FC_0_3
4,3975.0,4,Female,mc_prob_0_FC_0_3
5,4073.0,5,Female,mc_prob_0_FC_0_3
6,3957.0,6,Female,mc_prob_0_FC_0_3
7,3839.0,7,Female,mc_prob_0_FC_0_3
8,3714.0,8,Female,mc_prob_0_FC_0_3
9,3786.0,9,Female,mc_prob_0_FC_0_3
10,3596.0,10,Female,mc_prob_0_FC_0_3
11,3429.0,11,Female,mc_prob_0_FC_0_3
12,3441.0,12,Female,mc_prob_0_FC_0_3
13,3491.0,13,Female,mc_prob_0_FC_0_3
14,3517.0,14,Female,mc_prob_0_FC_0_3
15,2637.0,15,Female,mc_prob_0_FC_0_3
16,1551.0,16,Female,mc_prob_0_FC_0_3
17,485.0,17,Female,mc_prob_0_FC_0_3
18,176.0,18,Female,mc_prob_0_FC_0_3
19,21.0,19,Female,mc_prob_0_FC_0_3
20,0.0,20,Female,mc_prob_0_FC_0_3
21,0.0,21,Female,mc_prob_0_FC_0_3
22,0.0,22,Female,mc_prob_0_FC_0_3
23,0.0,23,Female,mc_prob_0_FC_0_3
24,0.0,24,Female,mc_prob_0_FC_0_3
25,0.0,25,Female,mc_prob_0_FC_0_3
26,0.0,26,Female,mc_prob_0_FC_0_3
27,0.0,27,Female,mc_prob_0_FC_0_3
28,0.0,28,Female,mc_prob_0_FC_0_3
29,0.0,29,Female,mc_prob_0_FC_0_3
30,0.0,30,Female,mc_prob_0_FC_0_3
31,0.0,31,Female,mc_prob_0_FC_0_3
32,0.0,32,Female,mc_prob_0_FC_0_3
33,0.0,33,Female,mc_prob_0_FC_0_3
34,0.0,34,Female,mc_prob_0_FC_0_3
35,0.0,35,Female,mc_prob_0_FC_0_3
36,0.0,36,Female,mc_prob_0_FC_0_3
37,0.0,37,Female,mc_prob_0_FC_0_3
38,0.0,38,Female,mc_prob_0_FC_0_3
39,0.0,39,Female,mc_prob_0_FC_0_3
40,0.0,40,Female,mc_prob_0_FC_0_3
41,0.0,41,Female,mc_prob_0_FC_0_3
42,0.0,42,Female,mc_prob_0_FC_0_3
43,0.0,43,Female,mc_prob_0_FC_0_3
44,0.0,44,Female,mc_prob_0_FC_0_3
45,0.0,45,Female,mc_prob_0_FC_0_3
46,0.0,46,Female,mc_prob_0_FC_0_3
47,0.0,47,Female,mc_prob_0_FC_0_3
48,0.0,48,Female,mc_prob_0_FC_0_3
49,0.0,49,Female,mc_prob_0_FC_0_3
50,0.0,50,Female,mc_prob_0_FC_0_3
51,5000.0,0,Male,mc_prob_0_FC_0_3
52,4319.0,1,Male,mc_prob_0_FC_0_3
53,4185.0,2,Male,mc_prob_0_FC_0_3
54,4207.0,3,Male,mc_prob_0_FC_0_3
55,4132.0,4,Male,mc_prob_0_FC_0_3
56,4078.0,5,Male,mc_prob_0_FC_0_3
57,3988.0,6,Male,mc_prob_0_FC_0_3
58,3919.0,7,Male,mc_prob_0_FC_0_3
59,3792.0,8,Male,mc_prob_0_FC_0_3
60,3805.0,9,Male,mc_prob_0_FC_0_3
61,3737.0,10,Male,mc_prob_0_FC_0_3
62,3487.0,11,Male,mc_prob_0_FC_0_3
63,3528.0,12,Male,mc_prob_0_FC_0_3
64,3508.0,13,Male,mc_prob_0_FC_0_3
65,3558.0,14,Male,mc_prob_0_FC_0_3
66,2687.0,15,Male,mc_prob_0_FC_0_3
67,1592.0,16,Male,mc_prob_0_FC_0_3
68,502.0,17,Male,mc_prob_0_FC_0_3
69,194.0,18,Male,mc_prob_0_FC_0_3
70,25.0,19,Male,mc_prob_0_FC_0_3
71,0.0,20,Male,mc_prob_0_FC_0_3
72,0.0,21,Male,mc_prob_0_FC_0_3
73,0.0,22,Male,mc_prob_0_FC_0_3
74,0.0,23,Male,mc_prob_0_FC_0_3
75,0.0,24,Male,mc_prob_0_FC_0_3
76,0.0,25,Male,mc_prob_0_FC_0_3
77,0.0,26,Male,mc_prob_0_FC_0_3
78,0.0,27,Male,mc_prob_0_FC_0_3
79,0.0,28,Male,mc_prob_0_FC_0_3
80,0.0,29,Male,mc_prob_0_FC_0_3
81,0.0,30,Male,mc_prob_0_FC_0_3
82,0.0,31,Male,mc_prob_0_FC_0_3
83,0.0,32,Male,mc_prob_0_FC_0_3
84,0.0,33,Male,mc_prob_0_FC_0_3
85,0.0,34,Male,mc_prob_0_FC_0_3
86,0.0,35,Male,mc_prob_0_FC_0_3
87,0.0,36,Male,mc_prob_0_FC_0_3
88,0.0,37,Male,mc_prob_0_FC_0_3
89,0.0,38,Male,mc_prob_0_FC_0_3
90,0.0,39,Male,mc_prob_0_FC_0_3
91,0.0,40,Male,mc_prob_0_FC_0_3
92,0.0,41,Male,mc_prob_0_FC_0_3
93,0.0,42,Male,mc_prob_0_FC_0_3
94,0.0,43,Male,mc_prob_0_FC_0_3
95,0.0,44,Male,mc_prob_0_FC_0_3
96,0.0,45,Male,mc_prob_0_FC_0_3
97,0.0,46,Male,mc_prob_0_FC_0_3
98,0.0,47,Male,mc_prob_0_FC_0_3
99,0.0,48,Male,mc_prob_0_FC_0_3
100,0.0,49,Male,mc_prob_0_FC_0_3
101,0.0,50,Male,mc_prob_0_FC_0_3
,Count,Generation,Sex,Run
0,7000.0,0,Female,mc_prob_0_FC_0_4
1,4241.0,1,Female,mc_prob_0_FC_0_4
2,4224.0,2,Female,mc_prob_0_FC_0_4
3,4245.0,3,Female,mc_prob_0_FC_0_4
4,4187.0,4,Female,mc_prob_0_FC_0_4
5,4158.0,5,Female,mc_prob_0_FC_0_4
6,4048.0,6,Female,mc_prob_0_FC_0_4
7,3901.0,7,Female,mc_prob_0_FC_0_4
8,3796.0,8,Female,mc_prob_0_FC_0_4
9,3642.0,9,Female,mc_prob_0_FC_0_4
10,3568.0,10,Female,mc_prob_0_FC_0_4
11,3639.0,11,Female,mc_prob_0_FC_0_4
12,3588.0,12,Female,mc_prob_0_FC_0_4
13,3506.0,13,Female,mc_prob_0_FC_0_4
14,3361.0,14,Female,mc_prob_0_FC_0_4
15,2884.0,15,Female,mc_prob_0_FC_0_4
16,1835.0,16,Female,mc_prob_0_FC_0_4
17,603.0,17,Female,mc_prob_0_FC_0_4
18,164.0,18,Female,mc_prob_0_FC_0_4
19,32.0,19,Female,mc_prob_0_FC_0_4
20,0.0,20,Female,mc_prob_0_FC_0_4
21,0.0,21,Female,mc_prob_0_FC_0_4
22,0.0,22,Female,mc_prob_0_FC_0_4
23,0.0,23,Female,mc_prob_0_FC_0_4
24,0.0,24,Female,mc_prob_0_FC_0_4
25,0.0,25,Female,mc_prob_0_FC_0_4
26,0.0,26,Female,mc_prob_0_FC_0_4
27,0.0,27,Female,mc_prob_0_FC_0_4
28,0.0,28,Female,mc_prob_0_FC_0_4
29,0.0,29,Female,mc_prob_0_FC_0_4
30,0.0,30,Female,mc_prob_0_FC_0_4
31,0.0,31,Female,mc_prob_0_FC_0_4
32,0.0,32,Female,mc_prob_0_FC_0_4
33,0.0,33,Female,mc_prob_0_FC_0_4
34,0.0,34,Female,mc_prob_0_FC_0_4
35,0.0,35,Female,mc_prob_0_FC_0_4
36,0.0,36,Female,mc_prob_0_FC_0_4
37,0.0,37,Female,mc_prob_0_FC_0_4
38,0.0,38,Female,mc_prob_0_FC_0_4
39,0.0,39,Female,mc_prob_0_FC_0_4
40,0.0,40,Female,mc_prob_0_FC_0_4
41,0.0,41,Female,mc_prob_0_FC_0_4
42,0.0,42,Female,mc_prob_0_FC_0_4
43,0.0,43,Female,mc_prob_0_FC_0_4
44,0.0,44,Female,mc_prob_0_FC_0_4
45,0.0,45,Female,mc_prob_0_FC_0_4
46,0.0,46,Female,mc_prob_0_FC_0_4
47,0.0,47,Female,mc_prob_0_FC_0_4
48,0.0,48,Female,mc_prob_0_FC_0_4
49,0.0,49,Female,mc_prob_0_FC_0_4
50,0.0,50,Female,mc_prob_0_FC_0_4
51,5000.0,0,Male,mc_prob_0_FC_0_4
52,4357.0,1,Male,mc_prob_0_FC_0_4
53,4282.0,2,Male,mc_prob_0_FC_0_4
54,4250.0,3,Male,mc_prob_0_FC_0_4
55,4194.0,4,Male,mc_prob_0_FC_0_4
56,4172.0,5,Male,mc_prob_0_FC_0_4
57,4065.0,6,Male,mc_prob_0_FC_0_4
58,3980.0,7,Male,mc_prob_0_FC_0_4
59,3830.0,8,Male,mc_prob_0_FC_0_4
60,3785.0,9,Male,mc_prob_0_FC_0_4
61,3590.0,10,Male,mc_prob_0_FC_0_4
62,3698.0,11,Male,mc_prob_0_FC_0_4
63,3610.0,12,Male,mc_prob_0_FC_0_4
64,3630.0,13,Male,mc_prob_0_FC_0_4
65,3466.0,14,Male,mc_prob_0_FC_0_4
66,2916.0,15,Male,mc_prob_0_FC_0_4
67,1842.0,16,Male,mc_prob_0_FC_0_4
68,611.0,17,Male,mc_prob_0_FC_0_4
69,172.0,18,Male,mc_prob_0_FC_0_4
70,32.0,19,Male,mc_prob_0_FC_0_4
71,0.0,20,Male,mc_prob_0_FC_0_4
72,0.0,21,Male,mc_prob_0_FC_0_4
73,0.0,22,Male,mc_prob_0_FC_0_4
74,0.0,23,Male,mc_prob_0_FC_0_4
75,0.0,24,Male,mc_prob_0_FC_0_4
76,0.0,25,Male,mc_prob_0_FC_0_4
77,0.0,26,Male,mc_prob_0_FC_0_4
78,0.0,27,Male,mc_prob_0_FC_0_4
79,0.0,28,Male,mc_prob_0_FC_0_4
80,0.0,29,Male,mc_prob_0_FC_0_4
81,0.0,30,Male,mc_prob_0_FC_0_4
82,0.0,31,Male,mc_prob_0_FC_0_4
83,0.0,32,Male,mc_prob_0_FC_0_4
84,0.0,33,Male,mc_prob_0_FC_0_4
85,0.0,34,Male,mc_prob_0_FC_0_4
86,0.0,35,Male,mc_prob_0_FC_0_4
87,0.0,36,Male,mc_prob_0_FC_0_4
88,0.0,37,Male,mc_prob_0_FC_0_4
89,0.0,38,Male,mc_prob_0_FC_0_4
90,0.0,39,Male,mc_prob_0_FC_0_4
91,0.0,40,Male,mc_prob_0_FC_0_4
92,0.0,41,Male,mc_prob_0_FC_0_4
93,0.0,42,Male,mc_prob_0_FC_0_4
94,0.0,43,Male,mc_prob_0_FC_0_4
95,0.0,44,Male,mc_prob_0_FC_0_4
96,0.0,45,Male,mc_prob_0_FC_0_4
97,0.0,46,Male,mc_prob_0_FC_0_4
98,0.0,47,Male,mc_prob_0_FC_0_4
99,0.0,48,Male,mc_prob_0_FC_0_4
100,0.0,49,Male,mc_prob_0_FC_0_4
101,0.0,50,Male,mc_prob_0_FC_0_4
,Count,Generation,Sex,Run
0,7000.0,0,Female,mc_prob_0_FC_0_5
1,4249.0,1,Female,mc_prob_0_FC_0_5
2,4064.0,2,Female,mc_prob_0_FC_0_5
3,4073.0,3,Female,mc_prob_0_FC_0_5
4,4014.0,4,Female,mc_prob_0_FC_0_5
5,4034.0,5,Female,mc_prob_0_FC_0_5
6,4059.0,6,Female,mc_prob_0_FC_0_5
7,3902.0,7,Female,mc_prob_0_FC_0_5
8,3760.0,8,Female,mc_prob_0_FC_0_5
9,3748.0,9,Female,mc_prob_0_FC_0_5
10,3616.0,10,Female,mc_prob_0_FC_0_5
11,3570.0,11,Female,mc_prob_0_FC_0_5
12,3486.0,12,Female,mc_prob_0_FC_0_5
13,3439.0,13,Female,mc_prob_0_FC_0_5
14,3297.0,14,Female,mc_prob_0_FC_0_5
15,2716.0,15,Female,mc_prob_0_FC_0_5
16,1503.0,16,Female,mc_prob_0_FC_0_5
17,611.0,17,Female,mc_prob_0_FC_0_5
18,56.0,18,Female,mc_prob_0_FC_0_5
19,10.0,19,Female,mc_prob_0_FC_0_5
20,0.0,20,Female,mc_prob_0_FC_0_5
21,0.0,21,Female,mc_prob_0_FC_0_5
22,0.0,22,Female,mc_prob_0_FC_0_5
23,0.0,23,Female,mc_prob_0_FC_0_5
24,0.0,24,Female,mc_prob_0_FC_0_5
25,0.0,25,Female,mc_prob_0_FC_0_5
26,0.0,26,Female,mc_prob_0_FC_0_5
27,0.0,27,Female,mc_prob_0_FC_0_5
28,0.0,28,Female,mc_prob_0_FC_0_5
29,0.0,29,Female,mc_prob_0_FC_0_5
30,0.0,30,Female,mc_prob_0_FC_0_5
31,0.0,31,Female,mc_prob_0_FC_0_5
32,0.0,32,Female,mc_prob_0_FC_0_5
33,0.0,33,Female,mc_prob_0_FC_0_5
34,0.0,34,Female,mc_prob_0_FC_0_5
35,0.0,35,Female,mc_prob_0_FC_0_5
36,0.0,36,Female,mc_prob_0_FC_0_5
37,0.0,37,Female,mc_prob_0_FC_0_5
38,0.0,38,Female,mc_prob_0_FC_0_5
39,0.0,39,Female,mc_prob_0_FC_0_5
40,0.0,40,Female,mc_prob_0_FC_0_5
41,0.0,41,Female,mc_prob_0_FC_0_5
42,0.0,42,Female,mc_prob_0_FC_0_5
43,0.0,43,Female,mc_prob_0_FC_0_5
44,0.0,44,Female,mc_prob_0_FC_0_5
45,0.0,45,Female,mc_prob_0_FC_0_5
46,0.0,46,Female,mc_prob_0_FC_0_5
47,0.0,47,Female,mc_prob_0_FC_0_5
48,0.0,48,Female,mc_prob_0_FC_0_5
49,0.0,49,Female,mc_prob_0_FC_0_5
50,0.0,50,Female,mc_prob_0_FC_0_5
51,5000.0,0,Male,mc_prob_0_FC_0_5
52,4256.0,1,Male,mc_prob_0_FC_0_5
53,4129.0,2,Male,mc_prob_0_FC_0_5
54,4241.0,3,Male,mc_prob_0_FC_0_5
55,4185.0,4,Male,mc_prob_0_FC_0_5
56,4073.0,5,Male,mc_prob_0_FC_0_5
57,4096.0,6,Male,mc_prob_0_FC_0_5
58,3995.0,7,Male,mc_prob_0_FC_0_5
59,3877.0,8,Male,mc_prob_0_FC_0_5
60,3780.0,9,Male,mc_prob_0_FC_0_5
61,3640.0,10,Male,mc_prob_0_FC_0_5
62,3615.0,11,Male,mc_prob_0_FC_0_5
63,3543.0,12,Male,mc_prob_0_FC_0_5
64,3543.0,13,Male,mc_prob_0_FC_0_5
65,3321.0,14,Male,mc_prob_0_FC_0_5
66,2744.0,15,Male,mc_prob_0_FC_0_5
67,1520.0,16,Male,mc_prob_0_FC_0_5
68,611.0,17,Male,mc_prob_0_FC_0_5
69,83.0,18,Male,mc_prob_0_FC_0_5
70,14.0,19,Male,mc_prob_0_FC_0_5
71,0.0,20,Male,mc_prob_0_FC_0_5
72,0.0,21,Male,mc_prob_0_FC_0_5
73,0.0,22,Male,mc_prob_0_FC_0_5
74,0.0,23,Male,mc_prob_0_FC_0_5
75,0.0,24,Male,mc_prob_0_FC_0_5
76,0.0,25,Male,mc_prob_0_FC_0_5
77,0.0,26,Male,mc_prob_0_FC_0_5
78,0.0,27,Male,mc_prob_0_FC_0_5
79,0.0,28,Male,mc_prob_0_FC_0_5
80,0.0,29,Male,mc_prob_0_FC_0_5
81,0.0,30,Male,mc_prob_0_FC_0_5
82,0.0,31,Male,mc_prob_0_FC_0_5
83,0.0,32,Male,mc_prob_0_FC_0_5
84,0.0,33,Male,mc_prob_0_FC_0_5
85,0.0,34,Male,mc_prob_0_FC_0_5
86,0.0,35,Male,mc_prob_0_FC_0_5
87,0.0,36,Male,mc_prob_0_FC_0_5
88,0.0,37,Male,mc_prob_0_FC_0_5
89,0.0,38,Male,mc_prob_0_FC_0_5
90,0.0,39,Male,mc_prob_0_FC_0_5
91,0.0,40,Male,mc_prob_0_FC_0_5
92,0.0,41,Male,mc_prob_0_FC_0_5
93,0.0,42,Male,mc_prob_0_FC_0_5
94,0.0,43,Male,mc_prob_0_FC_0_5
95,0.0,44,Male,mc_prob_0_FC_0_5
96,0.0,45,Male,mc_prob_0_FC_0_5
97,0.0,46,Male,mc_prob_0_FC_0_5
98,0.0,47,Male,mc_prob_0_FC_0_5
99,0.0,48,Male,mc_prob_0_FC_0_5
100,0.0,49,Male,mc_prob_0_FC_0_5
101,0.0,50,Male,mc_prob_0_FC_0_5
,Count,Generation,Sex,Run
0,7000.0,0,Female,mc_prob_0_FC_0_6
1,4385.0,1,Female,mc_prob_0_FC_0_6
2,4194.0,2,Female,mc_prob_0_FC_0_6
3,4184.0,3,Female,mc_prob_0_FC_0_6
4,4060.0,4,Female,mc_prob_0_FC_0_6
5,4078.0,5,Female,mc_prob_0_FC_0_6
6,3969.0,6,Female,mc_prob_0_FC_0_6
7,3945.0,7,Female,mc_prob_0_FC_0_6
8,3831.0,8,Female,mc_prob_0_FC_0_6
9,3780.0,9,Female,mc_prob_0_FC_0_6
10,3557.0,10,Female,mc_prob_0_FC_0_6
11,3576.0,11,Female,mc_prob_0_FC_0_6
12,3512.0,12,Female,mc_prob_0_FC_0_6
13,3513.0,13,Female,mc_prob_0_FC_0_6
14,3543.0,14,Female,mc_prob_0_FC_0_6
15,3136.0,15,Female,mc_prob_0_FC_0_6
16,2248.0,16,Female,mc_prob_0_FC_0_6
17,1315.0,17,Female,mc_prob_0_FC_0_6
18,323.0,18,Female,mc_prob_0_FC_0_6
19,61.0,19,Female,mc_prob_0_FC_0_6
20,0.0,20,Female,mc_prob_0_FC_0_6
21,0.0,21,Female,mc_prob_0_FC_0_6
22,0.0,22,Female,mc_prob_0_FC_0_6
23,0.0,23,Female,mc_prob_0_FC_0_6
24,0.0,24,Female,mc_prob_0_FC_0_6
25,0.0,25,Female,mc_prob_0_FC_0_6
26,0.0,26,Female,mc_prob_0_FC_0_6
27,0.0,27,Female,mc_prob_0_FC_0_6
28,0.0,28,Female,mc_prob_0_FC_0_6
29,0.0,29,Female,mc_prob_0_FC_0_6
30,0.0,30,Female,mc_prob_0_FC_0_6
31,0.0,31,Female,mc_prob_0_FC_0_6
32,0.0,32,Female,mc_prob_0_FC_0_6
33,0.0,33,Female,mc_prob_0_FC_0_6
34,0.0,34,Female,mc_prob_0_FC_0_6
35,0.0,35,Female,mc_prob_0_FC_0_6
36,0.0,36,Female,mc_prob_0_FC_0_6
37,0.0,37,Female,mc_prob_0_FC_0_6
38,0.0,38,Female,mc_prob_0_FC_0_6
39,0.0,39,Female,mc_prob_0_FC_0_6
40,0.0,40,Female,mc_prob_0_FC_0_6
41,0.0,41,Female,mc_prob_0_FC_0_6
42,0.0,42,Female,mc_prob_0_FC_0_6
43,0.0,43,Female,mc_prob_0_FC_0_6
44,0.0,44,Female,mc_prob_0_FC_0_6
45,0.0,45,Female,mc_prob_0_FC_0_6
46,0.0,46,Female,mc_prob_0_FC_0_6
47,0.0,47,Female,mc_prob_0_FC_0_6
48,0.0,48,Female,mc_prob_0_FC_0_6
49,0.0,49,Female,mc_prob_0_FC_0_6
50,0.0,50,Female,mc_prob_0_FC_0_6
51,5000.0,0,Male,mc_prob_0_FC_0_6
52,4385.0,1,Male,mc_prob_0_FC_0_6
53,4244.0,2,Male,mc_prob_0_FC_0_6
54,4207.0,3,Male,mc_prob_0_FC_0_6
55,4154.0,4,Male,mc_prob_0_FC_0_6
56,4117.0,5,Male,mc_prob_0_FC_0_6
57,4069.0,6,Male,mc_prob_0_FC_0_6
58,3982.0,7,Male,mc_prob_0_FC_0_6
59,3832.0,8,Male,mc_prob_0_FC_0_6
60,3912.0,9,Male,mc_prob_0_FC_0_6
61,3616.0,10,Male,mc_prob_0_FC_0_6
62,3591.0,11,Male,mc_prob_0_FC_0_6
63,3542.0,12,Male,mc_prob_0_FC_0_6
64,3540.0,13,Male,mc_prob_0_FC_0_6
65,3547.0,14,Male,mc_prob_0_FC_0_6
66,3209.0,15,Male,mc_prob_0_FC_0_6
67,2248.0,16,Male,mc_prob_0_FC_0_6
68,1318.0,17,Male,mc_prob_0_FC_0_6
69,323.0,18,Male,mc_prob_0_FC_0_6
70,64.0,19,Male,mc_prob_0_FC_0_6
71,0.0,20,Male,mc_prob_0_FC_0_6
72,0.0,21,Male,mc_prob_0_FC_0_6
73,0.0,22,Male,mc_prob_0_FC_0_6
74,0.0,23,Male,mc_prob_0_FC_0_6
75,0.0,24,Male,mc_prob_0_FC_0_6
76,0.0,25,Male,mc_prob_0_FC_0_6
77,0.0,26,Male,mc_prob_0_FC_0_6
78,0.0,27,Male,mc_prob_0_FC_0_6
79,0.0,28,Male,mc_prob_0_FC_0_6
80,0.0,29,Male,mc_prob_0_FC_0_6
81,0.0,30,Male,mc_prob_0_FC_0_6
82,0.0,31,Male,mc_prob_0_FC_0_6
83,0.0,32,Male,mc_prob_0_FC_0_6
84,0.0,33,Male,mc_prob_0_FC_0_6
85,0.0,34,Male,mc_prob_0_FC_0_6
86,0.0,35,Male,mc_prob_0_FC_0_6
87,0.0,36,Male,mc_prob_0_FC_0_6
88,0.0,37,Male,mc_prob_0_FC_0_6
89,0.0,38,Male,mc_prob_0_FC_0_6
90,0.0,39,Male,mc_prob_0_FC_0_6
91,0.0,40,Male,mc_prob_0_FC_0_6
92,0.0,41,Male,mc_prob_0_FC_0_6
93,0.0,42,Male,mc_prob_0_FC_0_6
94,0.0,43,Male,mc_prob_0_FC_0_6
95,0.0,44,Male,mc_prob_0_FC_0_6
96,0.0,45,Male,mc_prob_0_FC_0_6
97,0.0,46,Male,mc_prob_0_FC_0_6
98,0.0,47,Male,mc_prob_0_FC_0_6
99,0.0,48,Male,mc_prob_0_FC_0_6
100,0.0,49,Male,mc_prob_0_FC_0_6
101,0.0,50,Male,mc_prob_0_FC_0_6
,Count,Generation,Sex,Run
0,7000.0,0,Female,mc_prob_0_FC_0_7
1,4268.0,1,Female,mc_prob_0_FC_0_7
2,4281.0,2,Female,mc_prob_0_FC_0_7
3,4177.0,3,Female,mc_prob_0_FC_0_7
4,4120.0,4,Female,mc_prob_0_FC_0_7
5,4146.0,5,Female,mc_prob_0_FC_0_7
6,4120.0,6,Female,mc_prob_0_FC_0_7
7,3839.0,7,Female,mc_prob_0_FC_0_7
8,3969.0,8,Female,mc_prob_0_FC_0_7
9,3814.0,9,Female,mc_prob_0_FC_0_7
10,3723.0,10,Female,mc_prob_0_FC_0_7
11,3570.0,11,Female,mc_prob_0_FC_0_7
12,3537.0,12,Female,mc_prob_0_FC_0_7
13,3492.0,13,Female,mc_prob_0_FC_0_7
14,3505.0,14,Female,mc_prob_0_FC_0_7
15,3272.0,15,Female,mc_prob_0_FC_0_7
16,2489.0,16,Female,mc_prob_0_FC_0_7
17,1709.0,17,Female,mc_prob_0_FC_0_7
18,625.0,18,Female,mc_prob_0_FC_0_7
19,139.0,19,Female,mc_prob_0_FC_0_7
20,29.0,20,Female,mc_prob_0_FC_0_7
21,0.0,21,Female,mc_prob_0_FC_0_7
22,0.0,22,Female,mc_prob_0_FC_0_7
23,0.0,23,Female,mc_prob_0_FC_0_7
24,0.0,24,Female,mc_prob_0_FC_0_7
25,0.0,25,Female,mc_prob_0_FC_0_7
26,0.0,26,Female,mc_prob_0_FC_0_7
27,0.0,27,Female,mc_prob_0_FC_0_7
28,0.0,28,Female,mc_prob_0_FC_0_7
29,0.0,29,Female,mc_prob_0_FC_0_7
30,0.0,30,Female,mc_prob_0_FC_0_7
31,0.0,31,Female,mc_prob_0_FC_0_7
32,0.0,32,Female,mc_prob_0_FC_0_7
33,0.0,33,Female,mc_prob_0_FC_0_7
34,0.0,34,Female,mc_prob_0_FC_0_7
35,0.0,35,Female,mc_prob_0_FC_0_7
36,0.0,36,Female,mc_prob_0_FC_0_7
37,0.0,37,Female,mc_prob_0_FC_0_7
38,0.0,38,Female,mc_prob_0_FC_0_7
39,0.0,39,Female,mc_prob_0_FC_0_7
40,0.0,40,Female,mc_prob_0_FC_0_7
41,0.0,41,Female,mc_prob_0_FC_0_7
42,0.0,42,Female,mc_prob_0_FC_0_7
43,0.0,43,Female,mc_prob_0_FC_0_7
44,0.0,44,Female,mc_prob_0_FC_0_7
45,0.0,45,Female,mc_prob_0_FC_0_7
46,0.0,46,Female,mc_prob_0_FC_0_7
47,0.0,47,Female,mc_prob_0_FC_0_7
48,0.0,48,Female,mc_prob_0_FC_0_7
49,0.0,49,Female,mc_prob_0_FC_0_7
50,0.0,50,Female,mc_prob_0_FC_0_7
51,5000.0,0,Male,mc_prob_0_FC_0_7
52,4450.0,1,Male,mc_prob_0_FC_0_7
53,4391.0,2,Male,mc_prob_0_FC_0_7
54,4233.0,3,Male,mc_prob_0_FC_0_7
55,4135.0,4,Male,mc_prob_0_FC_0_7
56,4192.0,5,Male,mc_prob_0_FC_0_7
57,4140.0,6,Male,mc_prob_0_FC_0_7
58,3889.0,7,Male,mc_prob_0_FC_0_7
59,3999.0,8,Male,mc_prob_0_FC_0_7
60,3874.0,9,Male,mc_prob_0_FC_0_7
61,3769.0,10,Male,mc_prob_0_FC_0_7
62,3609.0,11,Male,mc_prob_0_FC_0_7
63,3537.0,12,Male,mc_prob_0_FC_0_7
64,3573.0,13,Male,mc_prob_0_FC_0_7
65,3557.0,14,Male,mc_prob_0_FC_0_7
66,3338.0,15,Male,mc_prob_0_FC_0_7
67,2560.0,16,Male,mc_prob_0_FC_0_7
68,1743.0,17,Male,mc_prob_0_FC_0_7
69,638.0,18,Male,mc_prob_0_FC_0_7
70,146.0,19,Male,mc_prob_0_FC_0_7
71,30.0,20,Male,mc_prob_0_FC_0_7
72,0.0,21,Male,mc_prob_0_FC_0_7
73,0.0,22,Male,mc_prob_0_FC_0_7
74,0.0,23,Male,mc_prob_0_FC_0_7
75,0.0,24,Male,mc_prob_0_FC_0_7
76,0.0,25,Male,mc_prob_0_FC_0_7
77,0.0,26,Male,mc_prob_0_FC_0_7
78,0.0,27,Male,mc_prob_0_FC_0_7
79,0.0,28,Male,mc_prob_0_FC_0_7
80,0.0,29,Male,mc_prob_0_FC_0_7
81,0.0,30,Male,mc_prob_0_FC_0_7
82,0.0,31,Male,mc_prob_0_FC_0_7
83,0.0,32,Male,mc_prob_0_FC_0_7
84,0.0,33,Male,mc_prob_0_FC_0_7
85,0.0,34,Male,mc_prob_0_FC_0_7
86,0.0,35,Male,mc_prob_0_FC_0_7
87,0.0,36,Male,mc_prob_0_FC_0_7
88,0.0,37,Male,mc_prob_0_FC_0_7
89,0.0,38,Male,mc_prob_0_FC_0_7
90,0.0,39,Male,mc_prob_0_FC_0_7
91,0.0,40,Male,mc_prob_0_FC_0_7
92,0.0,41,Male,mc_prob_0_FC_0_7
93,0.0,42,Male,mc_prob_0_FC_0_7
94,0.0,43,Male,mc_prob_0_FC_0_7
95,0.0,44,Male,mc_prob_0_FC_0_7
96,0.0,45,Male,mc_prob_0_FC_0_7
97,0.0,46,Male,mc_prob_0_FC_0_7
98,0.0,47,Male,mc_prob_0_FC_0_7
99,0.0,48,Male,mc_prob_0_FC_0_7
100,0.0,49,Male,mc_prob_0_FC_0_7
101,0.0,50,Male,mc_prob_0_FC_0_7
,Count,Generation,Sex,Run
0,7000.0,0,Female,mc_prob_0_FC_0_8
1,4254.0,1,Female,mc_prob_0_FC_0_8
2,4034.0,2,Female,mc_prob_0_FC_0_8
3,4011.0,3,Female,mc_prob_0_FC_0_8
4,4051.0,4,Female,mc_prob_0_FC_0_8
5,4020.0,5,Female,mc_prob_0_FC_0_8
6,3949.0,6,Female,mc_prob_0_FC_0_8
7,4008.0,7,Female,mc_prob_0_FC_0_8
8,3948.0,8,Female,mc_prob_0_FC_0_8
9,3759.0,9,Female,mc_prob_0_FC_0_8
10,3657.0,10,Female,mc_prob_0_FC_0_8
11,3518.0,11,Female,mc_prob_0_FC_0_8
12,3426.0,12,Female,mc_prob_0_FC_0_8
13,3433.0,13,Female,mc_prob_0_FC_0_8
14,3547.0,14,Female,mc_prob_0_FC_0_8
15,3274.0,15,Female,mc_prob_0_FC_0_8
16,2290.0,16,Female,mc_prob_0_FC_0_8
17,1086.0,17,Female,mc_prob_0_FC_0_8
18,186.0,18,Female,mc_prob_0_FC_0_8
19,32.0,19,Female,mc_prob_0_FC_0_8
20,11.0,20,Female,mc_prob_0_FC_0_8
21,6.0,21,Female,mc_prob_0_FC_0_8
22,0.0,22,Female,mc_prob_0_FC_0_8
23,0.0,23,Female,mc_prob_0_FC_0_8
24,0.0,24,Female,mc_prob_0_FC_0_8
25,0.0,25,Female,mc_prob_0_FC_0_8
26,0.0,26,Female,mc_prob_0_FC_0_8
27,0.0,27,Female,mc_prob_0_FC_0_8
28,0.0,28,Female,mc_prob_0_FC_0_8
29,0.0,29,Female,mc_prob_0_FC_0_8
30,0.0,30,Female,mc_prob_0_FC_0_8
31,0.0,31,Female,mc_prob_0_FC_0_8
32,0.0,32,Female,mc_prob_0_FC_0_8
33,0.0,33,Female,mc_prob_0_FC_0_8
34,0.0,34,Female,mc_prob_0_FC_0_8
35,0.0,35,Female,mc_prob_0_FC_0_8
36,0.0,36,Female,mc_prob_0_FC_0_8
37,0.0,37,Female,mc_prob_0_FC_0_8
38,0.0,38,Female,mc_prob_0_FC_0_8
39,0.0,39,Female,mc_prob_0_FC_0_8
40,0.0,40,Female,mc_prob_0_FC_0_8
41,0.0,41,Female,mc_prob_0_FC_0_8
42,0.0,42,Female,mc_prob_0_FC_0_8
43,0.0,43,Female,mc_prob_0_FC_0_8
44,0.0,44,Female,mc_prob_0_FC_0_8
45,0.0,45,Female,mc_prob_0_FC_0_8
46,0.0,46,Female,mc_prob_0_FC_0_8
47,0.0,47,Female,mc_prob_0_FC_0_8
48,0.0,48,Female,mc_prob_0_FC_0_8
49,0.0,49,Female,mc_prob_0_FC_0_8
50,0.0,50,Female,mc_prob_0_FC_0_8
51,5000.0,0,Male,mc_prob_0_FC_0_8
52,4261.0,1,Male,mc_prob_0_FC_0_8
53,4186.0,2,Male,mc_prob_0_FC_0_8
54,4069.0,3,Male,mc_prob_0_FC_0_8
55,4084.0,4,Male,mc_prob_0_FC_0_8
56,4127.0,5,Male,mc_prob_0_FC_0_8
57,3994.0,6,Male,mc_prob_0_FC_0_8
58,4012.0,7,Male,mc_prob_0_FC_0_8
59,4007.0,8,Male,mc_prob_0_FC_0_8
60,3811.0,9,Male,mc_prob_0_FC_0_8
61,3789.0,10,Male,mc_prob_0_FC_0_8
62,3571.0,11,Male,mc_prob_0_FC_0_8
63,3464.0,12,Male,mc_prob_0_FC_0_8
64,3524.0,13,Male,mc_prob_0_FC_0_8
65,3572.0,14,Male,mc_prob_0_FC_0_8
66,3293.0,15,Male,mc_prob_0_FC_0_8
67,2380.0,16,Male,mc_prob_0_FC_0_8
68,1109.0,17,Male,mc_prob_0_FC_0_8
69,190.0,18,Male,mc_prob_0_FC_0_8
70,38.0,19,Male,mc_prob_0_FC_0_8
71,11.0,20,Male,mc_prob_0_FC_0_8
72,7.0,21,Male,mc_prob_0_FC_0_8
73,0.0,22,Male,mc_prob_0_FC_0_8
74,0.0,23,Male,mc_prob_0_FC_0_8
75,0.0,24,Male,mc_prob_0_FC_0_8
76,0.0,25,Male,mc_prob_0_FC_0_8
77,0.0,26,Male,mc_prob_0_FC_0_8
78,0.0,27,Male,mc_prob_0_FC_0_8
79,0.0,28,Male,mc_prob_0_FC_0_8
80,0.0,29,Male,mc_prob_0_FC_0_8
81,0.0,30,Male,mc_prob_0_FC_0_8
82,0.0,31,Male,mc_prob_0_FC_0_8
83,0.0,32,Male,mc_prob_0_FC_0_8
84,0.0,33,Male,mc_prob_0_FC_0_8
85,0.0,34,Male,mc_prob_0_FC_0_8
86,0.0,35,Male,mc_prob_0_FC_0_8
87,0.0,36,Male,mc_prob_0_FC_0_8
88,0.0,37,Male,mc_prob_0_FC_0_8
89,0.0,38,Male,mc_prob_0_FC_0_8
90,0.0,39,Male,mc_prob_0_FC_0_8
91,0.0,40,Male,mc_prob_0_FC_0_8
92,0.0,41,Male,mc_prob_0_FC_0_8
93,0.0,42,Male,mc_prob_0_FC_0_8
94,0.0,43,Male,mc_prob_0_FC_0_8
95,0.0,44,Male,mc_prob_0_FC_0_8
96,0.0,45,Male,mc_prob_0_FC_0_8
97,0.0,46,Male,mc_prob_0_FC_0_8
98,0.0,47,Male,mc_prob_0_FC_0_8
99,0.0,48,Male,mc_prob_0_FC_0_8
100,0.0,49,Male,mc_prob_0_FC_0_8
101,0.0,50,Male,mc_prob_0_FC_0_8
,Count,Generation,Sex,Run
0,7000.0,0,Female,mc_prob_0_FC_0_9
1,4232.0,1,Female,mc_prob_0_FC_0_9
2,4211.0,2,Female,mc_prob_0_FC_0_9
3,4155.0,3,Female,mc_prob_0_FC_0_9
4,4144.0,4,Female,mc_prob_0_FC_0_9
5,4066.0,5,Female,mc_prob_0_FC_0_9
6,4118.0,6,Female,mc_prob_0_FC_0_9
7,3904.0,7,Female,mc_prob_0_FC_0_9
8,3691.0,8,Female,mc_prob_0_FC_0_9
9,3677.0,9,Female,mc_prob_0_FC_0_9
10,3713.0,10,Female,mc_prob_0_FC_0_9
11,3555.0,11,Female,mc_prob_0_FC_0_9
12,3486.0,12,Female,mc_prob_0_FC_0_9
13,3461.0,13,Female,mc_prob_0_FC_0_9
14,3516.0,14,Female,mc_prob_0_FC_0_9
15,3359.0,15,Female,mc_prob_0_FC_0_9
16,2429.0,16,Female,mc_prob_0_FC_0_9
17,1323.0,17,Female,mc_prob_0_FC_0_9
18,465.0,18,Female,mc_prob_0_FC_0_9
19,95.0,19,Female,mc_prob_0_FC_0_9
20,45.0,20,Female,mc_prob_0_FC_0_9
21,0.0,21,Female,mc_prob_0_FC_0_9
22,0.0,22,Female,mc_prob_0_FC_0_9
23,0.0,23,Female,mc_prob_0_FC_0_9
24,0.0,24,Female,mc_prob_0_FC_0_9
25,0.0,25,Female,mc_prob_0_FC_0_9
26,0.0,26,Female,mc_prob_0_FC_0_9
27,0.0,27,Female,mc_prob_0_FC_0_9
28,0.0,28,Female,mc_prob_0_FC_0_9
29,0.0,29,Female,mc_prob_0_FC_0_9
30,0.0,30,Female,mc_prob_0_FC_0_9
31,0.0,31,Female,mc_prob_0_FC_0_9
32,0.0,32,Female,mc_prob_0_FC_0_9
33,0.0,33,Female,mc_prob_0_FC_0_9
34,0.0,34,Female,mc_prob_0_FC_0_9
35,0.0,35,Female,mc_prob_0_FC_0_9
36,0.0,36,Female,mc_prob_0_FC_0_9
37,0.0,37,Female,mc_prob_0_FC_0_9
38,0.0,38,Female,mc_prob_0_FC_0_9
39,0.0,39,Female,mc_prob_0_FC_0_9
40,0.0,40,Female,mc_prob_0_FC_0_9
41,0.0,41,Female,mc_prob_0_FC_0_9
42,0.0,42,Female,mc_prob_0_FC_0_9
43,0.0,43,Female,mc_prob_0_FC_0_9
44,0.0,44,Female,mc_prob_0_FC_0_9
45,0.0,45,Female,mc_prob_0_FC_0_9
46,0.0,46,Female,mc_prob_0_FC_0_9
47,0.0,47,Female,mc_prob_0_FC_0_9
48,0.0,48,Female,mc_prob_0_FC_0_9
49,0.0,49,Female,mc_prob_0_FC_0_9
50,0.0,50,Female,mc_prob_0_FC_0_9
51,5000.0,0,Male,mc_prob_0_FC_0_9
52,4255.0,1,Male,mc_prob_0_FC_0_9
53,4227.0,2,Male,mc_prob_0_FC_0_9
54,4181.0,3,Male,mc_prob_0_FC_0_9
55,4233.0,4,Male,mc_prob_0_FC_0_9
56,4072.0,5,Male,mc_prob_0_FC_0_9
57,4119.0,6,Male,mc_prob_0_FC_0_9
58,3982.0,7,Male,mc_prob_0_FC_0_9
59,3878.0,8,Male,mc_prob_0_FC_0_9
60,3678.0,9,Male,mc_prob_0_FC_0_9
61,3772.0,10,Male,mc_prob_0_FC_0_9
62,3612.0,11,Male,mc_prob_0_FC_0_9
63,3500.0,12,Male,mc_prob_0_FC_0_9
64,3566.0,13,Male,mc_prob_0_FC_0_9
65,3519.0,14,Male,mc_prob_0_FC_0_9
66,3383.0,15,Male,mc_prob_0_FC_0_9
67,2456.0,16,Male,mc_prob_0_FC_0_9
68,1396.0,17,Male,mc_prob_0_FC_0_9
69,539.0,18,Male,mc_prob_0_FC_0_9
70,116.0,19,Male,mc_prob_0_FC_0_9
71,53.0,20,Male,mc_prob_0_FC_0_9
72,0.0,21,Male,mc_prob_0_FC_0_9
73,0.0,22,Male,mc_prob_0_FC_0_9
74,0.0,23,Male,mc_prob_0_FC_0_9
75,0.0,24,Male,mc_prob_0_FC_0_9
76,0.0,25,Male,mc_prob_0_FC_0_9
77,0.0,26,Male,mc_prob_0_FC_0_9
78,0.0,27,Male,mc_prob_0_FC_0_9
79,0.0,28,Male,mc_prob_0_FC_0_9
80,0.0,29,Male,mc_prob_0_FC_0_9
81,0.0,30,Male,mc_prob_0_FC_0_9
82,0.0,31,Male,mc_prob_0_FC_0_9
83,0.0,32,Male,mc_prob_0_FC_0_9
84,0.0,33,Male,mc_prob_0_FC_0_9
85,0.0,34,Male,mc_prob_0_FC_0_9
86,0.0,35,Male,mc_prob_0_FC_0_9
87,0.0,36,Male,mc_prob_0_FC_0_9
88,0.0,37,Male,mc_prob_0_FC_0_9
89,0.0,38,Male,mc_prob_0_FC_0_9
90,0.0,39,Male,mc_prob_0_FC_0_9
91,0.0,40,Male,mc_prob_0_FC_0_9
92,0.0,41,Male,mc_prob_0_FC_0_9
93,0.0,42,Male,mc_prob_0_FC_0_9
94,0.0,43,Male,mc_prob_0_FC_0_9
95,0.0,44,Male,mc_prob_0_FC_0_9
96,0.0,45,Male,mc_prob_0_FC_0_9
97,0.0,46,Male,mc_prob_0_FC_0_9
98,0.0,47,Male,mc_prob_0_FC_0_9
99,0.0,48,Male,mc_prob_0_FC_0_9
100,0.0,49,Male,mc_prob_0_FC_0_9
101,0.0,50,Male,mc_prob_0_FC_0_9
,Count,Generation,Sex,Run
0,7000.0,0,Female,mc_prob_0_FC_0_10
1,4226.0,1,Female,mc_prob_0_FC_0_10
2,4211.0,2,Female,mc_prob_0_FC_0_10
3,4287.0,3,Female,mc_prob_0_FC_0_10
4,4162.0,4,Female,mc_prob_0_FC_0_10
5,4079.0,5,Female,mc_prob_0_FC_0_10
6,3924.0,6,Female,mc_prob_0_FC_0_10
7,3837.0,7,Female,mc_prob_0_FC_0_10
8,3773.0,8,Female,mc_prob_0_FC_0_10
9,3898.0,9,Female,mc_prob_0_FC_0_10
10,3770.0,10,Female,mc_prob_0_FC_0_10
11,3672.0,11,Female,mc_prob_0_FC_0_10
12,3631.0,12,Female,mc_prob_0_FC_0_10
13,3616.0,13,Female,mc_prob_0_FC_0_10
14,3615.0,14,Female,mc_prob_0_FC_0_10
15,3480.0,15,Female,mc_prob_0_FC_0_10
16,3446.0,16,Female,mc_prob_0_FC_0_10
17,2782.0,17,Female,mc_prob_0_FC_0_10
18,1606.0,18,Female,mc_prob_0_FC_0_10
19,320.0,19,Female,mc_prob_0_FC_0_10
20,123.0,20,Female,mc_prob_0_FC_0_10
21,7.0,21,Female,mc_prob_0_FC_0_10
22,0.0,22,Female,mc_prob_0_FC_0_10
23,0.0,23,Female,mc_prob_0_FC_0_10
24,0.0,24,Female,mc_prob_0_FC_0_10
25,0.0,25,Female,mc_prob_0_FC_0_10
26,0.0,26,Female,mc_prob_0_FC_0_10
27,0.0,27,Female,mc_prob_0_FC_0_10
28,0.0,28,Female,mc_prob_0_FC_0_10
29,0.0,29,Female,mc_prob_0_FC_0_10
30,0.0,30,Female,mc_prob_0_FC_0_10
31,0.0,31,Female,mc_prob_0_FC_0_10
32,0.0,32,Female,mc_prob_0_FC_0_10
33,0.0,33,Female,mc_prob_0_FC_0_10
34,0.0,34,Female,mc_prob_0_FC_0_10
35,0.0,35,Female,mc_prob_0_FC_0_10
36,0.0,36,Female,mc_prob_0_FC_0_10
37,0.0,37,Female,mc_prob_0_FC_0_10
38,0.0,38,Female,mc_prob_0_FC_0_10
39,0.0,39,Female,mc_prob_0_FC_0_10
40,0.0,40,Female,mc_prob_0_FC_0_10
41,0.0,41,Female,mc_prob_0_FC_0_10
42,0.0,42,Female,mc_prob_0_FC_0_10
43,0.0,43,Female,mc_prob_0_FC_0_10
44,0.0,44,Female,mc_prob_0_FC_0_10
45,0.0,45,Female,mc_prob_0_FC_0_10
46,0.0,46,Female,mc_prob_0_FC_0_10
47,0.0,47,Female,mc_prob_0_FC_0_10
48,0.0,48,Female,mc_prob_0_FC_0_10
49,0.0,49,Female,mc_prob_0_FC_0_10
50,0.0,50,Female,mc_prob_0_FC_0_10
51,5000.0,0,Male,mc_prob_0_FC_0_10
52,4269.0,1,Male,mc_prob_0_FC_0_10
53,4249.0,2,Male,mc_prob_0_FC_0_10
54,4312.0,3,Male,mc_prob_0_FC_0_10
55,4225.0,4,Male,mc_prob_0_FC_0_10
56,4141.0,5,Male,mc_prob_0_FC_0_10
57,4097.0,6,Male,mc_prob_0_FC_0_10
58,3944.0,7,Male,mc_prob_0_FC_0_10
59,3809.0,8,Male,mc_prob_0_FC_0_10
60,3974.0,9,Male,mc_prob_0_FC_0_10
61,3886.0,10,Male,mc_prob_0_FC_0_10
62,3694.0,11,Male,mc_prob_0_FC_0_10
63,3731.0,12,Male,mc_prob_0_FC_0_10
64,3619.0,13,Male,mc_prob_0_FC_0_10
65,3622.0,14,Male,mc_prob_0_FC_0_10
66,3516.0,15,Male,mc_prob_0_FC_0_10
67,3482.0,16,Male,mc_prob_0_FC_0_10
68,2899.0,17,Male,mc_prob_0_FC_0_10
69,1707.0,18,Male,mc_prob_0_FC_0_10
70,358.0,19,Male,mc_prob_0_FC_0_10
71,124.0,20,Male,mc_prob_0_FC_0_10
72,12.0,21,Male,mc_prob_0_FC_0_10
73,0.0,22,Male,mc_prob_0_FC_0_10
74,0.0,23,Male,mc_prob_0_FC_0_10
75,0.0,24,Male,mc_prob_0_FC_0_10
76,0.0,25,Male,mc_prob_0_FC_0_10
77,0.0,26,Male,mc_prob_0_FC_0_10
78,0.0,27,Male,mc_prob_0_FC_0_10
79,0.0,28,Male,mc_prob_0_FC_0_10
80,0.0,29,Male,mc_prob_0_FC_0_10
81,0.0,30,Male,mc_prob_0_FC_0_10
82,0.0,31,Male,mc_prob_0_FC_0_10
83,0.0,32,Male,mc_prob_0_FC_0_10
84,0.0,33,Male,mc_prob_0_FC_0_10
85,0.0,34,Male,mc_prob_0_FC_0_10
86,0.0,35,Male,mc_prob_0_FC_0_10
87,0.0,36,Male,mc_prob_0_FC_0_10
88,0.0,37,Male,mc_prob_0_FC_0_10
89,0.0,38,Male,mc_prob_0_FC_0_10
90,0.0,39,Male,mc_prob_0_FC_0_10
91,0.0,40,Male,mc_prob_0_FC_0_10
92,0.0,41,Male,mc_prob_0_FC_0_10
93,0.0,42,Male,mc_prob_0_FC_0_10
94,0.0,43,Male,mc_prob_0_FC_0_10
95,0.0,44,Male,mc_prob_0_FC_0_10
96,0.0,45,Male,mc_prob_0_FC_0_10
97,0.0,46,Male,mc_prob_0_FC_0_10
98,0.0,47,Male,mc_prob_0_FC_0_10
99,0.0,48,Male,mc_prob_0_FC_0_10
100,0.0,49,Male,mc_prob_0_FC_0_10
101,0.0,50,Male,mc_prob_0_FC_0_10
,Count,Generation,Sex,Run
0,7000.0,0,Female,mc_prob_0_FC_0.05_1
1,4171.0,1,Female,mc_prob_0_FC_0.05_1
2,4121.0,2,Female,mc_prob_0_FC_0.05_1
3,4304.0,3,Female,mc_prob_0_FC_0.05_1
4,4071.0,4,Female,mc_prob_0_FC_0.05_1
5,4096.0,5,Female,mc_prob_0_FC_0.05_1
6,4025.0,6,Female,mc_prob_0_FC_0.05_1
7,4078.0,7,Female,mc_prob_0_FC_0.05_1
8,3996.0,8,Female,mc_prob_0_FC_0.05_1
9,3881.0,9,Female,mc_prob_0_FC_0.05_1
10,4038.0,10,Female,mc_prob_0_FC_0.05_1
11,4031.0,11,Female,mc_prob_0_FC_0.05_1
12,3873.0,12,Female,mc_prob_0_FC_0.05_1
13,3839.0,13,Female,mc_prob_0_FC_0.05_1
14,3770.0,14,Female,mc_prob_0_FC_0.05_1
15,3715.0,15,Female,mc_prob_0_FC_0.05_1
16,3677.0,16,Female,mc_prob_0_FC_0.05_1
17,3585.0,17,Female,mc_prob_0_FC_0.05_1
18,3498.0,18,Female,mc_prob_0_FC_0.05_1
19,3538.0,19,Female,mc_prob_0_FC_0.05_1
20,3419.0,20,Female,mc_prob_0_FC_0.05_1
21,3359.0,21,Female,mc_prob_0_FC_0.05_1
22,3315.0,22,Female,mc_prob_0_FC_0.05_1
23,2840.0,23,Female,mc_prob_0_FC_0.05_1
24,1871.0,24,Female,mc_prob_0_FC_0.05_1
25,993.0,25,Female,mc_prob_0_FC_0.05_1
26,393.0,26,Female,mc_prob_0_FC_0.05_1
27,62.0,27,Female,mc_prob_0_FC_0.05_1
28,17.0,28,Female,mc_prob_0_FC_0.05_1
29,0.0,29,Female,mc_prob_0_FC_0.05_1
30,0.0,30,Female,mc_prob_0_FC_0.05_1
31,0.0,31,Female,mc_prob_0_FC_0.05_1
32,0.0,32,Female,mc_prob_0_FC_0.05_1
33,0.0,33,Female,mc_prob_0_FC_0.05_1
34,0.0,34,Female,mc_prob_0_FC_0.05_1
35,0.0,35,Female,mc_prob_0_FC_0.05_1
36,0.0,36,Female,mc_prob_0_FC_0.05_1
37,0.0,37,Female,mc_prob_0_FC_0.05_1
38,0.0,38,Female,mc_prob_0_FC_0.05_1
39,0.0,39,Female,mc_prob_0_FC_0.05_1
40,0.0,40,Female,mc_prob_0_FC_0.05_1
41,0.0,41,Female,mc_prob_0_FC_0.05_1
42,0.0,42,Female,mc_prob_0_FC_0.05_1
43,0.0,43,Female,mc_prob_0_FC_0.05_1
44,0.0,44,Female,mc_prob_0_FC_0.05_1
45,0.0,45,Female,mc_prob_0_FC_0.05_1
46,0.0,46,Female,mc_prob_0_FC_0.05_1
47,0.0,47,Female,mc_prob_0_FC_0.05_1
48,0.0,48,Female,mc_prob_0_FC_0.05_1
49,0.0,49,Female,mc_prob_0_FC_0.05_1
50,0.0,50,Female,mc_prob_0_FC_0.05_1
51,5000.0,0,Male,mc_prob_0_FC_0.05_1
52,4253.0,1,Male,mc_prob_0_FC_0.05_1
53,4195.0,2,Male,mc_prob_0_FC_0.05_1
54,4375.0,3,Male,mc_prob_0_FC_0.05_1
55,4204.0,4,Male,mc_prob_0_FC_0.05_1
56,4197.0,5,Male,mc_prob_0_FC_0.05_1
57,4121.0,6,Male,mc_prob_0_FC_0.05_1
58,4170.0,7,Male,mc_prob_0_FC_0.05_1
59,4133.0,8,Male,mc_prob_0_FC_0.05_1
60,3895.0,9,Male,mc_prob_0_FC_0.05_1
61,4092.0,10,Male,mc_prob_0_FC_0.05_1
62,4043.0,11,Male,mc_prob_0_FC_0.05_1
63,3876.0,12,Male,mc_prob_0_FC_0.05_1
64,3926.0,13,Male,mc_prob_0_FC_0.05_1
65,3797.0,14,Male,mc_prob_0_FC_0.05_1
66,3729.0,15,Male,mc_prob_0_FC_0.05_1
67,3713.0,16,Male,mc_prob_0_FC_0.05_1
68,3590.0,17,Male,mc_prob_0_FC_0.05_1
69,3522.0,18,Male,mc_prob_0_FC_0.05_1
70,3577.0,19,Male,mc_prob_0_FC_0.05_1
71,3466.0,20,Male,mc_prob_0_FC_0.05_1
72,3497.0,21,Male,mc_prob_0_FC_0.05_1
73,3347.0,22,Male,mc_prob_0_FC_0.05_1
74,2870.0,23,Male,mc_prob_0_FC_0.05_1
75,1922.0,24,Male,mc_prob_0_FC_0.05_1
76,1013.0,25,Male,mc_prob_0_FC_0.05_1
77,406.0,26,Male,mc_prob_0_FC_0.05_1
78,62.0,27,Male,mc_prob_0_FC_0.05_1
79,21.0,28,Male,mc_prob_0_FC_0.05_1
80,0.0,29,Male,mc_prob_0_FC_0.05_1
81,0.0,30,Male,mc_prob_0_FC_0.05_1
82,0.0,31,Male,mc_prob_0_FC_0.05_1
83,0.0,32,Male,mc_prob_0_FC_0.05_1
84,0.0,33,Male,mc_prob_0_FC_0.05_1
85,0.0,34,Male,mc_prob_0_FC_0.05_1
86,0.0,35,Male,mc_prob_0_FC_0.05_1
87,0.0,36,Male,mc_prob_0_FC_0.05_1
88,0.0,37,Male,mc_prob_0_FC_0.05_1
89,0.0,38,Male,mc_prob_0_FC_0.05_1
90,0.0,39,Male,mc_prob_0_FC_0.05_1
91,0.0,40,Male,mc_prob_0_FC_0.05_1
92,0.0,41,Male,mc_prob_0_FC_0.05_1
93,0.0,42,Male,mc_prob_0_FC_0.05_1
94,0.0,43,Male,mc_prob_0_FC_0.05_1
95,0.0,44,Male,mc_prob_0_FC_0.05_1
96,0.0,45,Male,mc_prob_0_FC_0.05_1
97,0.0,46,Male,mc_prob_0_FC_0.05_1
98,0.0,47,Male,mc_prob_0_FC_0.05_1
99,0.0,48,Male,mc_prob_0_FC_0.05_1
100,0.0,49,Male,mc_prob_0_FC_0.05_1
101,0.0,50,Male,mc_prob_0_FC_0.05_1
,Count,Generation,Sex,Run
0,7000.0,0,Female,mc_prob_0_FC_0.05_2
1,4190.0,1,Female,mc_prob_0_FC_0.05_2
2,4077.0,2,Female,mc_prob_0_FC_0.05_2
3,4016.0,3,Female,mc_prob_0_FC_0.05_2
4,4227.0,4,Female,mc_prob_0_FC_0.05_2
5,4149.0,5,Female,mc_prob_0_FC_0.05_2
6,4069.0,6,Female,mc_prob_0_FC_0.05_2
7,3946.0,7,Female,mc_prob_0_FC_0.05_2
8,3945.0,8,Female,mc_prob_0_FC_0.05_2
9,4037.0,9,Female,mc_prob_0_FC_0.05_2
10,3818.0,10,Female,mc_prob_0_FC_0.05_2
11,3709.0,11,Female,mc_prob_0_FC_0.05_2
12,3759.0,12,Female,mc_prob_0_FC_0.05_2
13,3765.0,13,Female,mc_prob_0_FC_0.05_2
14,3644.0,14,Female,mc_prob_0_FC_0.05_2
15,3645.0,15,Female,mc_prob_0_FC_0.05_2
16,3340.0,16,Female,mc_prob_0_FC_0.05_2
17,3288.0,17,Female,mc_prob_0_FC_0.05_2
18,3432.0,18,Female,mc_prob_0_FC_0.05_2
19,3428.0,19,Female,mc_prob_0_FC_0.05_2
20,3129.0,20,Female,mc_prob_0_FC_0.05_2
21,2834.0,21,Female,mc_prob_0_FC_0.05_2
22,1873.0,22,Female,mc_prob_0_FC_0.05_2
23,842.0,23,Female,mc_prob_0_FC_0.05_2
24,323.0,24,Female,mc_prob_0_FC_0.05_2
25,67.0,25,Female,mc_prob_0_FC_0.05_2
26,22.0,26,Female,mc_prob_0_FC_0.05_2
27,0.0,27,Female,mc_prob_0_FC_0.05_2
28,0.0,28,Female,mc_prob_0_FC_0.05_2
29,0.0,29,Female,mc_prob_0_FC_0.05_2
30,0.0,30,Female,mc_prob_0_FC_0.05_2
31,0.0,31,Female,mc_prob_0_FC_0.05_2
32,0.0,32,Female,mc_prob_0_FC_0.05_2
33,0.0,33,Female,mc_prob_0_FC_0.05_2
34,0.0,34,Female,mc_prob_0_FC_0.05_2
35,0.0,35,Female,mc_prob_0_FC_0.05_2
36,0.0,36,Female,mc_prob_0_FC_0.05_2
37,0.0,37,Female,mc_prob_0_FC_0.05_2
38,0.0,38,Female,mc_prob_0_FC_0.05_2
39,0.0,39,Female,mc_prob_0_FC_0.05_2
40,0.0,40,Female,mc_prob_0_FC_0.05_2
41,0.0,41,Female,mc_prob_0_FC_0.05_2
42,0.0,42,Female,mc_prob_0_FC_0.05_2
43,0.0,43,Female,mc_prob_0_FC_0.05_2
44,0.0,44,Female,mc_prob_0_FC_0.05_2
45,0.0,45,Female,mc_prob_0_FC_0.05_2
46,0.0,46,Female,mc_prob_0_FC_0.05_2
47,0.0,47,Female,mc_prob_0_FC_0.05_2
48,0.0,48,Female,mc_prob_0_FC_0.05_2
49,0.0,49,Female,mc_prob_0_FC_0.05_2
50,0.0,50,Female,mc_prob_0_FC_0.05_2
51,5000.0,0,Male,mc_prob_0_FC_0.05_2
52,4254.0,1,Male,mc_prob_0_FC_0.05_2
53,4214.0,2,Male,mc_prob_0_FC_0.05_2
54,4126.0,3,Male,mc_prob_0_FC_0.05_2
55,4240.0,4,Male,mc_prob_0_FC_0.05_2
56,4166.0,5,Male,mc_prob_0_FC_0.05_2
57,4112.0,6,Male,mc_prob_0_FC_0.05_2
58,4073.0,7,Male,mc_prob_0_FC_0.05_2
59,3988.0,8,Male,mc_prob_0_FC_0.05_2
60,4095.0,9,Male,mc_prob_0_FC_0.05_2
61,3919.0,10,Male,mc_prob_0_FC_0.05_2
62,3801.0,11,Male,mc_prob_0_FC_0.05_2
63,3764.0,12,Male,mc_prob_0_FC_0.05_2
64,3783.0,13,Male,mc_prob_0_FC_0.05_2
65,3650.0,14,Male,mc_prob_0_FC_0.05_2
66,3694.0,15,Male,mc_prob_0_FC_0.05_2
67,3512.0,16,Male,mc_prob_0_FC_0.05_2
68,3303.0,17,Male,mc_prob_0_FC_0.05_2
69,3489.0,18,Male,mc_prob_0_FC_0.05_2
70,3441.0,19,Male,mc_prob_0_FC_0.05_2
71,3232.0,20,Male,mc_prob_0_FC_0.05_2
72,2943.0,21,Male,mc_prob_0_FC_0.05_2
73,1921.0,22,Male,mc_prob_0_FC_0.05_2
74,850.0,23,Male,mc_prob_0_FC_0.05_2
75,325.0,24,Male,mc_prob_0_FC_0.05_2
76,67.0,25,Male,mc_prob_0_FC_0.05_2
77,26.0,26,Male,mc_prob_0_FC_0.05_2
78,0.0,27,Male,mc_prob_0_FC_0.05_2
79,0.0,28,Male,mc_prob_0_FC_0.05_2
80,0.0,29,Male,mc_prob_0_FC_0.05_2
81,0.0,30,Male,mc_prob_0_FC_0.05_2
82,0.0,31,Male,mc_prob_0_FC_0.05_2
83,0.0,32,Male,mc_prob_0_FC_0.05_2
84,0.0,33,Male,mc_prob_0_FC_0.05_2
85,0.0,34,Male,mc_prob_0_FC_0.05_2
86,0.0,35,Male,mc_prob_0_FC_0.05_2
87,0.0,36,Male,mc_prob_0_FC_0.05_2
88,0.0,37,Male,mc_prob_0_FC_0.05_2
89,0.0,38,Male,mc_prob_0_FC_0.05_2
90,0.0,39,Male,mc_prob_0_FC_0.05_2
91,0.0,40,Male,mc_prob_0_FC_0.05_2
92,0.0,41,Male,mc_prob_0_FC_0.05_2
93,0.0,42,Male,mc_prob_0_FC_0.05_2
94,0.0,43,Male,mc_prob_0_FC_0.05_2
95,0.0,44,Male,mc_prob_0_FC_0.05_2
96,0.0,45,Male,mc_prob_0_FC_0.05_2
97,0.0,46,Male,mc_prob_0_FC_0.05_2
98,0.0,47,Male,mc_prob_0_FC_0.05_2
99,0.0,48,Male,mc_prob_0_FC_0.05_2
100,0.0,49,Male,mc_prob_0_FC_0.05_2
101,0.0,50,Male,mc_prob_0_FC_0.05_2
,Count,Generation,Sex,Run
0,7000.0,0,Female,mc_prob_0_FC_0.05_3
1,4199.0,1,Female,mc_prob_0_FC_0.05_3
2,4145.0,2,Female,mc_prob_0_FC_0.05_3
3,4147.0,3,Female,mc_prob_0_FC_0.05_3
4,4012.0,4,Female,mc_prob_0_FC_0.05_3
5,4075.0,5,Female,mc_prob_0_FC_0.05_3
6,4152.0,6,Female,mc_prob_0_FC_0.05_3
7,4030.0,7,Female,mc_prob_0_FC_0.05_3
8,4093.0,8,Female,mc_prob_0_FC_0.05_3
9,4082.0,9,Female,mc_prob_0_FC_0.05_3
10,3833.0,10,Female,mc_prob_0_FC_0.05_3
11,3785.0,11,Female,mc_prob_0_FC_0.05_3
12,3951.0,12,Female,mc_prob_0_FC_0.05_3
13,3824.0,13,Female,mc_prob_0_FC_0.05_3
14,3602.0,14,Female,mc_prob_0_FC_0.05_3
15,3696.0,15,Female,mc_prob_0_FC_0.05_3
16,3463.0,16,Female,mc_prob_0_FC_0.05_3
17,3459.0,17,Female,mc_prob_0_FC_0.05_3
18,3414.0,18,Female,mc_prob_0_FC_0.05_3
19,3346.0,19,Female,mc_prob_0_FC_0.05_3
20,3340.0,20,Female,mc_prob_0_FC_0.05_3
21,3192.0,21,Female,mc_prob_0_FC_0.05_3
22,2965.0,22,Female,mc_prob_0_FC_0.05_3
23,1787.0,23,Female,mc_prob_0_FC_0.05_3
24,731.0,24,Female,mc_prob_0_FC_0.05_3
25,299.0,25,Female,mc_prob_0_FC_0.05_3
26,40.0,26,Female,mc_prob_0_FC_0.05_3
27,3.0,27,Female,mc_prob_0_FC_0.05_3
28,0.0,28,Female,mc_prob_0_FC_0.05_3
29,0.0,29,Female,mc_prob_0_FC_0.05_3
30,0.0,30,Female,mc_prob_0_FC_0.05_3
31,0.0,31,Female,mc_prob_0_FC_0.05_3
32,0.0,32,Female,mc_prob_0_FC_0.05_3
33,0.0,33,Female,mc_prob_0_FC_0.05_3
34,0.0,34,Female,mc_prob_0_FC_0.05_3
35,0.0,35,Female,mc_prob_0_FC_0.05_3
36,0.0,36,Female,mc_prob_0_FC_0.05_3
37,0.0,37,Female,mc_prob_0_FC_0.05_3
38,0.0,38,Female,mc_prob_0_FC_0.05_3
39,0.0,39,Female,mc_prob_0_FC_0.05_3
40,0.0,40,Female,mc_prob_0_FC_0.05_3
41,0.0,41,Female,mc_prob_0_FC_0.05_3
42,0.0,42,Female,mc_prob_0_FC_0.05_3
43,0.0,43,Female,mc_prob_0_FC_0.05_3
44,0.0,44,Female,mc_prob_0_FC_0.05_3
45,0.0,45,Female,mc_prob_0_FC_0.05_3
46,0.0,46,Female,mc_prob_0_FC_0.05_3
47,0.0,47,Female,mc_prob_0_FC_0.05_3
48,0.0,48,Female,mc_prob_0_FC_0.05_3
49,0.0,49,Female,mc_prob_0_FC_0.05_3
50,0.0,50,Female,mc_prob_0_FC_0.05_3
51,5000.0,0,Male,mc_prob_0_FC_0.05_3
52,4218.0,1,Male,mc_prob_0_FC_0.05_3
53,4210.0,2,Male,mc_prob_0_FC_0.05_3
54,4292.0,3,Male,mc_prob_0_FC_0.05_3
55,4151.0,4,Male,mc_prob_0_FC_0.05_3
56,4161.0,5,Male,mc_prob_0_FC_0.05_3
57,4238.0,6,Male,mc_prob_0_FC_0.05_3
58,4155.0,7,Male,mc_prob_0_FC_0.05_3
59,4101.0,8,Male,mc_prob_0_FC_0.05_3
60,4120.0,9,Male,mc_prob_0_FC_0.05_3
61,3921.0,10,Male,mc_prob_0_FC_0.05_3
62,3796.0,11,Male,mc_prob_0_FC_0.05_3
63,3951.0,12,Male,mc_prob_0_FC_0.05_3
64,3903.0,13,Male,mc_prob_0_FC_0.05_3
65,3668.0,14,Male,mc_prob_0_FC_0.05_3
66,3696.0,15,Male,mc_prob_0_FC_0.05_3
67,3621.0,16,Male,mc_prob_0_FC_0.05_3
68,3464.0,17,Male,mc_prob_0_FC_0.05_3
69,3435.0,18,Male,mc_prob_0_FC_0.05_3
70,3390.0,19,Male,mc_prob_0_FC_0.05_3
71,3346.0,20,Male,mc_prob_0_FC_0.05_3
72,3310.0,21,Male,mc_prob_0_FC_0.05_3
73,2983.0,22,Male,mc_prob_0_FC_0.05_3
74,1791.0,23,Male,mc_prob_0_FC_0.05_3
75,793.0,24,Male,mc_prob_0_FC_0.05_3
76,307.0,25,Male,mc_prob_0_FC_0.05_3
77,57.0,26,Male,mc_prob_0_FC_0.05_3
78,7.0,27,Male,mc_prob_0_FC_0.05_3
79,0.0,28,Male,mc_prob_0_FC_0.05_3
80,0.0,29,Male,mc_prob_0_FC_0.05_3
81,0.0,30,Male,mc_prob_0_FC_0.05_3
82,0.0,31,Male,mc_prob_0_FC_0.05_3
83,0.0,32,Male,mc_prob_0_FC_0.05_3
84,0.0,33,Male,mc_prob_0_FC_0.05_3
85,0.0,34,Male,mc_prob_0_FC_0.05_3
86,0.0,35,Male,mc_prob_0_FC_0.05_3
87,0.0,36,Male,mc_prob_0_FC_0.05_3
88,0.0,37,Male,mc_prob_0_FC_0.05_3
89,0.0,38,Male,mc_prob_0_FC_0.05_3
90,0.0,39,Male,mc_prob_0_FC_0.05_3
91,0.0,40,Male,mc_prob_0_FC_0.05_3
92,0.0,41,Male,mc_prob_0_FC_0.05_3
93,0.0,42,Male,mc_prob_0_FC_0.05_3
94,0.0,43,Male,mc_prob_0_FC_0.05_3
95,0.0,44,Male,mc_prob_0_FC_0.05_3
96,0.0,45,Male,mc_prob_0_FC_0.05_3
97,0.0,46,Male,mc_prob_0_FC_0.05_3
98,0.0,47,Male,mc_prob_0_FC_0.05_3
99,0.0,48,Male,mc_prob_0_FC_0.05_3
100,0.0,49,Male,mc_prob_0_FC_0.05_3
101,0.0,50,Male,mc_prob_0_FC_0.05_3
,Count,Generation,Sex,Run
0,7000.0,0,Female,mc_prob_0_FC_0.05_4
1,4138.0,1,Female,mc_prob_0_FC_0.05_4
2,4246.0,2,Female,mc_prob_0_FC_0.05_4
3,4286.0,3,Female,mc_prob_0_FC_0.05_4
4,4144.0,4,Female,mc_prob_0_FC_0.05_4
5,4270.0,5,Female,mc_prob_0_FC_0.05_4
6,4065.0,6,Female,mc_prob_0_FC_0.05_4
7,4063.0,7,Female,mc_prob_0_FC_0.05_4
8,4085.0,8,Female,mc_prob_0_FC_0.05_4
9,4046.0,9,Female,mc_prob_0_FC_0.05_4
10,4062.0,10,Female,mc_prob_0_FC_0.05_4
11,3946.0,11,Female,mc_prob_0_FC_0.05_4
12,3812.0,12,Female,mc_prob_0_FC_0.05_4
13,3951.0,13,Female,mc_prob_0_FC_0.05_4
14,3613.0,14,Female,mc_prob_0_FC_0.05_4
15,3592.0,15,Female,mc_prob_0_FC_0.05_4
16,3624.0,16,Female,mc_prob_0_FC_0.05_4
17,3528.0,17,Female,mc_prob_0_FC_0.05_4
18,3426.0,18,Female,mc_prob_0_FC_0.05_4
19,3353.0,19,Female,mc_prob_0_FC_0.05_4
20,3395.0,20,Female,mc_prob_0_FC_0.05_4
21,3380.0,21,Female,mc_prob_0_FC_0.05_4
22,3348.0,22,Female,mc_prob_0_FC_0.05_4
23,2894.0,23,Female,mc_prob_0_FC_0.05_4
24,2228.0,24,Female,mc_prob_0_FC_0.05_4
25,1082.0,25,Female,mc_prob_0_FC_0.05_4
26,438.0,26,Female,mc_prob_0_FC_0.05_4
27,132.0,27,Female,mc_prob_0_FC_0.05_4
28,14.0,28,Female,mc_prob_0_FC_0.05_4
29,4.0,29,Female,mc_prob_0_FC_0.05_4
30,0.0,30,Female,mc_prob_0_FC_0.05_4
31,0.0,31,Female,mc_prob_0_FC_0.05_4
32,0.0,32,Female,mc_prob_0_FC_0.05_4
33,0.0,33,Female,mc_prob_0_FC_0.05_4
34,0.0,34,Female,mc_prob_0_FC_0.05_4
35,0.0,35,Female,mc_prob_0_FC_0.05_4
36,0.0,36,Female,mc_prob_0_FC_0.05_4
37,0.0,37,Female,mc_prob_0_FC_0.05_4
38,0.0,38,Female,mc_prob_0_FC_0.05_4
39,0.0,39,Female,mc_prob_0_FC_0.05_4
40,0.0,40,Female,mc_prob_0_FC_0.05_4
41,0.0,41,Female,mc_prob_0_FC_0.05_4
42,0.0,42,Female,mc_prob_0_FC_0.05_4
43,0.0,43,Female,mc_prob_0_FC_0.05_4
44,0.0,44,Female,mc_prob_0_FC_0.05_4
45,0.0,45,Female,mc_prob_0_FC_0.05_4
46,0.0,46,Female,mc_prob_0_FC_0.05_4
47,0.0,47,Female,mc_prob_0_FC_0.05_4
48,0.0,48,Female,mc_prob_0_FC_0.05_4
49,0.0,49,Female,mc_prob_0_FC_0.05_4
50,0.0,50,Female,mc_prob_0_FC_0.05_4
51,5000.0,0,Male,mc_prob_0_FC_0.05_4
52,4193.0,1,Male,mc_prob_0_FC_0.05_4
53,4286.0,2,Male,mc_prob_0_FC_0.05_4
54,4321.0,3,Male,mc_prob_0_FC_0.05_4
55,4222.0,4,Male,mc_prob_0_FC_0.05_4
56,4301.0,5,Male,mc_prob_0_FC_0.05_4
57,4089.0,6,Male,mc_prob_0_FC_0.05_4
58,4210.0,7,Male,mc_prob_0_FC_0.05_4
59,4147.0,8,Male,mc_prob_0_FC_0.05_4
60,4114.0,9,Male,mc_prob_0_FC_0.05_4
61,4076.0,10,Male,mc_prob_0_FC_0.05_4
62,4038.0,11,Male,mc_prob_0_FC_0.05_4
63,3854.0,12,Male,mc_prob_0_FC_0.05_4
64,3995.0,13,Male,mc_prob_0_FC_0.05_4
65,3870.0,14,Male,mc_prob_0_FC_0.05_4
66,3612.0,15,Male,mc_prob_0_FC_0.05_4
67,3704.0,16,Male,mc_prob_0_FC_0.05_4
68,3646.0,17,Male,mc_prob_0_FC_0.05_4
69,3503.0,18,Male,mc_prob_0_FC_0.05_4
70,3457.0,19,Male,mc_prob_0_FC_0.05_4
71,3440.0,20,Male,mc_prob_0_FC_0.05_4
72,3383.0,21,Male,mc_prob_0_FC_0.05_4
73,3354.0,22,Male,mc_prob_0_FC_0.05_4
74,2919.0,23,Male,mc_prob_0_FC_0.05_4
75,2237.0,24,Male,mc_prob_0_FC_0.05_4
76,1099.0,25,Male,mc_prob_0_FC_0.05_4
77,465.0,26,Male,mc_prob_0_FC_0.05_4
78,136.0,27,Male,mc_prob_0_FC_0.05_4
79,28.0,28,Male,mc_prob_0_FC_0.05_4
80,8.0,29,Male,mc_prob_0_FC_0.05_4
81,0.0,30,Male,mc_prob_0_FC_0.05_4
82,0.0,31,Male,mc_prob_0_FC_0.05_4
83,0.0,32,Male,mc_prob_0_FC_0.05_4
84,0.0,33,Male,mc_prob_0_FC_0.05_4
85,0.0,34,Male,mc_prob_0_FC_0.05_4
86,0.0,35,Male,mc_prob_0_FC_0.05_4
87,0.0,36,Male,mc_prob_0_FC_0.05_4
88,0.0,37,Male,mc_prob_0_FC_0.05_4
89,0.0,38,Male,mc_prob_0_FC_0.05_4
90,0.0,39,Male,mc_prob_0_FC_0.05_4
91,0.0,40,Male,mc_prob_0_FC_0.05_4
92,0.0,41,Male,mc_prob_0_FC_0.05_4
93,0.0,42,Male,mc_prob_0_FC_0.05_4
94,0.0,43,Male,mc_prob_0_FC_0.05_4
95,0.0,44,Male,mc_prob_0_FC_0.05_4
96,0.0,45,Male,mc_prob_0_FC_0.05_4
97,0.0,46,Male,mc_prob_0_FC_0.05_4
98,0.0,47,Male,mc_prob_0_FC_0.05_4
99,0.0,48,Male,mc_prob_0_FC_0.05_4
100,0.0,49,Male,mc_prob_0_FC_0.05_4
101,0.0,50,Male,mc_prob_0_FC_0.05_4
,Count,Generation,Sex,Run
0,7000.0,0,Female,mc_prob_0_FC_0.05_5
1,4172.0,1,Female,mc_prob_0_FC_0.05_5
2,4164.0,2,Female,mc_prob_0_FC_0.05_5
3,4150.0,3,Female,mc_prob_0_FC_0.05_5
4,4239.0,4,Female,mc_prob_0_FC_0.05_5
5,4141.0,5,Female,mc_prob_0_FC_0.05_5
6,4056.0,6,Female,mc_prob_0_FC_0.05_5
7,3987.0,7,Female,mc_prob_0_FC_0.05_5
8,4133.0,8,Female,mc_prob_0_FC_0.05_5
9,4006.0,9,Female,mc_prob_0_FC_0.05_5
10,3872.0,10,Female,mc_prob_0_FC_0.05_5
11,3862.0,11,Female,mc_prob_0_FC_0.05_5
12,3739.0,12,Female,mc_prob_0_FC_0.05_5
13,3596.0,13,Female,mc_prob_0_FC_0.05_5
14,3557.0,14,Female,mc_prob_0_FC_0.05_5
15,3691.0,15,Female,mc_prob_0_FC_0.05_5
16,3513.0,16,Female,mc_prob_0_FC_0.05_5
17,3408.0,17,Female,mc_prob_0_FC_0.05_5
18,3333.0,18,Female,mc_prob_0_FC_0.05_5
19,3322.0,19,Female,mc_prob_0_FC_0.05_5
20,3297.0,20,Female,mc_prob_0_FC_0.05_5
21,3156.0,21,Female,mc_prob_0_FC_0.05_5
22,2421.0,22,Female,mc_prob_0_FC_0.05_5
23,1426.0,23,Female,mc_prob_0_FC_0.05_5
24,413.0,24,Female,mc_prob_0_FC_0.05_5
25,119.0,25,Female,mc_prob_0_FC_0.05_5
26,32.0,26,Female,mc_prob_0_FC_0.05_5
27,0.0,27,Female,mc_prob_0_FC_0.05_5
28,0.0,28,Female,mc_prob_0_FC_0.05_5
29,0.0,29,Female,mc_prob_0_FC_0.05_5
30,0.0,30,Female,mc_prob_0_FC_0.05_5
31,0.0,31,Female,mc_prob_0_FC_0.05_5
32,0.0,32,Female,mc_prob_0_FC_0.05_5
33,0.0,33,Female,mc_prob_0_FC_0.05_5
34,0.0,34,Female,mc_prob_0_FC_0.05_5
35,0.0,35,Female,mc_prob_0_FC_0.05_5
36,0.0,36,Female,mc_prob_0_FC_0.05_5
37,0.0,37,Female,mc_prob_0_FC_0.05_5
38,0.0,38,Female,mc_prob_0_FC_0.05_5
39,0.0,39,Female,mc_prob_0_FC_0.05_5
40,0.0,40,Female,mc_prob_0_FC_0.05_5
41,0.0,41,Female,mc_prob_0_FC_0.05_5
42,0.0,42,Female,mc_prob_0_FC_0.05_5
43,0.0,43,Female,mc_prob_0_FC_0.05_5
44,0.0,44,Female,mc_prob_0_FC_0.05_5
45,0.0,45,Female,mc_prob_0_FC_0.05_5
46,0.0,46,Female,mc_prob_0_FC_0.05_5
47,0.0,47,Female,mc_prob_0_FC_0.05_5
48,0.0,48,Female,mc_prob_0_FC_0.05_5
49,0.0,49,Female,mc_prob_0_FC_0.05_5
50,0.0,50,Female,mc_prob_0_FC_0.05_5
51,5000.0,0,Male,mc_prob_0_FC_0.05_5
52,4181.0,1,Male,mc_prob_0_FC_0.05_5
53,4253.0,2,Male,mc_prob_0_FC_0.05_5
54,4159.0,3,Male,mc_prob_0_FC_0.05_5
55,4251.0,4,Male,mc_prob_0_FC_0.05_5
56,4146.0,5,Male,mc_prob_0_FC_0.05_5
57,4135.0,6,Male,mc_prob_0_FC_0.05_5
58,4048.0,7,Male,mc_prob_0_FC_0.05_5
59,4258.0,8,Male,mc_prob_0_FC_0.05_5
60,4016.0,9,Male,mc_prob_0_FC_0.05_5
61,3931.0,10,Male,mc_prob_0_FC_0.05_5
62,3961.0,11,Male,mc_prob_0_FC_0.05_5
63,3815.0,12,Male,mc_prob_0_FC_0.05_5
64,3861.0,13,Male,mc_prob_0_FC_0.05_5
65,3583.0,14,Male,mc_prob_0_FC_0.05_5
66,3710.0,15,Male,mc_prob_0_FC_0.05_5
67,3592.0,16,Male,mc_prob_0_FC_0.05_5
68,3504.0,17,Male,mc_prob_0_FC_0.05_5
69,3339.0,18,Male,mc_prob_0_FC_0.05_5
70,3415.0,19,Male,mc_prob_0_FC_0.05_5
71,3328.0,20,Male,mc_prob_0_FC_0.05_5
72,3201.0,21,Male,mc_prob_0_FC_0.05_5
73,2503.0,22,Male,mc_prob_0_FC_0.05_5
74,1439.0,23,Male,mc_prob_0_FC_0.05_5
75,421.0,24,Male,mc_prob_0_FC_0.05_5
76,152.0,25,Male,mc_prob_0_FC_0.05_5
77,37.0,26,Male,mc_prob_0_FC_0.05_5
78,0.0,27,Male,mc_prob_0_FC_0.05_5
79,0.0,28,Male,mc_prob_0_FC_0.05_5
80,0.0,29,Male,mc_prob_0_FC_0.05_5
81,0.0,30,Male,mc_prob_0_FC_0.05_5
82,0.0,31,Male,mc_prob_0_FC_0.05_5
83,0.0,32,Male,mc_prob_0_FC_0.05_5
84,0.0,33,Male,mc_prob_0_FC_0.05_5
85,0.0,34,Male,mc_prob_0_FC_0.05_5
86,0.0,35,Male,mc_prob_0_FC_0.05_5
87,0.0,36,Male,mc_prob_0_FC_0.05_5
88,0.0,37,Male,mc_prob_0_FC_0.05_5
89,0.0,38,Male,mc_prob_0_FC_0.05_5
90,0.0,39,Male,mc_prob_0_FC_0.05_5
91,0.0,40,Male,mc_prob_0_FC_0.05_5
92,0.0,41,Male,mc_prob_0_FC_0.05_5
93,0.0,42,Male,mc_prob_0_FC_0.05_5
94,0.0,43,Male,mc_prob_0_FC_0.05_5
95,0.0,44,Male,mc_prob_0_FC_0.05_5
96,0.0,45,Male,mc_prob_0_FC_0.05_5
97,0.0,46,Male,mc_prob_0_FC_0.05_5
98,0.0,47,Male,mc_prob_0_FC_0.05_5
99,0.0,48,Male,mc_prob_0_FC_0.05_5
100,0.0,49,Male,mc_prob_0_FC_0.05_5
101,0.0,50,Male,mc_prob_0_FC_0.05_5
,Count,Generation,Sex,Run
0,7000.0,0,Female,mc_prob_0_FC_0.05_6
1,4389.0,1,Female,mc_prob_0_FC_0.05_6
2,4206.0,2,Female,mc_prob_0_FC_0.05_6
3,4173.0,3,Female,mc_prob_0_FC_0.05_6
4,4127.0,4,Female,mc_prob_0_FC_0.05_6
5,4194.0,5,Female,mc_prob_0_FC_0.05_6
6,4024.0,6,Female,mc_prob_0_FC_0.05_6
7,4014.0,7,Female,mc_prob_0_FC_0.05_6
8,4131.0,8,Female,mc_prob_0_FC_0.05_6
9,4004.0,9,Female,mc_prob_0_FC_0.05_6
10,4029.0,10,Female,mc_prob_0_FC_0.05_6
11,3992.0,11,Female,mc_prob_0_FC_0.05_6
12,3897.0,12,Female,mc_prob_0_FC_0.05_6
13,3851.0,13,Female,mc_prob_0_FC_0.05_6
14,3699.0,14,Female,mc_prob_0_FC_0.05_6
15,3648.0,15,Female,mc_prob_0_FC_0.05_6
16,3691.0,16,Female,mc_prob_0_FC_0.05_6
17,3573.0,17,Female,mc_prob_0_FC_0.05_6
18,3558.0,18,Female,mc_prob_0_FC_0.05_6
19,3426.0,19,Female,mc_prob_0_FC_0.05_6
20,3405.0,20,Female,mc_prob_0_FC_0.05_6
21,3395.0,21,Female,mc_prob_0_FC_0.05_6
22,3311.0,22,Female,mc_prob_0_FC_0.05_6
23,3209.0,23,Female,mc_prob_0_FC_0.05_6
24,2580.0,24,Female,mc_prob_0_FC_0.05_6
25,1452.0,25,Female,mc_prob_0_FC_0.05_6
26,363.0,26,Female,mc_prob_0_FC_0.05_6
27,81.0,27,Female,mc_prob_0_FC_0.05_6
28,5.0,28,Female,mc_prob_0_FC_0.05_6
29,0.0,29,Female,mc_prob_0_FC_0.05_6
30,0.0,30,Female,mc_prob_0_FC_0.05_6
31,0.0,31,Female,mc_prob_0_FC_0.05_6
32,0.0,32,Female,mc_prob_0_FC_0.05_6
33,0.0,33,Female,mc_prob_0_FC_0.05_6
34,0.0,34,Female,mc_prob_0_FC_0.05_6
35,0.0,35,Female,mc_prob_0_FC_0.05_6
36,0.0,36,Female,mc_prob_0_FC_0.05_6
37,0.0,37,Female,mc_prob_0_FC_0.05_6
38,0.0,38,Female,mc_prob_0_FC_0.05_6
39,0.0,39,Female,mc_prob_0_FC_0.05_6
40,0.0,40,Female,mc_prob_0_FC_0.05_6
41,0.0,41,Female,mc_prob_0_FC_0.05_6
42,0.0,42,Female,mc_prob_0_FC_0.05_6
43,0.0,43,Female,mc_prob_0_FC_0.05_6
44,0.0,44,Female,mc_prob_0_FC_0.05_6
45,0.0,45,Female,mc_prob_0_FC_0.05_6
46,0.0,46,Female,mc_prob_0_FC_0.05_6
47,0.0,47,Female,mc_prob_0_FC_0.05_6
48,0.0,48,Female,mc_prob_0_FC_0.05_6
49,0.0,49,Female,mc_prob_0_FC_0.05_6
50,0.0,50,Female,mc_prob_0_FC_0.05_6
51,5000.0,0,Male,mc_prob_0_FC_0.05_6
52,4458.0,1,Male,mc_prob_0_FC_0.05_6
53,4207.0,2,Male,mc_prob_0_FC_0.05_6
54,4243.0,3,Male,mc_prob_0_FC_0.05_6
55,4191.0,4,Male,mc_prob_0_FC_0.05_6
56,4206.0,5,Male,mc_prob_0_FC_0.05_6
57,4291.0,6,Male,mc_prob_0_FC_0.05_6
58,4032.0,7,Male,mc_prob_0_FC_0.05_6
59,4204.0,8,Male,mc_prob_0_FC_0.05_6
60,4061.0,9,Male,mc_prob_0_FC_0.05_6
61,4057.0,10,Male,mc_prob_0_FC_0.05_6
62,4099.0,11,Male,mc_prob_0_FC_0.05_6
63,3900.0,12,Male,mc_prob_0_FC_0.05_6
64,3974.0,13,Male,mc_prob_0_FC_0.05_6
65,3846.0,14,Male,mc_prob_0_FC_0.05_6
66,3797.0,15,Male,mc_prob_0_FC_0.05_6
67,3716.0,16,Male,mc_prob_0_FC_0.05_6
68,3629.0,17,Male,mc_prob_0_FC_0.05_6
69,3640.0,18,Male,mc_prob_0_FC_0.05_6
70,3448.0,19,Male,mc_prob_0_FC_0.05_6
71,3441.0,20,Male,mc_prob_0_FC_0.05_6
72,3479.0,21,Male,mc_prob_0_FC_0.05_6
73,3359.0,22,Male,mc_prob_0_FC_0.05_6
74,3286.0,23,Male,mc_prob_0_FC_0.05_6
75,2632.0,24,Male,mc_prob_0_FC_0.05_6
76,1503.0,25,Male,mc_prob_0_FC_0.05_6
77,378.0,26,Male,mc_prob_0_FC_0.05_6
78,87.0,27,Male,mc_prob_0_FC_0.05_6
79,5.0,28,Male,mc_prob_0_FC_0.05_6
80,0.0,29,Male,mc_prob_0_FC_0.05_6
81,0.0,30,Male,mc_prob_0_FC_0.05_6
82,0.0,31,Male,mc_prob_0_FC_0.05_6
83,0.0,32,Male,mc_prob_0_FC_0.05_6
84,0.0,33,Male,mc_prob_0_FC_0.05_6
85,0.0,34,Male,mc_prob_0_FC_0.05_6
86,0.0,35,Male,mc_prob_0_FC_0.05_6
87,0.0,36,Male,mc_prob_0_FC_0.05_6
88,0.0,37,Male,mc_prob_0_FC_0.05_6
89,0.0,38,Male,mc_prob_0_FC_0.05_6
90,0.0,39,Male,mc_prob_0_FC_0.05_6
91,0.0,40,Male,mc_prob_0_FC_0.05_6
92,0.0,41,Male,mc_prob_0_FC_0.05_6
93,0.0,42,Male,mc_prob_0_FC_0.05_6
94,0.0,43,Male,mc_prob_0_FC_0.05_6
95,0.0,44,Male,mc_prob_0_FC_0.05_6
96,0.0,45,Male,mc_prob_0_FC_0.05_6
97,0.0,46,Male,mc_prob_0_FC_0.05_6
98,0.0,47,Male,mc_prob_0_FC_0.05_6
99,0.0,48,Male,mc_prob_0_FC_0.05_6
100,0.0,49,Male,mc_prob_0_FC_0.05_6
101,0.0,50,Male,mc_prob_0_FC_0.05_6
,Count,Generation,Sex,Run
0,7000.0,0,Female,mc_prob_0_FC_0.05_7
1,4250.0,1,Female,mc_prob_0_FC_0.05_7
2,4236.0,2,Female,mc_prob_0_FC_0.05_7
3,4164.0,3,Female,mc_prob_0_FC_0.05_7
4,4095.0,4,Female,mc_prob_0_FC_0.05_7
5,4093.0,5,Female,mc_prob_0_FC_0.05_7
6,4115.0,6,Female,mc_prob_0_FC_0.05_7
7,4069.0,7,Female,mc_prob_0_FC_0.05_7
8,3994.0,8,Female,mc_prob_0_FC_0.05_7
9,4188.0,9,Female,mc_prob_0_FC_0.05_7
10,3967.0,10,Female,mc_prob_0_FC_0.05_7
11,3849.0,11,Female,mc_prob_0_FC_0.05_7
12,3689.0,12,Female,mc_prob_0_FC_0.05_7
13,3721.0,13,Female,mc_prob_0_FC_0.05_7
14,3756.0,14,Female,mc_prob_0_FC_0.05_7
15,3747.0,15,Female,mc_prob_0_FC_0.05_7
16,3516.0,16,Female,mc_prob_0_FC_0.05_7
17,3600.0,17,Female,mc_prob_0_FC_0.05_7
18,3438.0,18,Female,mc_prob_0_FC_0.05_7
19,3397.0,19,Female,mc_prob_0_FC_0.05_7
20,3331.0,20,Female,mc_prob_0_FC_0.05_7
21,3187.0,21,Female,mc_prob_0_FC_0.05_7
22,2989.0,22,Female,mc_prob_0_FC_0.05_7
23,2023.0,23,Female,mc_prob_0_FC_0.05_7
24,965.0,24,Female,mc_prob_0_FC_0.05_7
25,370.0,25,Female,mc_prob_0_FC_0.05_7
26,111.0,26,Female,mc_prob_0_FC_0.05_7
27,13.0,27,Female,mc_prob_0_FC_0.05_7
28,0.0,28,Female,mc_prob_0_FC_0.05_7
29,0.0,29,Female,mc_prob_0_FC_0.05_7
30,0.0,30,Female,mc_prob_0_FC_0.05_7
31,0.0,31,Female,mc_prob_0_FC_0.05_7
32,0.0,32,Female,mc_prob_0_FC_0.05_7
33,0.0,33,Female,mc_prob_0_FC_0.05_7
34,0.0,34,Female,mc_prob_0_FC_0.05_7
35,0.0,35,Female,mc_prob_0_FC_0.05_7
36,0.0,36,Female,mc_prob_0_FC_0.05_7
37,0.0,37,Female,mc_prob_0_FC_0.05_7
38,0.0,38,Female,mc_prob_0_FC_0.05_7
39,0.0,39,Female,mc_prob_0_FC_0.05_7
40,0.0,40,Female,mc_prob_0_FC_0.05_7
41,0.0,41,Female,mc_prob_0_FC_0.05_7
42,0.0,42,Female,mc_prob_0_FC_0.05_7
43,0.0,43,Female,mc_prob_0_FC_0.05_7
44,0.0,44,Female,mc_prob_0_FC_0.05_7
45,0.0,45,Female,mc_prob_0_FC_0.05_7
46,0.0,46,Female,mc_prob_0_FC_0.05_7
47,0.0,47,Female,mc_prob_0_FC_0.05_7
48,0.0,48,Female,mc_prob_0_FC_0.05_7
49,0.0,49,Female,mc_prob_0_FC_0.05_7
50,0.0,50,Female,mc_prob_0_FC_0.05_7
51,5000.0,0,Male,mc_prob_0_FC_0.05_7
52,4294.0,1,Male,mc_prob_0_FC_0.05_7
53,4261.0,2,Male,mc_prob_0_FC_0.05_7
54,4230.0,3,Male,mc_prob_0_FC_0.05_7
55,4169.0,4,Male,mc_prob_0_FC_0.05_7
56,4179.0,5,Male,mc_prob_0_FC_0.05_7
57,4152.0,6,Male,mc_prob_0_FC_0.05_7
58,4100.0,7,Male,mc_prob_0_FC_0.05_7
59,4038.0,8,Male,mc_prob_0_FC_0.05_7
60,4190.0,9,Male,mc_prob_0_FC_0.05_7
61,4048.0,10,Male,mc_prob_0_FC_0.05_7
62,4000.0,11,Male,mc_prob_0_FC_0.05_7
63,3881.0,12,Male,mc_prob_0_FC_0.05_7
64,3724.0,13,Male,mc_prob_0_FC_0.05_7
65,3774.0,14,Male,mc_prob_0_FC_0.05_7
66,3863.0,15,Male,mc_prob_0_FC_0.05_7
67,3558.0,16,Male,mc_prob_0_FC_0.05_7
68,3609.0,17,Male,mc_prob_0_FC_0.05_7
69,3512.0,18,Male,mc_prob_0_FC_0.05_7
70,3484.0,19,Male,mc_prob_0_FC_0.05_7
71,3424.0,20,Male,mc_prob_0_FC_0.05_7
72,3206.0,21,Male,mc_prob_0_FC_0.05_7
73,3044.0,22,Male,mc_prob_0_FC_0.05_7
74,2062.0,23,Male,mc_prob_0_FC_0.05_7
75,967.0,24,Male,mc_prob_0_FC_0.05_7
76,375.0,25,Male,mc_prob_0_FC_0.05_7
77,151.0,26,Male,mc_prob_0_FC_0.05_7
78,14.0,27,Male,mc_prob_0_FC_0.05_7
79,0.0,28,Male,mc_prob_0_FC_0.05_7
80,0.0,29,Male,mc_prob_0_FC_0.05_7
81,0.0,30,Male,mc_prob_0_FC_0.05_7
82,0.0,31,Male,mc_prob_0_FC_0.05_7
83,0.0,32,Male,mc_prob_0_FC_0.05_7
84,0.0,33,Male,mc_prob_0_FC_0.05_7
85,0.0,34,Male,mc_prob_0_FC_0.05_7
86,0.0,35,Male,mc_prob_0_FC_0.05_7
87,0.0,36,Male,mc_prob_0_FC_0.05_7
88,0.0,37,Male,mc_prob_0_FC_0.05_7
89,0.0,38,Male,mc_prob_0_FC_0.05_7
90,0.0,39,Male,mc_prob_0_FC_0.05_7
91,0.0,40,Male,mc_prob_0_FC_0.05_7
92,0.0,41,Male,mc_prob_0_FC_0.05_7
93,0.0,42,Male,mc_prob_0_FC_0.05_7
94,0.0,43,Male,mc_prob_0_FC_0.05_7
95,0.0,44,Male,mc_prob_0_FC_0.05_7
96,0.0,45,Male,mc_prob_0_FC_0.05_7
97,0.0,46,Male,mc_prob_0_FC_0.05_7
98,0.0,47,Male,mc_prob_0_FC_0.05_7
99,0.0,48,Male,mc_prob_0_FC_0.05_7
100,0.0,49,Male,mc_prob_0_FC_0.05_7
101,0.0,50,Male,mc_prob_0_FC_0.05_7
,Count,Generation,Sex,Run
0,7000.0,0,Female,mc_prob_0_FC_0.05_8
1,4305.0,1,Female,mc_prob_0_FC_0.05_8
2,4218.0,2,Female,mc_prob_0_FC_0.05_8
3,4191.0,3,Female,mc_prob_0_FC_0.05_8
4,4067.0,4,Female,mc_prob_0_FC_0.05_8
5,3927.0,5,Female,mc_prob_0_FC_0.05_8
6,3944.0,6,Female,mc_prob_0_FC_0.05_8
7,4049.0,7,Female,mc_prob_0_FC_0.05_8
8,3962.0,8,Female,mc_prob_0_FC_0.05_8
9,3915.0,9,Female,mc_prob_0_FC_0.05_8
10,3757.0,10,Female,mc_prob_0_FC_0.05_8
11,3822.0,11,Female,mc_prob_0_FC_0.05_8
12,3815.0,12,Female,mc_prob_0_FC_0.05_8
13,3681.0,13,Female,mc_prob_0_FC_0.05_8
14,3793.0,14,Female,mc_prob_0_FC_0.05_8
15,3671.0,15,Female,mc_prob_0_FC_0.05_8
16,3383.0,16,Female,mc_prob_0_FC_0.05_8
17,3230.0,17,Female,mc_prob_0_FC_0.05_8
18,3290.0,18,Female,mc_prob_0_FC_0.05_8
19,3206.0,19,Female,mc_prob_0_FC_0.05_8
20,3328.0,20,Female,mc_prob_0_FC_0.05_8
21,3142.0,21,Female,mc_prob_0_FC_0.05_8
22,2297.0,22,Female,mc_prob_0_FC_0.05_8
23,1402.0,23,Female,mc_prob_0_FC_0.05_8
24,731.0,24,Female,mc_prob_0_FC_0.05_8
25,296.0,25,Female,mc_prob_0_FC_0.05_8
26,260.0,26,Female,mc_prob_0_FC_0.05_8
27,36.0,27,Female,mc_prob_0_FC_0.05_8
28,7.0,28,Female,mc_prob_0_FC_0.05_8
29,0.0,29,Female,mc_prob_0_FC_0.05_8
30,0.0,30,Female,mc_prob_0_FC_0.05_8
31,0.0,31,Female,mc_prob_0_FC_0.05_8
32,0.0,32,Female,mc_prob_0_FC_0.05_8
33,0.0,33,Female,mc_prob_0_FC_0.05_8
34,0.0,34,Female,mc_prob_0_FC_0.05_8
35,0.0,35,Female,mc_prob_0_FC_0.05_8
36,0.0,36,Female,mc_prob_0_FC_0.05_8
37,0.0,37,Female,mc_prob_0_FC_0.05_8
38,0.0,38,Female,mc_prob_0_FC_0.05_8
39,0.0,39,Female,mc_prob_0_FC_0.05_8
40,0.0,40,Female,mc_prob_0_FC_0.05_8
41,0.0,41,Female,mc_prob_0_FC_0.05_8
42,0.0,42,Female,mc_prob_0_FC_0.05_8
43,0.0,43,Female,mc_prob_0_FC_0.05_8
44,0.0,44,Female,mc_prob_0_FC_0.05_8
45,0.0,45,Female,mc_prob_0_FC_0.05_8
46,0.0,46,Female,mc_prob_0_FC_0.05_8
47,0.0,47,Female,mc_prob_0_FC_0.05_8
48,0.0,48,Female,mc_prob_0_FC_0.05_8
49,0.0,49,Female,mc_prob_0_FC_0.05_8
50,0.0,50,Female,mc_prob_0_FC_0.05_8
51,5000.0,0,Male,mc_prob_0_FC_0.05_8
52,4307.0,1,Male,mc_prob_0_FC_0.05_8
53,4239.0,2,Male,mc_prob_0_FC_0.05_8
54,4270.0,3,Male,mc_prob_0_FC_0.05_8
55,4114.0,4,Male,mc_prob_0_FC_0.05_8
56,4117.0,5,Male,mc_prob_0_FC_0.05_8
57,3987.0,6,Male,mc_prob_0_FC_0.05_8
58,4140.0,7,Male,mc_prob_0_FC_0.05_8
59,4004.0,8,Male,mc_prob_0_FC_0.05_8
60,3954.0,9,Male,mc_prob_0_FC_0.05_8
61,3966.0,10,Male,mc_prob_0_FC_0.05_8
62,3923.0,11,Male,mc_prob_0_FC_0.05_8
63,3918.0,12,Male,mc_prob_0_FC_0.05_8
64,3750.0,13,Male,mc_prob_0_FC_0.05_8
65,3821.0,14,Male,mc_prob_0_FC_0.05_8
66,3730.0,15,Male,mc_prob_0_FC_0.05_8
67,3532.0,16,Male,mc_prob_0_FC_0.05_8
68,3371.0,17,Male,mc_prob_0_FC_0.05_8
69,3305.0,18,Male,mc_prob_0_FC_0.05_8
70,3346.0,19,Male,mc_prob_0_FC_0.05_8
71,3330.0,20,Male,mc_prob_0_FC_0.05_8
72,3184.0,21,Male,mc_prob_0_FC_0.05_8
73,2343.0,22,Male,mc_prob_0_FC_0.05_8
74,1471.0,23,Male,mc_prob_0_FC_0.05_8
75,816.0,24,Male,mc_prob_0_FC_0.05_8
76,307.0,25,Male,mc_prob_0_FC_0.05_8
77,298.0,26,Male,mc_prob_0_FC_0.05_8
78,41.0,27,Male,mc_prob_0_FC_0.05_8
79,8.0,28,Male,mc_prob_0_FC_0.05_8
80,0.0,29,Male,mc_prob_0_FC_0.05_8
81,0.0,30,Male,mc_prob_0_FC_0.05_8
82,0.0,31,Male,mc_prob_0_FC_0.05_8
83,0.0,32,Male,mc_prob_0_FC_0.05_8
84,0.0,33,Male,mc_prob_0_FC_0.05_8
85,0.0,34,Male,mc_prob_0_FC_0.05_8
86,0.0,35,Male,mc_prob_0_FC_0.05_8
87,0.0,36,Male,mc_prob_0_FC_0.05_8
88,0.0,37,Male,mc_prob_0_FC_0.05_8
89,0.0,38,Male,mc_prob_0_FC_0.05_8
90,0.0,39,Male,mc_prob_0_FC_0.05_8
91,0.0,40,Male,mc_prob_0_FC_0.05_8
92,0.0,41,Male,mc_prob_0_FC_0.05_8
93,0.0,42,Male,mc_prob_0_FC_0.05_8
94,0.0,43,Male,mc_prob_0_FC_0.05_8
95,0.0,44,Male,mc_prob_0_FC_0.05_8
96,0.0,45,Male,mc_prob_0_FC_0.05_8
97,0.0,46,Male,mc_prob_0_FC_0.05_8
98,0.0,47,Male,mc_prob_0_FC_0.05_8
99,0.0,48,Male,mc_prob_0_FC_0.05_8
100,0.0,49,Male,mc_prob_0_FC_0.05_8
101,0.0,50,Male,mc_prob_0_FC_0.05_8
,Count,Generation,Sex,Run
0,7000.0,0,Female,mc_prob_0_FC_0.05_9
1,4264.0,1,Female,mc_prob_0_FC_0.05_9
2,4156.0,2,Female,mc_prob_0_FC_0.05_9
3,4063.0,3,Female,mc_prob_0_FC_0.05_9
4,4077.0,4,Female,mc_prob_0_FC_0.05_9
5,4066.0,5,Female,mc_prob_0_FC_0.05_9
6,4115.0,6,Female,mc_prob_0_FC_0.05_9
7,3998.0,7,Female,mc_prob_0_FC_0.05_9
8,4005.0,8,Female,mc_prob_0_FC_0.05_9
9,3977.0,9,Female,mc_prob_0_FC_0.05_9
10,4075.0,10,Female,mc_prob_0_FC_0.05_9
11,4023.0,11,Female,mc_prob_0_FC_0.05_9
12,3976.0,12,Female,mc_prob_0_FC_0.05_9
13,3826.0,13,Female,mc_prob_0_FC_0.05_9
14,3807.0,14,Female,mc_prob_0_FC_0.05_9
15,3807.0,15,Female,mc_prob_0_FC_0.05_9
16,3639.0,16,Female,mc_prob_0_FC_0.05_9
17,3526.0,17,Female,mc_prob_0_FC_0.05_9
18,3381.0,18,Female,mc_prob_0_FC_0.05_9
19,3390.0,19,Female,mc_prob_0_FC_0.05_9
20,3313.0,20,Female,mc_prob_0_FC_0.05_9
21,3301.0,21,Female,mc_prob_0_FC_0.05_9
22,3271.0,22,Female,mc_prob_0_FC_0.05_9
23,3033.0,23,Female,mc_prob_0_FC_0.05_9
24,2444.0,24,Female,mc_prob_0_FC_0.05_9
25,1270.0,25,Female,mc_prob_0_FC_0.05_9
26,499.0,26,Female,mc_prob_0_FC_0.05_9
27,78.0,27,Female,mc_prob_0_FC_0.05_9
28,0.0,28,Female,mc_prob_0_FC_0.05_9
29,0.0,29,Female,mc_prob_0_FC_0.05_9
30,0.0,30,Female,mc_prob_0_FC_0.05_9
31,0.0,31,Female,mc_prob_0_FC_0.05_9
32,0.0,32,Female,mc_prob_0_FC_0.05_9
33,0.0,33,Female,mc_prob_0_FC_0.05_9
34,0.0,34,Female,mc_prob_0_FC_0.05_9
35,0.0,35,Female,mc_prob_0_FC_0.05_9
36,0.0,36,Female,mc_prob_0_FC_0.05_9
37,0.0,37,Female,mc_prob_0_FC_0.05_9
38,0.0,38,Female,mc_prob_0_FC_0.05_9
39,0.0,39,Female,mc_prob_0_FC_0.05_9
40,0.0,40,Female,mc_prob_0_FC_0.05_9
41,0.0,41,Female,mc_prob_0_FC_0.05_9
42,0.0,42,Female,mc_prob_0_FC_0.05_9
43,0.0,43,Female,mc_prob_0_FC_0.05_9
44,0.0,44,Female,mc_prob_0_FC_0.05_9
45,0.0,45,Female,mc_prob_0_FC_0.05_9
46,0.0,46,Female,mc_prob_0_FC_0.05_9
47,0.0,47,Female,mc_prob_0_FC_0.05_9
48,0.0,48,Female,mc_prob_0_FC_0.05_9
49,0.0,49,Female,mc_prob_0_FC_0.05_9
50,0.0,50,Female,mc_prob_0_FC_0.05_9
51,5000.0,0,Male,mc_prob_0_FC_0.05_9
52,4266.0,1,Male,mc_prob_0_FC_0.05_9
53,4185.0,2,Male,mc_prob_0_FC_0.05_9
54,4086.0,3,Male,mc_prob_0_FC_0.05_9
55,4219.0,4,Male,mc_prob_0_FC_0.05_9
56,4117.0,5,Male,mc_prob_0_FC_0.05_9
57,4170.0,6,Male,mc_prob_0_FC_0.05_9
58,4171.0,7,Male,mc_prob_0_FC_0.05_9
59,4033.0,8,Male,mc_prob_0_FC_0.05_9
60,3998.0,9,Male,mc_prob_0_FC_0.05_9
61,4079.0,10,Male,mc_prob_0_FC_0.05_9
62,4069.0,11,Male,mc_prob_0_FC_0.05_9
63,4088.0,12,Male,mc_prob_0_FC_0.05_9
64,3919.0,13,Male,mc_prob_0_FC_0.05_9
65,3855.0,14,Male,mc_prob_0_FC_0.05_9
66,3825.0,15,Male,mc_prob_0_FC_0.05_9
67,3668.0,16,Male,mc_prob_0_FC_0.05_9
68,3572.0,17,Male,mc_prob_0_FC_0.05_9
69,3449.0,18,Male,mc_prob_0_FC_0.05_9
70,3426.0,19,Male,mc_prob_0_FC_0.05_9
71,3339.0,20,Male,mc_prob_0_FC_0.05_9
72,3398.0,21,Male,mc_prob_0_FC_0.05_9
73,3337.0,22,Male,mc_prob_0_FC_0.05_9
74,3058.0,23,Male,mc_prob_0_FC_0.05_9
75,2464.0,24,Male,mc_prob_0_FC_0.05_9
76,1276.0,25,Male,mc_prob_0_FC_0.05_9
77,552.0,26,Male,mc_prob_0_FC_0.05_9
78,79.0,27,Male,mc_prob_0_FC_0.05_9
79,0.0,28,Male,mc_prob_0_FC_0.05_9
80,0.0,29,Male,mc_prob_0_FC_0.05_9
81,0.0,30,Male,mc_prob_0_FC_0.05_9
82,0.0,31,Male,mc_prob_0_FC_0.05_9
83,0.0,32,Male,mc_prob_0_FC_0.05_9
84,0.0,33,Male,mc_prob_0_FC_0.05_9
85,0.0,34,Male,mc_prob_0_FC_0.05_9
86,0.0,35,Male,mc_prob_0_FC_0.05_9
87,0.0,36,Male,mc_prob_0_FC_0.05_9
88,0.0,37,Male,mc_prob_0_FC_0.05_9
89,0.0,38,Male,mc_prob_0_FC_0.05_9
90,0.0,39,Male,mc_prob_0_FC_0.05_9
91,0.0,40,Male,mc_prob_0_FC_0.05_9
92,0.0,41,Male,mc_prob_0_FC_0.05_9
93,0.0,42,Male,mc_prob_0_FC_0.05_9
94,0.0,43,Male,mc_prob_0_FC_0.05_9
95,0.0,44,Male,mc_prob_0_FC_0.05_9
96,0.0,45,Male,mc_prob_0_FC_0.05_9
97,0.0,46,Male,mc_prob_0_FC_0.05_9
98,0.0,47,Male,mc_prob_0_FC_0.05_9
99,0.0,48,Male,mc_prob_0_FC_0.05_9
100,0.0,49,Male,mc_prob_0_FC_0.05_9
101,0.0,50,Male,mc_prob_0_FC_0.05_9
,Count,Generation,Sex,Run
0,7000.0,0,Female,mc_prob_0_FC_0.05_10
1,4245.0,1,Female,mc_prob_0_FC_0.05_10
2,4166.0,2,Female,mc_prob_0_FC_0.05_10
3,4234.0,3,Female,mc_prob_0_FC_0.05_10
4,4159.0,4,Female,mc_prob_0_FC_0.05_10
5,4159.0,5,Female,mc_prob_0_FC_0.05_10
6,4085.0,6,Female,mc_prob_0_FC_0.05_10
7,3913.0,7,Female,mc_prob_0_FC_0.05_10
8,4122.0,8,Female,mc_prob_0_FC_0.05_10
9,4008.0,9,Female,mc_prob_0_FC_0.05_10
10,4030.0,10,Female,mc_prob_0_FC_0.05_10
11,3922.0,11,Female,mc_prob_0_FC_0.05_10
12,3730.0,12,Female,mc_prob_0_FC_0.05_10
13,3752.0,13,Female,mc_prob_0_FC_0.05_10
14,3750.0,14,Female,mc_prob_0_FC_0.05_10
15,3744.0,15,Female,mc_prob_0_FC_0.05_10
16,3712.0,16,Female,mc_prob_0_FC_0.05_10
17,3645.0,17,Female,mc_prob_0_FC_0.05_10
18,3652.0,18,Female,mc_prob_0_FC_0.05_10
19,3535.0,19,Female,mc_prob_0_FC_0.05_10
20,3405.0,20,Female,mc_prob_0_FC_0.05_10
21,3379.0,21,Female,mc_prob_0_FC_0.05_10
22,3250.0,22,Female,mc_prob_0_FC_0.05_10
23,3172.0,23,Female,mc_prob_0_FC_0.05_10
24,3028.0,24,Female,mc_prob_0_FC_0.05_10
25,2626.0,25,Female,mc_prob_0_FC_0.05_10
26,1666.0,26,Female,mc_prob_0_FC_0.05_10
27,721.0,27,Female,mc_prob_0_FC_0.05_10
28,180.0,28,Female,mc_prob_0_FC_0.05_10
29,52.0,29,Female,mc_prob_0_FC_0.05_10
30,15.0,30,Female,mc_prob_0_FC_0.05_10
31,9.0,31,Female,mc_prob_0_FC_0.05_10
32,2.0,32,Female,mc_prob_0_FC_0.05_10
33,0.0,33,Female,mc_prob_0_FC_0.05_10
34,0.0,34,Female,mc_prob_0_FC_0.05_10
35,0.0,35,Female,mc_prob_0_FC_0.05_10
36,0.0,36,Female,mc_prob_0_FC_0.05_10
37,0.0,37,Female,mc_prob_0_FC_0.05_10
38,0.0,38,Female,mc_prob_0_FC_0.05_10
39,0.0,39,Female,mc_prob_0_FC_0.05_10
40,0.0,40,Female,mc_prob_0_FC_0.05_10
41,0.0,41,Female,mc_prob_0_FC_0.05_10
42,0.0,42,Female,mc_prob_0_FC_0.05_10
43,0.0,43,Female,mc_prob_0_FC_0.05_10
44,0.0,44,Female,mc_prob_0_FC_0.05_10
45,0.0,45,Female,mc_prob_0_FC_0.05_10
46,0.0,46,Female,mc_prob_0_FC_0.05_10
47,0.0,47,Female,mc_prob_0_FC_0.05_10
48,0.0,48,Female,mc_prob_0_FC_0.05_10
49,0.0,49,Female,mc_prob_0_FC_0.05_10
50,0.0,50,Female,mc_prob_0_FC_0.05_10
51,5000.0,0,Male,mc_prob_0_FC_0.05_10
52,4312.0,1,Male,mc_prob_0_FC_0.05_10
53,4194.0,2,Male,mc_prob_0_FC_0.05_10
54,4257.0,3,Male,mc_prob_0_FC_0.05_10
55,4222.0,4,Male,mc_prob_0_FC_0.05_10
56,4202.0,5,Male,mc_prob_0_FC_0.05_10
57,4136.0,6,Male,mc_prob_0_FC_0.05_10
58,4064.0,7,Male,mc_prob_0_FC_0.05_10
59,4161.0,8,Male,mc_prob_0_FC_0.05_10
60,4086.0,9,Male,mc_prob_0_FC_0.05_10
61,4042.0,10,Male,mc_prob_0_FC_0.05_10
62,3980.0,11,Male,mc_prob_0_FC_0.05_10
63,3869.0,12,Male,mc_prob_0_FC_0.05_10
64,3851.0,13,Male,mc_prob_0_FC_0.05_10
65,3754.0,14,Male,mc_prob_0_FC_0.05_10
66,3782.0,15,Male,mc_prob_0_FC_0.05_10
67,3787.0,16,Male,mc_prob_0_FC_0.05_10
68,3694.0,17,Male,mc_prob_0_FC_0.05_10
69,3653.0,18,Male,mc_prob_0_FC_0.05_10
70,3547.0,19,Male,mc_prob_0_FC_0.05_10
71,3461.0,20,Male,mc_prob_0_FC_0.05_10
72,3426.0,21,Male,mc_prob_0_FC_0.05_10
73,3367.0,22,Male,mc_prob_0_FC_0.05_10
74,3421.0,23,Male,mc_prob_0_FC_0.05_10
75,3085.0,24,Male,mc_prob_0_FC_0.05_10
76,2652.0,25,Male,mc_prob_0_FC_0.05_10
77,1693.0,26,Male,mc_prob_0_FC_0.05_10
78,750.0,27,Male,mc_prob_0_FC_0.05_10
79,198.0,28,Male,mc_prob_0_FC_0.05_10
80,52.0,29,Male,mc_prob_0_FC_0.05_10
81,28.0,30,Male,mc_prob_0_FC_0.05_10
82,11.0,31,Male,mc_prob_0_FC_0.05_10
83,7.0,32,Male,mc_prob_0_FC_0.05_10
84,0.0,33,Male,mc_prob_0_FC_0.05_10
85,0.0,34,Male,mc_prob_0_FC_0.05_10
86,0.0,35,Male,mc_prob_0_FC_0.05_10
87,0.0,36,Male,mc_prob_0_FC_0.05_10
88,0.0,37,Male,mc_prob_0_FC_0.05_10
89,0.0,38,Male,mc_prob_0_FC_0.05_10
90,0.0,39,Male,mc_prob_0_FC_0.05_10
91,0.0,40,Male,mc_prob_0_FC_0.05_10
92,0.0,41,Male,mc_prob_0_FC_0.05_10
93,0.0,42,Male,mc_prob_0_FC_0.05_10
94,0.0,43,Male,mc_prob_0_FC_0.05_10
95,0.0,44,Male,mc_prob_0_FC_0.05_10
96,0.0,45,Male,mc_prob_0_FC_0.05_10
97,0.0,46,Male,mc_prob_0_FC_0.05_10
98,0.0,47,Male,mc_prob_0_FC_0.05_10
99,0.0,48,Male,mc_prob_0_FC_0.05_10
100,0.0,49,Male,mc_prob_0_FC_0.05_10
101,0.0,50,Male,mc_prob_0_FC_0.05_10
,Count,Generation,Sex,Run
0,7000,0,Female,mc_prob_0_FC_0.1_1
1,4079,1,Female,mc_prob_0_FC_0.1_1
2,4043,2,Female,mc_prob_0_FC_0.1_1
3,3915,3,Female,mc_prob_0_FC_0.1_1
4,4029,4,Female,mc_prob_0_FC_0.1_1
5,4062,5,Female,mc_prob_0_FC_0.1_1
6,4212,6,Female,mc_prob_0_FC_0.1_1
7,4152,7,Female,mc_prob_0_FC_0.1_1
8,4136,8,Female,mc_prob_0_FC_0.1_1
9,4132,9,Female,mc_prob_0_FC_0.1_1
10,4204,10,Female,mc_prob_0_FC_0.1_1
11,4141,11,Female,mc_prob_0_FC_0.1_1
12,4169,12,Female,mc_prob_0_FC_0.1_1
13,4189,13,Female,mc_prob_0_FC_0.1_1
14,4235,14,Female,mc_prob_0_FC_0.1_1
15,4249,15,Female,mc_prob_0_FC_0.1_1
16,4288,16,Female,mc_prob_0_FC_0.1_1
17,4246,17,Female,mc_prob_0_FC_0.1_1
18,4302,18,Female,mc_prob_0_FC_0.1_1
19,4290,19,Female,mc_prob_0_FC_0.1_1
20,4305,20,Female,mc_prob_0_FC_0.1_1
21,4355,21,Female,mc_prob_0_FC_0.1_1
22,4421,22,Female,mc_prob_0_FC_0.1_1
23,4363,23,Female,mc_prob_0_FC_0.1_1
24,4421,24,Female,mc_prob_0_FC_0.1_1
25,4378,25,Female,mc_prob_0_FC_0.1_1
26,4209,26,Female,mc_prob_0_FC_0.1_1
27,4385,27,Female,mc_prob_0_FC_0.1_1
28,4391,28,Female,mc_prob_0_FC_0.1_1
29,4613,29,Female,mc_prob_0_FC_0.1_1
30,4564,30,Female,mc_prob_0_FC_0.1_1
31,4607,31,Female,mc_prob_0_FC_0.1_1
32,4496,32,Female,mc_prob_0_FC_0.1_1
33,4596,33,Female,mc_prob_0_FC_0.1_1
34,4563,34,Female,mc_prob_0_FC_0.1_1
35,4497,35,Female,mc_prob_0_FC_0.1_1
36,4455,36,Female,mc_prob_0_FC_0.1_1
37,4575,37,Female,mc_prob_0_FC_0.1_1
38,4699,38,Female,mc_prob_0_FC_0.1_1
39,4642,39,Female,mc_prob_0_FC_0.1_1
40,4699,40,Female,mc_prob_0_FC_0.1_1
41,4627,41,Female,mc_prob_0_FC_0.1_1
42,4646,42,Female,mc_prob_0_FC_0.1_1
43,4721,43,Female,mc_prob_0_FC_0.1_1
44,4786,44,Female,mc_prob_0_FC_0.1_1
45,4833,45,Female,mc_prob_0_FC_0.1_1
46,4727,46,Female,mc_prob_0_FC_0.1_1
47,4746,47,Female,mc_prob_0_FC_0.1_1
48,4796,48,Female,mc_prob_0_FC_0.1_1
49,4846,49,Female,mc_prob_0_FC_0.1_1
50,4787,50,Female,mc_prob_0_FC_0.1_1
51,5000,0,Male,mc_prob_0_FC_0.1_1
52,4135,1,Male,mc_prob_0_FC_0.1_1
53,4163,2,Male,mc_prob_0_FC_0.1_1
54,4248,3,Male,mc_prob_0_FC_0.1_1
55,4074,4,Male,mc_prob_0_FC_0.1_1
56,4099,5,Male,mc_prob_0_FC_0.1_1
57,4315,6,Male,mc_prob_0_FC_0.1_1
58,4170,7,Male,mc_prob_0_FC_0.1_1
59,4408,8,Male,mc_prob_0_FC_0.1_1
60,4136,9,Male,mc_prob_0_FC_0.1_1
61,4262,10,Male,mc_prob_0_FC_0.1_1
62,4152,11,Male,mc_prob_0_FC_0.1_1
63,4269,12,Male,mc_prob_0_FC_0.1_1
64,4205,13,Male,mc_prob_0_FC_0.1_1
65,4252,14,Male,mc_prob_0_FC_0.1_1
66,4304,15,Male,mc_prob_0_FC_0.1_1
67,4298,16,Male,mc_prob_0_FC_0.1_1
68,4389,17,Male,mc_prob_0_FC_0.1_1
69,4316,18,Male,mc_prob_0_FC_0.1_1
70,4335,19,Male,mc_prob_0_FC_0.1_1
71,4324,20,Male,mc_prob_0_FC_0.1_1
72,4399,21,Male,mc_prob_0_FC_0.1_1
73,4433,22,Male,mc_prob_0_FC_0.1_1
74,4427,23,Male,mc_prob_0_FC_0.1_1
75,4438,24,Male,mc_prob_0_FC_0.1_1
76,4469,25,Male,mc_prob_0_FC_0.1_1
77,4388,26,Male,mc_prob_0_FC_0.1_1
78,4479,27,Male,mc_prob_0_FC_0.1_1
79,4456,28,Male,mc_prob_0_FC_0.1_1
80,4640,29,Male,mc_prob_0_FC_0.1_1
81,4609,30,Male,mc_prob_0_FC_0.1_1
82,4675,31,Male,mc_prob_0_FC_0.1_1
83,4534,32,Male,mc_prob_0_FC_0.1_1
84,4647,33,Male,mc_prob_0_FC_0.1_1
85,4621,34,Male,mc_prob_0_FC_0.1_1
86,4598,35,Male,mc_prob_0_FC_0.1_1
87,4667,36,Male,mc_prob_0_FC_0.1_1
88,4622,37,Male,mc_prob_0_FC_0.1_1
89,4803,38,Male,mc_prob_0_FC_0.1_1
90,4660,39,Male,mc_prob_0_FC_0.1_1
91,4737,40,Male,mc_prob_0_FC_0.1_1
92,4824,41,Male,mc_prob_0_FC_0.1_1
93,4753,42,Male,mc_prob_0_FC_0.1_1
94,4815,43,Male,mc_prob_0_FC_0.1_1
95,4797,44,Male,mc_prob_0_FC_0.1_1
96,4886,45,Male,mc_prob_0_FC_0.1_1
97,4782,46,Male,mc_prob_0_FC_0.1_1
98,4774,47,Male,mc_prob_0_FC_0.1_1
99,4813,48,Male,mc_prob_0_FC_0.1_1
100,4850,49,Male,mc_prob_0_FC_0.1_1
101,4876,50,Male,mc_prob_0_FC_0.1_1
,Count,Generation,Sex,Run
0,7000,0,Female,mc_prob_0_FC_0.1_2
1,4091,1,Female,mc_prob_0_FC_0.1_2
2,4103,2,Female,mc_prob_0_FC_0.1_2
3,4109,3,Female,mc_prob_0_FC_0.1_2
4,4094,4,Female,mc_prob_0_FC_0.1_2
5,4139,5,Female,mc_prob_0_FC_0.1_2
6,4149,6,Female,mc_prob_0_FC_0.1_2
7,4184,7,Female,mc_prob_0_FC_0.1_2
8,4218,8,Female,mc_prob_0_FC_0.1_2
9,4224,9,Female,mc_prob_0_FC_0.1_2
10,4236,10,Female,mc_prob_0_FC_0.1_2
11,4387,11,Female,mc_prob_0_FC_0.1_2
12,4300,12,Female,mc_prob_0_FC_0.1_2
13,4266,13,Female,mc_prob_0_FC_0.1_2
14,4252,14,Female,mc_prob_0_FC_0.1_2
15,4310,15,Female,mc_prob_0_FC_0.1_2
16,4418,16,Female,mc_prob_0_FC_0.1_2
17,4411,17,Female,mc_prob_0_FC_0.1_2
18,4443,18,Female,mc_prob_0_FC_0.1_2
19,4402,19,Female,mc_prob_0_FC_0.1_2
20,4460,20,Female,mc_prob_0_FC_0.1_2
21,4428,21,Female,mc_prob_0_FC_0.1_2
22,4485,22,Female,mc_prob_0_FC_0.1_2
23,4406,23,Female,mc_prob_0_FC_0.1_2
24,4550,24,Female,mc_prob_0_FC_0.1_2
25,4581,25,Female,mc_prob_0_FC_0.1_2
26,4530,26,Female,mc_prob_0_FC_0.1_2
27,4555,27,Female,mc_prob_0_FC_0.1_2
28,4668,28,Female,mc_prob_0_FC_0.1_2
29,4523,29,Female,mc_prob_0_FC_0.1_2
30,4604,30,Female,mc_prob_0_FC_0.1_2
31,4602,31,Female,mc_prob_0_FC_0.1_2
32,4668,32,Female,mc_prob_0_FC_0.1_2
33,4781,33,Female,mc_prob_0_FC_0.1_2
34,4705,34,Female,mc_prob_0_FC_0.1_2
35,4808,35,Female,mc_prob_0_FC_0.1_2
36,4780,36,Female,mc_prob_0_FC_0.1_2
37,4833,37,Female,mc_prob_0_FC_0.1_2
38,4807,38,Female,mc_prob_0_FC_0.1_2
39,4815,39,Female,mc_prob_0_FC_0.1_2
40,4996,40,Female,mc_prob_0_FC_0.1_2
41,4818,41,Female,mc_prob_0_FC_0.1_2
42,4781,42,Female,mc_prob_0_FC_0.1_2
43,4916,43,Female,mc_prob_0_FC_0.1_2
44,4976,44,Female,mc_prob_0_FC_0.1_2
45,4966,45,Female,mc_prob_0_FC_0.1_2
46,4997,46,Female,mc_prob_0_FC_0.1_2
47,4854,47,Female,mc_prob_0_FC_0.1_2
48,4794,48,Female,mc_prob_0_FC_0.1_2
49,4756,49,Female,mc_prob_0_FC_0.1_2
50,4923,50,Female,mc_prob_0_FC_0.1_2
51,5000,0,Male,mc_prob_0_FC_0.1_2
52,4100,1,Male,mc_prob_0_FC_0.1_2
53,4173,2,Male,mc_prob_0_FC_0.1_2
54,4181,3,Male,mc_prob_0_FC_0.1_2
55,4139,4,Male,mc_prob_0_FC_0.1_2
56,4201,5,Male,mc_prob_0_FC_0.1_2
57,4233,6,Male,mc_prob_0_FC_0.1_2
58,4261,7,Male,mc_prob_0_FC_0.1_2
59,4224,8,Male,mc_prob_0_FC_0.1_2
60,4286,9,Male,mc_prob_0_FC_0.1_2
61,4287,10,Male,mc_prob_0_FC_0.1_2
62,4434,11,Male,mc_prob_0_FC_0.1_2
63,4312,12,Male,mc_prob_0_FC_0.1_2
64,4409,13,Male,mc_prob_0_FC_0.1_2
65,4414,14,Male,mc_prob_0_FC_0.1_2
66,4427,15,Male,mc_prob_0_FC_0.1_2
67,4454,16,Male,mc_prob_0_FC_0.1_2
68,4545,17,Male,mc_prob_0_FC_0.1_2
69,4593,18,Male,mc_prob_0_FC_0.1_2
70,4444,19,Male,mc_prob_0_FC_0.1_2
71,4474,20,Male,mc_prob_0_FC_0.1_2
72,4469,21,Male,mc_prob_0_FC_0.1_2
73,4503,22,Male,mc_prob_0_FC_0.1_2
74,4555,23,Male,mc_prob_0_FC_0.1_2
75,4648,24,Male,mc_prob_0_FC_0.1_2
76,4595,25,Male,mc_prob_0_FC_0.1_2
77,4640,26,Male,mc_prob_0_FC_0.1_2
78,4594,27,Male,mc_prob_0_FC_0.1_2
79,4697,28,Male,mc_prob_0_FC_0.1_2
80,4777,29,Male,mc_prob_0_FC_0.1_2
81,4712,30,Male,mc_prob_0_FC_0.1_2
82,4698,31,Male,mc_prob_0_FC_0.1_2
83,4723,32,Male,mc_prob_0_FC_0.1_2
84,4791,33,Male,mc_prob_0_FC_0.1_2
85,4760,34,Male,mc_prob_0_FC_0.1_2
86,4844,35,Male,mc_prob_0_FC_0.1_2
87,4817,36,Male,mc_prob_0_FC_0.1_2
88,4879,37,Male,mc_prob_0_FC_0.1_2
89,4839,38,Male,mc_prob_0_FC_0.1_2
90,4828,39,Male,mc_prob_0_FC_0.1_2
91,5004,40,Male,mc_prob_0_FC_0.1_2
92,4891,41,Male,mc_prob_0_FC_0.1_2
93,4895,42,Male,mc_prob_0_FC_0.1_2
94,4922,43,Male,mc_prob_0_FC_0.1_2
95,4998,44,Male,mc_prob_0_FC_0.1_2
96,5017,45,Male,mc_prob_0_FC_0.1_2
97,5023,46,Male,mc_prob_0_FC_0.1_2
98,5048,47,Male,mc_prob_0_FC_0.1_2
99,4899,48,Male,mc_prob_0_FC_0.1_2
100,4850,49,Male,mc_prob_0_FC_0.1_2
101,4928,50,Male,mc_prob_0_FC_0.1_2
,Count,Generation,Sex,Run
0,7000,0,Female,mc_prob_0_FC_0.1_3
1,4168,1,Female,mc_prob_0_FC_0.1_3
2,4241,2,Female,mc_prob_0_FC_0.1_3
3,4197,3,Female,mc_prob_0_FC_0.1_3
4,4202,4,Female,mc_prob_0_FC_0.1_3
5,4243,5,Female,mc_prob_0_FC_0.1_3
6,4212,6,Female,mc_prob_0_FC_0.1_3
7,4338,7,Female,mc_prob_0_FC_0.1_3
8,4323,8,Female,mc_prob_0_FC_0.1_3
9,4260,9,Female,mc_prob_0_FC_0.1_3
10,4276,10,Female,mc_prob_0_FC_0.1_3
11,4260,11,Female,mc_prob_0_FC_0.1_3
12,4345,12,Female,mc_prob_0_FC_0.1_3
13,4307,13,Female,mc_prob_0_FC_0.1_3
14,4281,14,Female,mc_prob_0_FC_0.1_3
15,4324,15,Female,mc_prob_0_FC_0.1_3
16,4452,16,Female,mc_prob_0_FC_0.1_3
17,4417,17,Female,mc_prob_0_FC_0.1_3
18,4470,18,Female,mc_prob_0_FC_0.1_3
19,4475,19,Female,mc_prob_0_FC_0.1_3
20,4514,20,Female,mc_prob_0_FC_0.1_3
21,4641,21,Female,mc_prob_0_FC_0.1_3
22,4630,22,Female,mc_prob_0_FC_0.1_3
23,4768,23,Female,mc_prob_0_FC_0.1_3
24,4507,24,Female,mc_prob_0_FC_0.1_3
25,4567,25,Female,mc_prob_0_FC_0.1_3
26,4511,26,Female,mc_prob_0_FC_0.1_3
27,4734,27,Female,mc_prob_0_FC_0.1_3
28,4678,28,Female,mc_prob_0_FC_0.1_3
29,4532,29,Female,mc_prob_0_FC_0.1_3
30,4637,30,Female,mc_prob_0_FC_0.1_3
31,4683,31,Female,mc_prob_0_FC_0.1_3
32,4700,32,Female,mc_prob_0_FC_0.1_3
33,4737,33,Female,mc_prob_0_FC_0.1_3
34,4676,34,Female,mc_prob_0_FC_0.1_3
35,4848,35,Female,mc_prob_0_FC_0.1_3
36,4697,36,Female,mc_prob_0_FC_0.1_3
37,4798,37,Female,mc_prob_0_FC_0.1_3
38,4735,38,Female,mc_prob_0_FC_0.1_3
39,4735,39,Female,mc_prob_0_FC_0.1_3
40,4744,40,Female,mc_prob_0_FC_0.1_3
41,4849,41,Female,mc_prob_0_FC_0.1_3
42,4818,42,Female,mc_prob_0_FC_0.1_3
43,5032,43,Female,mc_prob_0_FC_0.1_3
44,4915,44,Female,mc_prob_0_FC_0.1_3
45,4906,45,Female,mc_prob_0_FC_0.1_3
46,4962,46,Female,mc_prob_0_FC_0.1_3
47,4987,47,Female,mc_prob_0_FC_0.1_3
48,4864,48,Female,mc_prob_0_FC_0.1_3
49,4897,49,Female,mc_prob_0_FC_0.1_3
50,4785,50,Female,mc_prob_0_FC_0.1_3
51,5000,0,Male,mc_prob_0_FC_0.1_3
52,4192,1,Male,mc_prob_0_FC_0.1_3
53,4294,2,Male,mc_prob_0_FC_0.1_3
54,4230,3,Male,mc_prob_0_FC_0.1_3
55,4246,4,Male,mc_prob_0_FC_0.1_3
56,4381,5,Male,mc_prob_0_FC_0.1_3
57,4255,6,Male,mc_prob_0_FC_0.1_3
58,4395,7,Male,mc_prob_0_FC_0.1_3
59,4369,8,Male,mc_prob_0_FC_0.1_3
60,4351,9,Male,mc_prob_0_FC_0.1_3
61,4297,10,Male,mc_prob_0_FC_0.1_3
62,4296,11,Male,mc_prob_0_FC_0.1_3
63,4349,12,Male,mc_prob_0_FC_0.1_3
64,4446,13,Male,mc_prob_0_FC_0.1_3
65,4408,14,Male,mc_prob_0_FC_0.1_3
66,4361,15,Male,mc_prob_0_FC_0.1_3
67,4499,16,Male,mc_prob_0_FC_0.1_3
68,4514,17,Male,mc_prob_0_FC_0.1_3
69,4573,18,Male,mc_prob_0_FC_0.1_3
70,4504,19,Male,mc_prob_0_FC_0.1_3
71,4571,20,Male,mc_prob_0_FC_0.1_3
72,4660,21,Male,mc_prob_0_FC_0.1_3
73,4660,22,Male,mc_prob_0_FC_0.1_3
74,4826,23,Male,mc_prob_0_FC_0.1_3
75,4673,24,Male,mc_prob_0_FC_0.1_3
76,4655,25,Male,mc_prob_0_FC_0.1_3
77,4663,26,Male,mc_prob_0_FC_0.1_3
78,4753,27,Male,mc_prob_0_FC_0.1_3
79,4750,28,Male,mc_prob_0_FC_0.1_3
80,4536,29,Male,mc_prob_0_FC_0.1_3
81,4789,30,Male,mc_prob_0_FC_0.1_3
82,4783,31,Male,mc_prob_0_FC_0.1_3
83,4745,32,Male,mc_prob_0_FC_0.1_3
84,4868,33,Male,mc_prob_0_FC_0.1_3
85,4765,34,Male,mc_prob_0_FC_0.1_3
86,4951,35,Male,mc_prob_0_FC_0.1_3
87,4772,36,Male,mc_prob_0_FC_0.1_3
88,4846,37,Male,mc_prob_0_FC_0.1_3
89,4820,38,Male,mc_prob_0_FC_0.1_3
90,4767,39,Male,mc_prob_0_FC_0.1_3
91,4762,40,Male,mc_prob_0_FC_0.1_3
92,4929,41,Male,mc_prob_0_FC_0.1_3
93,4840,42,Male,mc_prob_0_FC_0.1_3
94,5082,43,Male,mc_prob_0_FC_0.1_3
95,4932,44,Male,mc_prob_0_FC_0.1_3
96,4910,45,Male,mc_prob_0_FC_0.1_3
97,5028,46,Male,mc_prob_0_FC_0.1_3
98,5013,47,Male,mc_prob_0_FC_0.1_3
99,4888,48,Male,mc_prob_0_FC_0.1_3
100,5012,49,Male,mc_prob_0_FC_0.1_3
101,4912,50,Male,mc_prob_0_FC_0.1_3
,Count,Generation,Sex,Run
0,7000,0,Female,mc_prob_0_FC_0.1_4
1,4116,1,Female,mc_prob_0_FC_0.1_4
2,4197,2,Female,mc_prob_0_FC_0.1_4
3,4084,3,Female,mc_prob_0_FC_0.1_4
4,4131,4,Female,mc_prob_0_FC_0.1_4
5,4192,5,Female,mc_prob_0_FC_0.1_4
6,4268,6,Female,mc_prob_0_FC_0.1_4
7,4299,7,Female,mc_prob_0_FC_0.1_4
8,4232,8,Female,mc_prob_0_FC_0.1_4
9,4292,9,Female,mc_prob_0_FC_0.1_4
10,4301,10,Female,mc_prob_0_FC_0.1_4
11,4256,11,Female,mc_prob_0_FC_0.1_4
12,4077,12,Female,mc_prob_0_FC_0.1_4
13,4226,13,Female,mc_prob_0_FC_0.1_4
14,4304,14,Female,mc_prob_0_FC_0.1_4
15,4399,15,Female,mc_prob_0_FC_0.1_4
16,4465,16,Female,mc_prob_0_FC_0.1_4
17,4477,17,Female,mc_prob_0_FC_0.1_4
18,4597,18,Female,mc_prob_0_FC_0.1_4
19,4457,19,Female,mc_prob_0_FC_0.1_4
20,4358,20,Female,mc_prob_0_FC_0.1_4
21,4373,21,Female,mc_prob_0_FC_0.1_4
22,4321,22,Female,mc_prob_0_FC_0.1_4
23,4313,23,Female,mc_prob_0_FC_0.1_4
24,4587,24,Female,mc_prob_0_FC_0.1_4
25,4579,25,Female,mc_prob_0_FC_0.1_4
26,4555,26,Female,mc_prob_0_FC_0.1_4
27,4594,27,Female,mc_prob_0_FC_0.1_4
28,4640,28,Female,mc_prob_0_FC_0.1_4
29,4670,29,Female,mc_prob_0_FC_0.1_4
30,4721,30,Female,mc_prob_0_FC_0.1_4
31,4632,31,Female,mc_prob_0_FC_0.1_4
32,4554,32,Female,mc_prob_0_FC_0.1_4
33,4562,33,Female,mc_prob_0_FC_0.1_4
34,4735,34,Female,mc_prob_0_FC_0.1_4
35,4778,35,Female,mc_prob_0_FC_0.1_4
36,4812,36,Female,mc_prob_0_FC_0.1_4
37,4759,37,Female,mc_prob_0_FC_0.1_4
38,4650,38,Female,mc_prob_0_FC_0.1_4
39,4627,39,Female,mc_prob_0_FC_0.1_4
40,4880,40,Female,mc_prob_0_FC_0.1_4
41,4863,41,Female,mc_prob_0_FC_0.1_4
42,4893,42,Female,mc_prob_0_FC_0.1_4
43,4720,43,Female,mc_prob_0_FC_0.1_4
44,4802,44,Female,mc_prob_0_FC_0.1_4
45,4847,45,Female,mc_prob_0_FC_0.1_4
46,4946,46,Female,mc_prob_0_FC_0.1_4
47,4865,47,Female,mc_prob_0_FC_0.1_4
48,4744,48,Female,mc_prob_0_FC_0.1_4
49,4899,49,Female,mc_prob_0_FC_0.1_4
50,4986,50,Female,mc_prob_0_FC_0.1_4
51,5000,0,Male,mc_prob_0_FC_0.1_4
52,4141,1,Male,mc_prob_0_FC_0.1_4
53,4225,2,Male,mc_prob_0_FC_0.1_4
54,4280,3,Male,mc_prob_0_FC_0.1_4
55,4155,4,Male,mc_prob_0_FC_0.1_4
56,4219,5,Male,mc_prob_0_FC_0.1_4
57,4351,6,Male,mc_prob_0_FC_0.1_4
58,4339,7,Male,mc_prob_0_FC_0.1_4
59,4307,8,Male,mc_prob_0_FC_0.1_4
60,4342,9,Male,mc_prob_0_FC_0.1_4
61,4351,10,Male,mc_prob_0_FC_0.1_4
62,4317,11,Male,mc_prob_0_FC_0.1_4
63,4197,12,Male,mc_prob_0_FC_0.1_4
64,4276,13,Male,mc_prob_0_FC_0.1_4
65,4338,14,Male,mc_prob_0_FC_0.1_4
66,4431,15,Male,mc_prob_0_FC_0.1_4
67,4493,16,Male,mc_prob_0_FC_0.1_4
68,4524,17,Male,mc_prob_0_FC_0.1_4
69,4617,18,Male,mc_prob_0_FC_0.1_4
70,4515,19,Male,mc_prob_0_FC_0.1_4
71,4460,20,Male,mc_prob_0_FC_0.1_4
72,4483,21,Male,mc_prob_0_FC_0.1_4
73,4522,22,Male,mc_prob_0_FC_0.1_4
74,4431,23,Male,mc_prob_0_FC_0.1_4
75,4611,24,Male,mc_prob_0_FC_0.1_4
76,4650,25,Male,mc_prob_0_FC_0.1_4
77,4644,26,Male,mc_prob_0_FC_0.1_4
78,4596,27,Male,mc_prob_0_FC_0.1_4
79,4673,28,Male,mc_prob_0_FC_0.1_4
80,4717,29,Male,mc_prob_0_FC_0.1_4
81,4751,30,Male,mc_prob_0_FC_0.1_4
82,4738,31,Male,mc_prob_0_FC_0.1_4
83,4723,32,Male,mc_prob_0_FC_0.1_4
84,4600,33,Male,mc_prob_0_FC_0.1_4
85,4785,34,Male,mc_prob_0_FC_0.1_4
86,4831,35,Male,mc_prob_0_FC_0.1_4
87,4876,36,Male,mc_prob_0_FC_0.1_4
88,4912,37,Male,mc_prob_0_FC_0.1_4
89,4791,38,Male,mc_prob_0_FC_0.1_4
90,4690,39,Male,mc_prob_0_FC_0.1_4
91,4904,40,Male,mc_prob_0_FC_0.1_4
92,4962,41,Male,mc_prob_0_FC_0.1_4
93,4981,42,Male,mc_prob_0_FC_0.1_4
94,4786,43,Male,mc_prob_0_FC_0.1_4
95,4904,44,Male,mc_prob_0_FC_0.1_4
96,4900,45,Male,mc_prob_0_FC_0.1_4
97,5001,46,Male,mc_prob_0_FC_0.1_4
98,5032,47,Male,mc_prob_0_FC_0.1_4
99,4850,48,Male,mc_prob_0_FC_0.1_4
100,4933,49,Male,mc_prob_0_FC_0.1_4
101,4988,50,Male,mc_prob_0_FC_0.1_4
,Count,Generation,Sex,Run
0,7000,0,Female,mc_prob_0_FC_0.1_5
1,4163,1,Female,mc_prob_0_FC_0.1_5
2,4052,2,Female,mc_prob_0_FC_0.1_5
3,4118,3,Female,mc_prob_0_FC_0.1_5
4,4181,4,Female,mc_prob_0_FC_0.1_5
5,4195,5,Female,mc_prob_0_FC_0.1_5
6,4308,6,Female,mc_prob_0_FC_0.1_5
7,4303,7,Female,mc_prob_0_FC_0.1_5
8,4454,8,Female,mc_prob_0_FC_0.1_5
9,4320,9,Female,mc_prob_0_FC_0.1_5
10,4267,10,Female,mc_prob_0_FC_0.1_5
11,4378,11,Female,mc_prob_0_FC_0.1_5
12,4426,12,Female,mc_prob_0_FC_0.1_5
13,4501,13,Female,mc_prob_0_FC_0.1_5
14,4428,14,Female,mc_prob_0_FC_0.1_5
15,4532,15,Female,mc_prob_0_FC_0.1_5
16,4450,16,Female,mc_prob_0_FC_0.1_5
17,4483,17,Female,mc_prob_0_FC_0.1_5
18,4533,18,Female,mc_prob_0_FC_0.1_5
19,4565,19,Female,mc_prob_0_FC_0.1_5
20,4565,20,Female,mc_prob_0_FC_0.1_5
21,4522,21,Female,mc_prob_0_FC_0.1_5
22,4549,22,Female,mc_prob_0_FC_0.1_5
23,4527,23,Female,mc_prob_0_FC_0.1_5
24,4563,24,Female,mc_prob_0_FC_0.1_5
25,4598,25,Female,mc_prob_0_FC_0.1_5
26,4760,26,Female,mc_prob_0_FC_0.1_5
27,4654,27,Female,mc_prob_0_FC_0.1_5
28,4612,28,Female,mc_prob_0_FC_0.1_5
29,4711,29,Female,mc_prob_0_FC_0.1_5
30,4784,30,Female,mc_prob_0_FC_0.1_5
31,4791,31,Female,mc_prob_0_FC_0.1_5
32,4795,32,Female,mc_prob_0_FC_0.1_5
33,4858,33,Female,mc_prob_0_FC_0.1_5
34,4947,34,Female,mc_prob_0_FC_0.1_5
35,4780,35,Female,mc_prob_0_FC_0.1_5
36,4857,36,Female,mc_prob_0_FC_0.1_5
37,4773,37,Female,mc_prob_0_FC_0.1_5
38,4840,38,Female,mc_prob_0_FC_0.1_5
39,4822,39,Female,mc_prob_0_FC_0.1_5
40,4816,40,Female,mc_prob_0_FC_0.1_5
41,4754,41,Female,mc_prob_0_FC_0.1_5
42,4894,42,Female,mc_prob_0_FC_0.1_5
43,4963,43,Female,mc_prob_0_FC_0.1_5
44,4907,44,Female,mc_prob_0_FC_0.1_5
45,5014,45,Female,mc_prob_0_FC_0.1_5
46,4879,46,Female,mc_prob_0_FC_0.1_5
47,4933,47,Female,mc_prob_0_FC_0.1_5
48,4861,48,Female,mc_prob_0_FC_0.1_5
49,4900,49,Female,mc_prob_0_FC_0.1_5
50,4827,50,Female,mc_prob_0_FC_0.1_5
51,5000,0,Male,mc_prob_0_FC_0.1_5
52,4278,1,Male,mc_prob_0_FC_0.1_5
53,4167,2,Male,mc_prob_0_FC_0.1_5
54,4144,3,Male,mc_prob_0_FC_0.1_5
55,4224,4,Male,mc_prob_0_FC_0.1_5
56,4216,5,Male,mc_prob_0_FC_0.1_5
57,4357,6,Male,mc_prob_0_FC_0.1_5
58,4382,7,Male,mc_prob_0_FC_0.1_5
59,4469,8,Male,mc_prob_0_FC_0.1_5
60,4500,9,Male,mc_prob_0_FC_0.1_5
61,4273,10,Male,mc_prob_0_FC_0.1_5
62,4399,11,Male,mc_prob_0_FC_0.1_5
63,4533,12,Male,mc_prob_0_FC_0.1_5
64,4503,13,Male,mc_prob_0_FC_0.1_5
65,4498,14,Male,mc_prob_0_FC_0.1_5
66,4541,15,Male,mc_prob_0_FC_0.1_5
67,4490,16,Male,mc_prob_0_FC_0.1_5
68,4568,17,Male,mc_prob_0_FC_0.1_5
69,4600,18,Male,mc_prob_0_FC_0.1_5
70,4574,19,Male,mc_prob_0_FC_0.1_5
71,4633,20,Male,mc_prob_0_FC_0.1_5
72,4658,21,Male,mc_prob_0_FC_0.1_5
73,4642,22,Male,mc_prob_0_FC_0.1_5
74,4622,23,Male,mc_prob_0_FC_0.1_5
75,4627,24,Male,mc_prob_0_FC_0.1_5
76,4639,25,Male,mc_prob_0_FC_0.1_5
77,4780,26,Male,mc_prob_0_FC_0.1_5
78,4790,27,Male,mc_prob_0_FC_0.1_5
79,4700,28,Male,mc_prob_0_FC_0.1_5
80,4716,29,Male,mc_prob_0_FC_0.1_5
81,4788,30,Male,mc_prob_0_FC_0.1_5
82,4798,31,Male,mc_prob_0_FC_0.1_5
83,4803,32,Male,mc_prob_0_FC_0.1_5
84,4871,33,Male,mc_prob_0_FC_0.1_5
85,4996,34,Male,mc_prob_0_FC_0.1_5
86,4803,35,Male,mc_prob_0_FC_0.1_5
87,4957,36,Male,mc_prob_0_FC_0.1_5
88,4884,37,Male,mc_prob_0_FC_0.1_5
89,4853,38,Male,mc_prob_0_FC_0.1_5
90,4984,39,Male,mc_prob_0_FC_0.1_5
91,4870,40,Male,mc_prob_0_FC_0.1_5
92,4868,41,Male,mc_prob_0_FC_0.1_5
93,4952,42,Male,mc_prob_0_FC_0.1_5
94,5018,43,Male,mc_prob_0_FC_0.1_5
95,4961,44,Male,mc_prob_0_FC_0.1_5
96,5045,45,Male,mc_prob_0_FC_0.1_5
97,4945,46,Male,mc_prob_0_FC_0.1_5
98,4956,47,Male,mc_prob_0_FC_0.1_5
99,4881,48,Male,mc_prob_0_FC_0.1_5
100,4948,49,Male,mc_prob_0_FC_0.1_5
101,4978,50,Male,mc_prob_0_FC_0.1_5
,Count,Generation,Sex,Run
0,7000,0,Female,mc_prob_0_FC_0.1_6
1,4114,1,Female,mc_prob_0_FC_0.1_6
2,4167,2,Female,mc_prob_0_FC_0.1_6
3,4142,3,Female,mc_prob_0_FC_0.1_6
4,4187,4,Female,mc_prob_0_FC_0.1_6
5,4190,5,Female,mc_prob_0_FC_0.1_6
6,4165,6,Female,mc_prob_0_FC_0.1_6
7,4283,7,Female,mc_prob_0_FC_0.1_6
8,4221,8,Female,mc_prob_0_FC_0.1_6
9,4077,9,Female,mc_prob_0_FC_0.1_6
10,4040,10,Female,mc_prob_0_FC_0.1_6
11,3972,11,Female,mc_prob_0_FC_0.1_6
12,3954,12,Female,mc_prob_0_FC_0.1_6
13,4071,13,Female,mc_prob_0_FC_0.1_6
14,4054,14,Female,mc_prob_0_FC_0.1_6
15,4016,15,Female,mc_prob_0_FC_0.1_6
16,4166,16,Female,mc_prob_0_FC_0.1_6
17,4126,17,Female,mc_prob_0_FC_0.1_6
18,4220,18,Female,mc_prob_0_FC_0.1_6
19,4156,19,Female,mc_prob_0_FC_0.1_6
20,4062,20,Female,mc_prob_0_FC_0.1_6
21,4113,21,Female,mc_prob_0_FC_0.1_6
22,4098,22,Female,mc_prob_0_FC_0.1_6
23,4187,23,Female,mc_prob_0_FC_0.1_6
24,4224,24,Female,mc_prob_0_FC_0.1_6
25,4310,25,Female,mc_prob_0_FC_0.1_6
26,4276,26,Female,mc_prob_0_FC_0.1_6
27,4172,27,Female,mc_prob_0_FC_0.1_6
28,4232,28,Female,mc_prob_0_FC_0.1_6
29,4281,29,Female,mc_prob_0_FC_0.1_6
30,4300,30,Female,mc_prob_0_FC_0.1_6
31,4264,31,Female,mc_prob_0_FC_0.1_6
32,4459,32,Female,mc_prob_0_FC_0.1_6
33,4502,33,Female,mc_prob_0_FC_0.1_6
34,4628,34,Female,mc_prob_0_FC_0.1_6
35,4531,35,Female,mc_prob_0_FC_0.1_6
36,4590,36,Female,mc_prob_0_FC_0.1_6
37,4489,37,Female,mc_prob_0_FC_0.1_6
38,4558,38,Female,mc_prob_0_FC_0.1_6
39,4526,39,Female,mc_prob_0_FC_0.1_6
40,4536,40,Female,mc_prob_0_FC_0.1_6
41,4508,41,Female,mc_prob_0_FC_0.1_6
42,4545,42,Female,mc_prob_0_FC_0.1_6
43,4494,43,Female,mc_prob_0_FC_0.1_6
44,4547,44,Female,mc_prob_0_FC_0.1_6
45,4547,45,Female,mc_prob_0_FC_0.1_6
46,4609,46,Female,mc_prob_0_FC_0.1_6
47,4603,47,Female,mc_prob_0_FC_0.1_6
48,4722,48,Female,mc_prob_0_FC_0.1_6
49,4629,49,Female,mc_prob_0_FC_0.1_6
50,4723,50,Female,mc_prob_0_FC_0.1_6
51,5000,0,Male,mc_prob_0_FC_0.1_6
52,4199,1,Male,mc_prob_0_FC_0.1_6
53,4203,2,Male,mc_prob_0_FC_0.1_6
54,4260,3,Male,mc_prob_0_FC_0.1_6
55,4196,4,Male,mc_prob_0_FC_0.1_6
56,4218,5,Male,mc_prob_0_FC_0.1_6
57,4250,6,Male,mc_prob_0_FC_0.1_6
58,4285,7,Male,mc_prob_0_FC_0.1_6
59,4388,8,Male,mc_prob_0_FC_0.1_6
60,4165,9,Male,mc_prob_0_FC_0.1_6
61,4149,10,Male,mc_prob_0_FC_0.1_6
62,4083,11,Male,mc_prob_0_FC_0.1_6
63,4107,12,Male,mc_prob_0_FC_0.1_6
64,4313,13,Male,mc_prob_0_FC_0.1_6
65,4245,14,Male,mc_prob_0_FC_0.1_6
66,4080,15,Male,mc_prob_0_FC_0.1_6
67,4287,16,Male,mc_prob_0_FC_0.1_6
68,4194,17,Male,mc_prob_0_FC_0.1_6
69,4231,18,Male,mc_prob_0_FC_0.1_6
70,4186,19,Male,mc_prob_0_FC_0.1_6
71,4183,20,Male,mc_prob_0_FC_0.1_6
72,4182,21,Male,mc_prob_0_FC_0.1_6
73,4101,22,Male,mc_prob_0_FC_0.1_6
74,4281,23,Male,mc_prob_0_FC_0.1_6
75,4252,24,Male,mc_prob_0_FC_0.1_6
76,4343,25,Male,mc_prob_0_FC_0.1_6
77,4345,26,Male,mc_prob_0_FC_0.1_6
78,4348,27,Male,mc_prob_0_FC_0.1_6
79,4399,28,Male,mc_prob_0_FC_0.1_6
80,4316,29,Male,mc_prob_0_FC_0.1_6
81,4424,30,Male,mc_prob_0_FC_0.1_6
82,4342,31,Male,mc_prob_0_FC_0.1_6
83,4477,32,Male,mc_prob_0_FC_0.1_6
84,4562,33,Male,mc_prob_0_FC_0.1_6
85,4657,34,Male,mc_prob_0_FC_0.1_6
86,4559,35,Male,mc_prob_0_FC_0.1_6
87,4617,36,Male,mc_prob_0_FC_0.1_6
88,4514,37,Male,mc_prob_0_FC_0.1_6
89,4577,38,Male,mc_prob_0_FC_0.1_6
90,4563,39,Male,mc_prob_0_FC_0.1_6
91,4561,40,Male,mc_prob_0_FC_0.1_6
92,4691,41,Male,mc_prob_0_FC_0.1_6
93,4620,42,Male,mc_prob_0_FC_0.1_6
94,4688,43,Male,mc_prob_0_FC_0.1_6
95,4552,44,Male,mc_prob_0_FC_0.1_6
96,4703,45,Male,mc_prob_0_FC_0.1_6
97,4672,46,Male,mc_prob_0_FC_0.1_6
98,4674,47,Male,mc_prob_0_FC_0.1_6
99,4778,48,Male,mc_prob_0_FC_0.1_6
100,4714,49,Male,mc_prob_0_FC_0.1_6
101,4839,50,Male,mc_prob_0_FC_0.1_6
,Count,Generation,Sex,Run
0,7000,0,Female,mc_prob_0_FC_0.1_7
1,4154,1,Female,mc_prob_0_FC_0.1_7
2,4179,2,Female,mc_prob_0_FC_0.1_7
3,4140,3,Female,mc_prob_0_FC_0.1_7
4,4172,4,Female,mc_prob_0_FC_0.1_7
5,4149,5,Female,mc_prob_0_FC_0.1_7
6,4150,6,Female,mc_prob_0_FC_0.1_7
7,4174,7,Female,mc_prob_0_FC_0.1_7
8,4085,8,Female,mc_prob_0_FC_0.1_7
9,4079,9,Female,mc_prob_0_FC_0.1_7
10,4059,10,Female,mc_prob_0_FC_0.1_7
11,4122,11,Female,mc_prob_0_FC_0.1_7
12,4233,12,Female,mc_prob_0_FC_0.1_7
13,4298,13,Female,mc_prob_0_FC_0.1_7
14,4402,14,Female,mc_prob_0_FC_0.1_7
15,4300,15,Female,mc_prob_0_FC_0.1_7
16,4277,16,Female,mc_prob_0_FC_0.1_7
17,4130,17,Female,mc_prob_0_FC_0.1_7
18,4207,18,Female,mc_prob_0_FC_0.1_7
19,4385,19,Female,mc_prob_0_FC_0.1_7
20,4270,20,Female,mc_prob_0_FC_0.1_7
21,4305,21,Female,mc_prob_0_FC_0.1_7
22,4351,22,Female,mc_prob_0_FC_0.1_7
23,4361,23,Female,mc_prob_0_FC_0.1_7
24,4380,24,Female,mc_prob_0_FC_0.1_7
25,4552,25,Female,mc_prob_0_FC_0.1_7
26,4469,26,Female,mc_prob_0_FC_0.1_7
27,4567,27,Female,mc_prob_0_FC_0.1_7
28,4557,28,Female,mc_prob_0_FC_0.1_7
29,4531,29,Female,mc_prob_0_FC_0.1_7
30,4580,30,Female,mc_prob_0_FC_0.1_7
31,4660,31,Female,mc_prob_0_FC_0.1_7
32,4617,32,Female,mc_prob_0_FC_0.1_7
33,4472,33,Female,mc_prob_0_FC_0.1_7
34,4622,34,Female,mc_prob_0_FC_0.1_7
35,4720,35,Female,mc_prob_0_FC_0.1_7
36,4703,36,Female,mc_prob_0_FC_0.1_7
37,4662,37,Female,mc_prob_0_FC_0.1_7
38,4660,38,Female,mc_prob_0_FC_0.1_7
39,4765,39,Female,mc_prob_0_FC_0.1_7
40,4596,40,Female,mc_prob_0_FC_0.1_7
41,4625,41,Female,mc_prob_0_FC_0.1_7
42,4730,42,Female,mc_prob_0_FC_0.1_7
43,4790,43,Female,mc_prob_0_FC_0.1_7
44,4807,44,Female,mc_prob_0_FC_0.1_7
45,4741,45,Female,mc_prob_0_FC_0.1_7
46,4769,46,Female,mc_prob_0_FC_0.1_7
47,4662,47,Female,mc_prob_0_FC_0.1_7
48,4776,48,Female,mc_prob_0_FC_0.1_7
49,4770,49,Female,mc_prob_0_FC_0.1_7
50,4771,50,Female,mc_prob_0_FC_0.1_7
51,5000,0,Male,mc_prob_0_FC_0.1_7
52,4194,1,Male,mc_prob_0_FC_0.1_7
53,4231,2,Male,mc_prob_0_FC_0.1_7
54,4215,3,Male,mc_prob_0_FC_0.1_7
55,4189,4,Male,mc_prob_0_FC_0.1_7
56,4228,5,Male,mc_prob_0_FC_0.1_7
57,4243,6,Male,mc_prob_0_FC_0.1_7
58,4174,7,Male,mc_prob_0_FC_0.1_7
59,4264,8,Male,mc_prob_0_FC_0.1_7
60,4111,9,Male,mc_prob_0_FC_0.1_7
61,4116,10,Male,mc_prob_0_FC_0.1_7
62,4243,11,Male,mc_prob_0_FC_0.1_7
63,4311,12,Male,mc_prob_0_FC_0.1_7
64,4308,13,Male,mc_prob_0_FC_0.1_7
65,4409,14,Male,mc_prob_0_FC_0.1_7
66,4369,15,Male,mc_prob_0_FC_0.1_7
67,4380,16,Male,mc_prob_0_FC_0.1_7
68,4317,17,Male,mc_prob_0_FC_0.1_7
69,4214,18,Male,mc_prob_0_FC_0.1_7
70,4412,19,Male,mc_prob_0_FC_0.1_7
71,4278,20,Male,mc_prob_0_FC_0.1_7
72,4308,21,Male,mc_prob_0_FC_0.1_7
73,4527,22,Male,mc_prob_0_FC_0.1_7
74,4403,23,Male,mc_prob_0_FC_0.1_7
75,4395,24,Male,mc_prob_0_FC_0.1_7
76,4568,25,Male,mc_prob_0_FC_0.1_7
77,4487,26,Male,mc_prob_0_FC_0.1_7
78,4586,27,Male,mc_prob_0_FC_0.1_7
79,4598,28,Male,mc_prob_0_FC_0.1_7
80,4605,29,Male,mc_prob_0_FC_0.1_7
81,4583,30,Male,mc_prob_0_FC_0.1_7
82,4682,31,Male,mc_prob_0_FC_0.1_7
83,4660,32,Male,mc_prob_0_FC_0.1_7
84,4625,33,Male,mc_prob_0_FC_0.1_7
85,4629,34,Male,mc_prob_0_FC_0.1_7
86,4765,35,Male,mc_prob_0_FC_0.1_7
87,4719,36,Male,mc_prob_0_FC_0.1_7
88,4701,37,Male,mc_prob_0_FC_0.1_7
89,4710,38,Male,mc_prob_0_FC_0.1_7
90,4778,39,Male,mc_prob_0_FC_0.1_7
91,4741,40,Male,mc_prob_0_FC_0.1_7
92,4642,41,Male,mc_prob_0_FC_0.1_7
93,4820,42,Male,mc_prob_0_FC_0.1_7
94,4819,43,Male,mc_prob_0_FC_0.1_7
95,4809,44,Male,mc_prob_0_FC_0.1_7
96,4887,45,Male,mc_prob_0_FC_0.1_7
97,4776,46,Male,mc_prob_0_FC_0.1_7
98,4853,47,Male,mc_prob_0_FC_0.1_7
99,4780,48,Male,mc_prob_0_FC_0.1_7
100,4786,49,Male,mc_prob_0_FC_0.1_7
101,4823,50,Male,mc_prob_0_FC_0.1_7
,Count,Generation,Sex,Run
0,7000,0,Female,mc_prob_0_FC_0.1_8
1,4145,1,Female,mc_prob_0_FC_0.1_8
2,4142,2,Female,mc_prob_0_FC_0.1_8
3,4176,3,Female,mc_prob_0_FC_0.1_8
4,4158,4,Female,mc_prob_0_FC_0.1_8
5,4063,5,Female,mc_prob_0_FC_0.1_8
6,4125,6,Female,mc_prob_0_FC_0.1_8
7,4173,7,Female,mc_prob_0_FC_0.1_8
8,4196,8,Female,mc_prob_0_FC_0.1_8
9,4228,9,Female,mc_prob_0_FC_0.1_8
10,4215,10,Female,mc_prob_0_FC_0.1_8
11,4147,11,Female,mc_prob_0_FC_0.1_8
12,4143,12,Female,mc_prob_0_FC_0.1_8
13,4081,13,Female,mc_prob_0_FC_0.1_8
14,4085,14,Female,mc_prob_0_FC_0.1_8
15,4147,15,Female,mc_prob_0_FC_0.1_8
16,4178,16,Female,mc_prob_0_FC_0.1_8
17,4145,17,Female,mc_prob_0_FC_0.1_8
18,4086,18,Female,mc_prob_0_FC_0.1_8
19,4234,19,Female,mc_prob_0_FC_0.1_8
20,4296,20,Female,mc_prob_0_FC_0.1_8
21,4191,21,Female,mc_prob_0_FC_0.1_8
22,4304,22,Female,mc_prob_0_FC_0.1_8
23,4319,23,Female,mc_prob_0_FC_0.1_8
24,4277,24,Female,mc_prob_0_FC_0.1_8
25,4244,25,Female,mc_prob_0_FC_0.1_8
26,4320,26,Female,mc_prob_0_FC_0.1_8
27,4366,27,Female,mc_prob_0_FC_0.1_8
28,4401,28,Female,mc_prob_0_FC_0.1_8
29,4442,29,Female,mc_prob_0_FC_0.1_8
30,4442,30,Female,mc_prob_0_FC_0.1_8
31,4556,31,Female,mc_prob_0_FC_0.1_8
32,4520,32,Female,mc_prob_0_FC_0.1_8
33,4568,33,Female,mc_prob_0_FC_0.1_8
34,4552,34,Female,mc_prob_0_FC_0.1_8
35,4565,35,Female,mc_prob_0_FC_0.1_8
36,4613,36,Female,mc_prob_0_FC_0.1_8
37,4656,37,Female,mc_prob_0_FC_0.1_8
38,4718,38,Female,mc_prob_0_FC_0.1_8
39,4609,39,Female,mc_prob_0_FC_0.1_8
40,4716,40,Female,mc_prob_0_FC_0.1_8
41,4670,41,Female,mc_prob_0_FC_0.1_8
42,4633,42,Female,mc_prob_0_FC_0.1_8
43,4642,43,Female,mc_prob_0_FC_0.1_8
44,4749,44,Female,mc_prob_0_FC_0.1_8
45,4785,45,Female,mc_prob_0_FC_0.1_8
46,4744,46,Female,mc_prob_0_FC_0.1_8
47,4513,47,Female,mc_prob_0_FC_0.1_8
48,4543,48,Female,mc_prob_0_FC_0.1_8
49,4639,49,Female,mc_prob_0_FC_0.1_8
50,4669,50,Female,mc_prob_0_FC_0.1_8
51,5000,0,Male,mc_prob_0_FC_0.1_8
52,4148,1,Male,mc_prob_0_FC_0.1_8
53,4145,2,Male,mc_prob_0_FC_0.1_8
54,4260,3,Male,mc_prob_0_FC_0.1_8
55,4244,4,Male,mc_prob_0_FC_0.1_8
56,4174,5,Male,mc_prob_0_FC_0.1_8
57,4190,6,Male,mc_prob_0_FC_0.1_8
58,4179,7,Male,mc_prob_0_FC_0.1_8
59,4237,8,Male,mc_prob_0_FC_0.1_8
60,4281,9,Male,mc_prob_0_FC_0.1_8
61,4217,10,Male,mc_prob_0_FC_0.1_8
62,4280,11,Male,mc_prob_0_FC_0.1_8
63,4310,12,Male,mc_prob_0_FC_0.1_8
64,4264,13,Male,mc_prob_0_FC_0.1_8
65,4205,14,Male,mc_prob_0_FC_0.1_8
66,4189,15,Male,mc_prob_0_FC_0.1_8
67,4257,16,Male,mc_prob_0_FC_0.1_8
68,4317,17,Male,mc_prob_0_FC_0.1_8
69,4108,18,Male,mc_prob_0_FC_0.1_8
70,4402,19,Male,mc_prob_0_FC_0.1_8
71,4368,20,Male,mc_prob_0_FC_0.1_8
72,4396,21,Male,mc_prob_0_FC_0.1_8
73,4356,22,Male,mc_prob_0_FC_0.1_8
74,4473,23,Male,mc_prob_0_FC_0.1_8
75,4304,24,Male,mc_prob_0_FC_0.1_8
76,4365,25,Male,mc_prob_0_FC_0.1_8
77,4332,26,Male,mc_prob_0_FC_0.1_8
78,4478,27,Male,mc_prob_0_FC_0.1_8
79,4418,28,Male,mc_prob_0_FC_0.1_8
80,4545,29,Male,mc_prob_0_FC_0.1_8
81,4505,30,Male,mc_prob_0_FC_0.1_8
82,4592,31,Male,mc_prob_0_FC_0.1_8
83,4598,32,Male,mc_prob_0_FC_0.1_8
84,4599,33,Male,mc_prob_0_FC_0.1_8
85,4560,34,Male,mc_prob_0_FC_0.1_8
86,4601,35,Male,mc_prob_0_FC_0.1_8
87,4645,36,Male,mc_prob_0_FC_0.1_8
88,4660,37,Male,mc_prob_0_FC_0.1_8
89,4748,38,Male,mc_prob_0_FC_0.1_8
90,4685,39,Male,mc_prob_0_FC_0.1_8
91,4736,40,Male,mc_prob_0_FC_0.1_8
92,4731,41,Male,mc_prob_0_FC_0.1_8
93,4840,42,Male,mc_prob_0_FC_0.1_8
94,4763,43,Male,mc_prob_0_FC_0.1_8
95,4753,44,Male,mc_prob_0_FC_0.1_8
96,4801,45,Male,mc_prob_0_FC_0.1_8
97,4883,46,Male,mc_prob_0_FC_0.1_8
98,4817,47,Male,mc_prob_0_FC_0.1_8
99,4560,48,Male,mc_prob_0_FC_0.1_8
100,4791,49,Male,mc_prob_0_FC_0.1_8
101,4751,50,Male,mc_prob_0_FC_0.1_8
,Count,Generation,Sex,Run
0,7000,0,Female,mc_prob_0_FC_0.1_9
1,4174,1,Female,mc_prob_0_FC_0.1_9
2,4104,2,Female,mc_prob_0_FC_0.1_9
3,4243,3,Female,mc_prob_0_FC_0.1_9
4,4035,4,Female,mc_prob_0_FC_0.1_9
5,4033,5,Female,mc_prob_0_FC_0.1_9
6,4199,6,Female,mc_prob_0_FC_0.1_9
7,4204,7,Female,mc_prob_0_FC_0.1_9
8,4150,8,Female,mc_prob_0_FC_0.1_9
9,4167,9,Female,mc_prob_0_FC_0.1_9
10,4252,10,Female,mc_prob_0_FC_0.1_9
11,4304,11,Female,mc_prob_0_FC_0.1_9
12,4379,12,Female,mc_prob_0_FC_0.1_9
13,4263,13,Female,mc_prob_0_FC_0.1_9
14,4303,14,Female,mc_prob_0_FC_0.1_9
15,4346,15,Female,mc_prob_0_FC_0.1_9
16,4332,16,Female,mc_prob_0_FC_0.1_9
17,4431,17,Female,mc_prob_0_FC_0.1_9
18,4509,18,Female,mc_prob_0_FC_0.1_9
19,4356,19,Female,mc_prob_0_FC_0.1_9
20,4494,20,Female,mc_prob_0_FC_0.1_9
21,4488,21,Female,mc_prob_0_FC_0.1_9
22,4404,22,Female,mc_prob_0_FC_0.1_9
23,4381,23,Female,mc_prob_0_FC_0.1_9
24,4522,24,Female,mc_prob_0_FC_0.1_9
25,4512,25,Female,mc_prob_0_FC_0.1_9
26,4441,26,Female,mc_prob_0_FC_0.1_9
27,4611,27,Female,mc_prob_0_FC_0.1_9
28,4467,28,Female,mc_prob_0_FC_0.1_9
29,4469,29,Female,mc_prob_0_FC_0.1_9
30,4683,30,Female,mc_prob_0_FC_0.1_9
31,4586,31,Female,mc_prob_0_FC_0.1_9
32,4621,32,Female,mc_prob_0_FC_0.1_9
33,4693,33,Female,mc_prob_0_FC_0.1_9
34,4733,34,Female,mc_prob_0_FC_0.1_9
35,4787,35,Female,mc_prob_0_FC_0.1_9
36,4807,36,Female,mc_prob_0_FC_0.1_9
37,4845,37,Female,mc_prob_0_FC_0.1_9
38,4800,38,Female,mc_prob_0_FC_0.1_9
39,4780,39,Female,mc_prob_0_FC_0.1_9
40,4740,40,Female,mc_prob_0_FC_0.1_9
41,4772,41,Female,mc_prob_0_FC_0.1_9
42,4693,42,Female,mc_prob_0_FC_0.1_9
43,4735,43,Female,mc_prob_0_FC_0.1_9
44,4705,44,Female,mc_prob_0_FC_0.1_9
45,4757,45,Female,mc_prob_0_FC_0.1_9
46,4730,46,Female,mc_prob_0_FC_0.1_9
47,4849,47,Female,mc_prob_0_FC_0.1_9
48,4769,48,Female,mc_prob_0_FC_0.1_9
49,4828,49,Female,mc_prob_0_FC_0.1_9
50,4844,50,Female,mc_prob_0_FC_0.1_9
51,5000,0,Male,mc_prob_0_FC_0.1_9
52,4208,1,Male,mc_prob_0_FC_0.1_9
53,4163,2,Male,mc_prob_0_FC_0.1_9
54,4275,3,Male,mc_prob_0_FC_0.1_9
55,4272,4,Male,mc_prob_0_FC_0.1_9
56,4126,5,Male,mc_prob_0_FC_0.1_9
57,4294,6,Male,mc_prob_0_FC_0.1_9
58,4225,7,Male,mc_prob_0_FC_0.1_9
59,4312,8,Male,mc_prob_0_FC_0.1_9
60,4198,9,Male,mc_prob_0_FC_0.1_9
61,4291,10,Male,mc_prob_0_FC_0.1_9
62,4427,11,Male,mc_prob_0_FC_0.1_9
63,4381,12,Male,mc_prob_0_FC_0.1_9
64,4313,13,Male,mc_prob_0_FC_0.1_9
65,4330,14,Male,mc_prob_0_FC_0.1_9
66,4364,15,Male,mc_prob_0_FC_0.1_9
67,4382,16,Male,mc_prob_0_FC_0.1_9
68,4435,17,Male,mc_prob_0_FC_0.1_9
69,4542,18,Male,mc_prob_0_FC_0.1_9
70,4359,19,Male,mc_prob_0_FC_0.1_9
71,4533,20,Male,mc_prob_0_FC_0.1_9
72,4492,21,Male,mc_prob_0_FC_0.1_9
73,4530,22,Male,mc_prob_0_FC_0.1_9
74,4403,23,Male,mc_prob_0_FC_0.1_9
75,4534,24,Male,mc_prob_0_FC_0.1_9
76,4571,25,Male,mc_prob_0_FC_0.1_9
77,4543,26,Male,mc_prob_0_FC_0.1_9
78,4679,27,Male,mc_prob_0_FC_0.1_9
79,4718,28,Male,mc_prob_0_FC_0.1_9
80,4477,29,Male,mc_prob_0_FC_0.1_9
81,4689,30,Male,mc_prob_0_FC_0.1_9
82,4613,31,Male,mc_prob_0_FC_0.1_9
83,4666,32,Male,mc_prob_0_FC_0.1_9
84,4704,33,Male,mc_prob_0_FC_0.1_9
85,4737,34,Male,mc_prob_0_FC_0.1_9
86,4795,35,Male,mc_prob_0_FC_0.1_9
87,4854,36,Male,mc_prob_0_FC_0.1_9
88,4850,37,Male,mc_prob_0_FC_0.1_9
89,4829,38,Male,mc_prob_0_FC_0.1_9
90,4790,39,Male,mc_prob_0_FC_0.1_9
91,4884,40,Male,mc_prob_0_FC_0.1_9
92,4803,41,Male,mc_prob_0_FC_0.1_9
93,4912,42,Male,mc_prob_0_FC_0.1_9
94,4862,43,Male,mc_prob_0_FC_0.1_9
95,4792,44,Male,mc_prob_0_FC_0.1_9
96,4861,45,Male,mc_prob_0_FC_0.1_9
97,4769,46,Male,mc_prob_0_FC_0.1_9
98,4872,47,Male,mc_prob_0_FC_0.1_9
99,4963,48,Male,mc_prob_0_FC_0.1_9
100,4887,49,Male,mc_prob_0_FC_0.1_9
101,4965,50,Male,mc_prob_0_FC_0.1_9
,Count,Generation,Sex,Run
0,7000,0,Female,mc_prob_0_FC_0.1_10
1,4186,1,Female,mc_prob_0_FC_0.1_10
2,4214,2,Female,mc_prob_0_FC_0.1_10
3,4081,3,Female,mc_prob_0_FC_0.1_10
4,4051,4,Female,mc_prob_0_FC_0.1_10
5,4126,5,Female,mc_prob_0_FC_0.1_10
6,4198,6,Female,mc_prob_0_FC_0.1_10
7,4215,7,Female,mc_prob_0_FC_0.1_10
8,4261,8,Female,mc_prob_0_FC_0.1_10
9,4233,9,Female,mc_prob_0_FC_0.1_10
10,4185,10,Female,mc_prob_0_FC_0.1_10
11,4267,11,Female,mc_prob_0_FC_0.1_10
12,4299,12,Female,mc_prob_0_FC_0.1_10
13,4323,13,Female,mc_prob_0_FC_0.1_10
14,4260,14,Female,mc_prob_0_FC_0.1_10
15,4439,15,Female,mc_prob_0_FC_0.1_10
16,4401,16,Female,mc_prob_0_FC_0.1_10
17,4323,17,Female,mc_prob_0_FC_0.1_10
18,4357,18,Female,mc_prob_0_FC_0.1_10
19,4352,19,Female,mc_prob_0_FC_0.1_10
20,4308,20,Female,mc_prob_0_FC_0.1_10
21,4333,21,Female,mc_prob_0_FC_0.1_10
22,4423,22,Female,mc_prob_0_FC_0.1_10
23,4331,23,Female,mc_prob_0_FC_0.1_10
24,4430,24,Female,mc_prob_0_FC_0.1_10
25,4627,25,Female,mc_prob_0_FC_0.1_10
26,4554,26,Female,mc_prob_0_FC_0.1_10
27,4565,27,Female,mc_prob_0_FC_0.1_10
28,4647,28,Female,mc_prob_0_FC_0.1_10
29,4601,29,Female,mc_prob_0_FC_0.1_10
30,4654,30,Female,mc_prob_0_FC_0.1_10
31,4735,31,Female,mc_prob_0_FC_0.1_10
32,4718,32,Female,mc_prob_0_FC_0.1_10
33,4727,33,Female,mc_prob_0_FC_0.1_10
34,4593,34,Female,mc_prob_0_FC_0.1_10
35,4635,35,Female,mc_prob_0_FC_0.1_10
36,4752,36,Female,mc_prob_0_FC_0.1_10
37,4744,37,Female,mc_prob_0_FC_0.1_10
38,4712,38,Female,mc_prob_0_FC_0.1_10
39,4789,39,Female,mc_prob_0_FC_0.1_10
40,4746,40,Female,mc_prob_0_FC_0.1_10
41,4777,41,Female,mc_prob_0_FC_0.1_10
42,4760,42,Female,mc_prob_0_FC_0.1_10
43,4820,43,Female,mc_prob_0_FC_0.1_10
44,4899,44,Female,mc_prob_0_FC_0.1_10
45,4809,45,Female,mc_prob_0_FC_0.1_10
46,4820,46,Female,mc_prob_0_FC_0.1_10
47,4746,47,Female,mc_prob_0_FC_0.1_10
48,4864,48,Female,mc_prob_0_FC_0.1_10
49,4782,49,Female,mc_prob_0_FC_0.1_10
50,4936,50,Female,mc_prob_0_FC_0.1_10
51,5000,0,Male,mc_prob_0_FC_0.1_10
52,4212,1,Male,mc_prob_0_FC_0.1_10
53,4257,2,Male,mc_prob_0_FC_0.1_10
54,4239,3,Male,mc_prob_0_FC_0.1_10
55,4216,4,Male,mc_prob_0_FC_0.1_10
56,4226,5,Male,mc_prob_0_FC_0.1_10
57,4292,6,Male,mc_prob_0_FC_0.1_10
58,4236,7,Male,mc_prob_0_FC_0.1_10
59,4341,8,Male,mc_prob_0_FC_0.1_10
60,4421,9,Male,mc_prob_0_FC_0.1_10
61,4226,10,Male,mc_prob_0_FC_0.1_10
62,4370,11,Male,mc_prob_0_FC_0.1_10
63,4312,12,Male,mc_prob_0_FC_0.1_10
64,4438,13,Male,mc_prob_0_FC_0.1_10
65,4272,14,Male,mc_prob_0_FC_0.1_10
66,4440,15,Male,mc_prob_0_FC_0.1_10
67,4428,16,Male,mc_prob_0_FC_0.1_10
68,4431,17,Male,mc_prob_0_FC_0.1_10
69,4395,18,Male,mc_prob_0_FC_0.1_10
70,4462,19,Male,mc_prob_0_FC_0.1_10
71,4407,20,Male,mc_prob_0_FC_0.1_10
72,4376,21,Male,mc_prob_0_FC_0.1_10
73,4485,22,Male,mc_prob_0_FC_0.1_10
74,4469,23,Male,mc_prob_0_FC_0.1_10
75,4436,24,Male,mc_prob_0_FC_0.1_10
76,4649,25,Male,mc_prob_0_FC_0.1_10
77,4587,26,Male,mc_prob_0_FC_0.1_10
78,4599,27,Male,mc_prob_0_FC_0.1_10
79,4650,28,Male,mc_prob_0_FC_0.1_10
80,4693,29,Male,mc_prob_0_FC_0.1_10
81,4728,30,Male,mc_prob_0_FC_0.1_10
82,4810,31,Male,mc_prob_0_FC_0.1_10
83,4796,32,Male,mc_prob_0_FC_0.1_10
84,4731,33,Male,mc_prob_0_FC_0.1_10
85,4772,34,Male,mc_prob_0_FC_0.1_10
86,4665,35,Male,mc_prob_0_FC_0.1_10
87,4766,36,Male,mc_prob_0_FC_0.1_10
88,4852,37,Male,mc_prob_0_FC_0.1_10
89,4782,38,Male,mc_prob_0_FC_0.1_10
90,4831,39,Male,mc_prob_0_FC_0.1_10
91,4889,40,Male,mc_prob_0_FC_0.1_10
92,4835,41,Male,mc_prob_0_FC_0.1_10
93,4953,42,Male,mc_prob_0_FC_0.1_10
94,4824,43,Male,mc_prob_0_FC_0.1_10
95,4919,44,Male,mc_prob_0_FC_0.1_10
96,4832,45,Male,mc_prob_0_FC_0.1_10
97,4981,46,Male,mc_prob_0_FC_0.1_10
98,4774,47,Male,mc_prob_0_FC_0.1_10
99,4990,48,Male,mc_prob_0_FC_0.1_10
100,4783,49,Male,mc_prob_0_FC_0.1_10
101,4941,50,Male,mc_prob_0_FC_0.1_10
,Count,Generation,Sex,Run
0,7000,0,Female,mc_prob_0_FC_0.15_1
1,4229,1,Female,mc_prob_0_FC_0.15_1
2,4178,2,Female,mc_prob_0_FC_0.15_1
3,4373,3,Female,mc_prob_0_FC_0.15_1
4,4393,4,Female,mc_prob_0_FC_0.15_1
5,4336,5,Female,mc_prob_0_FC_0.15_1
6,4539,6,Female,mc_prob_0_FC_0.15_1
7,4474,7,Female,mc_prob_0_FC_0.15_1
8,4459,8,Female,mc_prob_0_FC_0.15_1
9,4520,9,Female,mc_prob_0_FC_0.15_1
10,4632,10,Female,mc_prob_0_FC_0.15_1
11,4716,11,Female,mc_prob_0_FC_0.15_1
12,4627,12,Female,mc_prob_0_FC_0.15_1
13,4639,13,Female,mc_prob_0_FC_0.15_1
14,4748,14,Female,mc_prob_0_FC_0.15_1
15,4642,15,Female,mc_prob_0_FC_0.15_1
16,4685,16,Female,mc_prob_0_FC_0.15_1
17,4874,17,Female,mc_prob_0_FC_0.15_1
18,4811,18,Female,mc_prob_0_FC_0.15_1
19,4849,19,Female,mc_prob_0_FC_0.15_1
20,4786,20,Female,mc_prob_0_FC_0.15_1
21,4904,21,Female,mc_prob_0_FC_0.15_1
22,4948,22,Female,mc_prob_0_FC_0.15_1
23,4758,23,Female,mc_prob_0_FC_0.15_1
24,4808,24,Female,mc_prob_0_FC_0.15_1
25,4819,25,Female,mc_prob_0_FC_0.15_1
26,5046,26,Female,mc_prob_0_FC_0.15_1
27,4977,27,Female,mc_prob_0_FC_0.15_1
28,4882,28,Female,mc_prob_0_FC_0.15_1
29,4846,29,Female,mc_prob_0_FC_0.15_1
30,4888,30,Female,mc_prob_0_FC_0.15_1
31,4874,31,Female,mc_prob_0_FC_0.15_1
32,4903,32,Female,mc_prob_0_FC_0.15_1
33,5034,33,Female,mc_prob_0_FC_0.15_1
34,5076,34,Female,mc_prob_0_FC_0.15_1
35,5032,35,Female,mc_prob_0_FC_0.15_1
36,4905,36,Female,mc_prob_0_FC_0.15_1
37,4968,37,Female,mc_prob_0_FC_0.15_1
38,5015,38,Female,mc_prob_0_FC_0.15_1
39,4851,39,Female,mc_prob_0_FC_0.15_1
40,4882,40,Female,mc_prob_0_FC_0.15_1
41,5066,41,Female,mc_prob_0_FC_0.15_1
42,5061,42,Female,mc_prob_0_FC_0.15_1
43,4979,43,Female,mc_prob_0_FC_0.15_1
44,4863,44,Female,mc_prob_0_FC_0.15_1
45,4946,45,Female,mc_prob_0_FC_0.15_1
46,4939,46,Female,mc_prob_0_FC_0.15_1
47,5005,47,Female,mc_prob_0_FC_0.15_1
48,5057,48,Female,mc_prob_0_FC_0.15_1
49,4907,49,Female,mc_prob_0_FC_0.15_1
50,4912,50,Female,mc_prob_0_FC_0.15_1
51,5000,0,Male,mc_prob_0_FC_0.15_1
52,4237,1,Male,mc_prob_0_FC_0.15_1
53,4194,2,Male,mc_prob_0_FC_0.15_1
54,4376,3,Male,mc_prob_0_FC_0.15_1
55,4549,4,Male,mc_prob_0_FC_0.15_1
56,4380,5,Male,mc_prob_0_FC_0.15_1
57,4551,6,Male,mc_prob_0_FC_0.15_1
58,4557,7,Male,mc_prob_0_FC_0.15_1
59,4501,8,Male,mc_prob_0_FC_0.15_1
60,4526,9,Male,mc_prob_0_FC_0.15_1
61,4647,10,Male,mc_prob_0_FC_0.15_1
62,4817,11,Male,mc_prob_0_FC_0.15_1
63,4695,12,Male,mc_prob_0_FC_0.15_1
64,4690,13,Male,mc_prob_0_FC_0.15_1
65,4777,14,Male,mc_prob_0_FC_0.15_1
66,4791,15,Male,mc_prob_0_FC_0.15_1
67,4742,16,Male,mc_prob_0_FC_0.15_1
68,4927,17,Male,mc_prob_0_FC_0.15_1
69,4905,18,Male,mc_prob_0_FC_0.15_1
70,4934,19,Male,mc_prob_0_FC_0.15_1
71,4867,20,Male,mc_prob_0_FC_0.15_1
72,4922,21,Male,mc_prob_0_FC_0.15_1
73,4988,22,Male,mc_prob_0_FC_0.15_1
74,5025,23,Male,mc_prob_0_FC_0.15_1
75,4922,24,Male,mc_prob_0_FC_0.15_1
76,4841,25,Male,mc_prob_0_FC_0.15_1
77,5056,26,Male,mc_prob_0_FC_0.15_1
78,5041,27,Male,mc_prob_0_FC_0.15_1
79,4984,28,Male,mc_prob_0_FC_0.15_1
80,5046,29,Male,mc_prob_0_FC_0.15_1
81,4942,30,Male,mc_prob_0_FC_0.15_1
82,5055,31,Male,mc_prob_0_FC_0.15_1
83,4949,32,Male,mc_prob_0_FC_0.15_1
84,5056,33,Male,mc_prob_0_FC_0.15_1
85,5132,34,Male,mc_prob_0_FC_0.15_1
86,5069,35,Male,mc_prob_0_FC_0.15_1
87,4981,36,Male,mc_prob_0_FC_0.15_1
88,4998,37,Male,mc_prob_0_FC_0.15_1
89,5111,38,Male,mc_prob_0_FC_0.15_1
90,4986,39,Male,mc_prob_0_FC_0.15_1
91,4895,40,Male,mc_prob_0_FC_0.15_1
92,5082,41,Male,mc_prob_0_FC_0.15_1
93,5065,42,Male,mc_prob_0_FC_0.15_1
94,5121,43,Male,mc_prob_0_FC_0.15_1
95,4952,44,Male,mc_prob_0_FC_0.15_1
96,4947,45,Male,mc_prob_0_FC_0.15_1
97,4970,46,Male,mc_prob_0_FC_0.15_1
98,5010,47,Male,mc_prob_0_FC_0.15_1
99,5179,48,Male,mc_prob_0_FC_0.15_1
100,5037,49,Male,mc_prob_0_FC_0.15_1
101,4961,50,Male,mc_prob_0_FC_0.15_1
,Count,Generation,Sex,Run
0,7000,0,Female,mc_prob_0_FC_0.15_2
1,4081,1,Female,mc_prob_0_FC_0.15_2
2,4128,2,Female,mc_prob_0_FC_0.15_2
3,4122,3,Female,mc_prob_0_FC_0.15_2
4,4083,4,Female,mc_prob_0_FC_0.15_2
5,4194,5,Female,mc_prob_0_FC_0.15_2
6,4233,6,Female,mc_prob_0_FC_0.15_2
7,4556,7,Female,mc_prob_0_FC_0.15_2
8,4550,8,Female,mc_prob_0_FC_0.15_2
9,4515,9,Female,mc_prob_0_FC_0.15_2
10,4615,10,Female,mc_prob_0_FC_0.15_2
11,4706,11,Female,mc_prob_0_FC_0.15_2
12,4645,12,Female,mc_prob_0_FC_0.15_2
13,4660,13,Female,mc_prob_0_FC_0.15_2
14,4697,14,Female,mc_prob_0_FC_0.15_2
15,4899,15,Female,mc_prob_0_FC_0.15_2
16,4924,16,Female,mc_prob_0_FC_0.15_2
17,4824,17,Female,mc_prob_0_FC_0.15_2
18,4848,18,Female,mc_prob_0_FC_0.15_2
19,4717,19,Female,mc_prob_0_FC_0.15_2
20,4780,20,Female,mc_prob_0_FC_0.15_2
21,4849,21,Female,mc_prob_0_FC_0.15_2
22,4802,22,Female,mc_prob_0_FC_0.15_2
23,4875,23,Female,mc_prob_0_FC_0.15_2
24,4901,24,Female,mc_prob_0_FC_0.15_2
25,4906,25,Female,mc_prob_0_FC_0.15_2
26,4916,26,Female,mc_prob_0_FC_0.15_2
27,4912,27,Female,mc_prob_0_FC_0.15_2
28,4839,28,Female,mc_prob_0_FC_0.15_2
29,5042,29,Female,mc_prob_0_FC_0.15_2
30,4978,30,Female,mc_prob_0_FC_0.15_2
31,4861,31,Female,mc_prob_0_FC_0.15_2
32,4943,32,Female,mc_prob_0_FC_0.15_2
33,5046,33,Female,mc_prob_0_FC_0.15_2
34,4986,34,Female,mc_prob_0_FC_0.15_2
35,4995,35,Female,mc_prob_0_FC_0.15_2
36,4933,36,Female,mc_prob_0_FC_0.15_2
37,4934,37,Female,mc_prob_0_FC_0.15_2
38,4974,38,Female,mc_prob_0_FC_0.15_2
39,4925,39,Female,mc_prob_0_FC_0.15_2
40,4892,40,Female,mc_prob_0_FC_0.15_2
41,4912,41,Female,mc_prob_0_FC_0.15_2
42,4951,42,Female,mc_prob_0_FC_0.15_2
43,5043,43,Female,mc_prob_0_FC_0.15_2
44,4889,44,Female,mc_prob_0_FC_0.15_2
45,4876,45,Female,mc_prob_0_FC_0.15_2
46,5060,46,Female,mc_prob_0_FC_0.15_2
47,4954,47,Female,mc_prob_0_FC_0.15_2
48,4940,48,Female,mc_prob_0_FC_0.15_2
49,4937,49,Female,mc_prob_0_FC_0.15_2
50,4792,50,Female,mc_prob_0_FC_0.15_2
51,5000,0,Male,mc_prob_0_FC_0.15_2
52,4194,1,Male,mc_prob_0_FC_0.15_2
53,4172,2,Male,mc_prob_0_FC_0.15_2
54,4382,3,Male,mc_prob_0_FC_0.15_2
55,4341,4,Male,mc_prob_0_FC_0.15_2
56,4284,5,Male,mc_prob_0_FC_0.15_2
57,4294,6,Male,mc_prob_0_FC_0.15_2
58,4562,7,Male,mc_prob_0_FC_0.15_2
59,4658,8,Male,mc_prob_0_FC_0.15_2
60,4651,9,Male,mc_prob_0_FC_0.15_2
61,4634,10,Male,mc_prob_0_FC_0.15_2
62,4707,11,Male,mc_prob_0_FC_0.15_2
63,4780,12,Male,mc_prob_0_FC_0.15_2
64,4748,13,Male,mc_prob_0_FC_0.15_2
65,4704,14,Male,mc_prob_0_FC_0.15_2
66,4934,15,Male,mc_prob_0_FC_0.15_2
67,4968,16,Male,mc_prob_0_FC_0.15_2
68,4861,17,Male,mc_prob_0_FC_0.15_2
69,4856,18,Male,mc_prob_0_FC_0.15_2
70,4914,19,Male,mc_prob_0_FC_0.15_2
71,4870,20,Male,mc_prob_0_FC_0.15_2
72,5048,21,Male,mc_prob_0_FC_0.15_2
73,4878,22,Male,mc_prob_0_FC_0.15_2
74,4912,23,Male,mc_prob_0_FC_0.15_2
75,4973,24,Male,mc_prob_0_FC_0.15_2
76,4981,25,Male,mc_prob_0_FC_0.15_2
77,4982,26,Male,mc_prob_0_FC_0.15_2
78,5144,27,Male,mc_prob_0_FC_0.15_2
79,4907,28,Male,mc_prob_0_FC_0.15_2
80,5066,29,Male,mc_prob_0_FC_0.15_2
81,5024,30,Male,mc_prob_0_FC_0.15_2
82,4940,31,Male,mc_prob_0_FC_0.15_2
83,4969,32,Male,mc_prob_0_FC_0.15_2
84,5060,33,Male,mc_prob_0_FC_0.15_2
85,5073,34,Male,mc_prob_0_FC_0.15_2
86,5039,35,Male,mc_prob_0_FC_0.15_2
87,5101,36,Male,mc_prob_0_FC_0.15_2
88,4974,37,Male,mc_prob_0_FC_0.15_2
89,5013,38,Male,mc_prob_0_FC_0.15_2
90,4971,39,Male,mc_prob_0_FC_0.15_2
91,4955,40,Male,mc_prob_0_FC_0.15_2
92,4926,41,Male,mc_prob_0_FC_0.15_2
93,5043,42,Male,mc_prob_0_FC_0.15_2
94,5065,43,Male,mc_prob_0_FC_0.15_2
95,5077,44,Male,mc_prob_0_FC_0.15_2
96,4957,45,Male,mc_prob_0_FC_0.15_2
97,5066,46,Male,mc_prob_0_FC_0.15_2
98,5048,47,Male,mc_prob_0_FC_0.15_2
99,5064,48,Male,mc_prob_0_FC_0.15_2
100,5073,49,Male,mc_prob_0_FC_0.15_2
101,5038,50,Male,mc_prob_0_FC_0.15_2
,Count,Generation,Sex,Run
0,7000,0,Female,mc_prob_0_FC_0.15_3
1,4202,1,Female,mc_prob_0_FC_0.15_3
2,4072,2,Female,mc_prob_0_FC_0.15_3
3,4158,3,Female,mc_prob_0_FC_0.15_3
4,4193,4,Female,mc_prob_0_FC_0.15_3
5,4278,5,Female,mc_prob_0_FC_0.15_3
6,4351,6,Female,mc_prob_0_FC_0.15_3
7,4328,7,Female,mc_prob_0_FC_0.15_3
8,4311,8,Female,mc_prob_0_FC_0.15_3
9,4287,9,Female,mc_prob_0_FC_0.15_3
10,4366,10,Female,mc_prob_0_FC_0.15_3
11,4501,11,Female,mc_prob_0_FC_0.15_3
12,4660,12,Female,mc_prob_0_FC_0.15_3
13,4691,13,Female,mc_prob_0_FC_0.15_3
14,4784,14,Female,mc_prob_0_FC_0.15_3
15,4671,15,Female,mc_prob_0_FC_0.15_3
16,4730,16,Female,mc_prob_0_FC_0.15_3
17,4711,17,Female,mc_prob_0_FC_0.15_3
18,4873,18,Female,mc_prob_0_FC_0.15_3
19,4888,19,Female,mc_prob_0_FC_0.15_3
20,4802,20,Female,mc_prob_0_FC_0.15_3
21,4858,21,Female,mc_prob_0_FC_0.15_3
22,4842,22,Female,mc_prob_0_FC_0.15_3
23,4875,23,Female,mc_prob_0_FC_0.15_3
24,4969,24,Female,mc_prob_0_FC_0.15_3
25,4934,25,Female,mc_prob_0_FC_0.15_3
26,4927,26,Female,mc_prob_0_FC_0.15_3
27,4985,27,Female,mc_prob_0_FC_0.15_3
28,5120,28,Female,mc_prob_0_FC_0.15_3
29,5062,29,Female,mc_prob_0_FC_0.15_3
30,4884,30,Female,mc_prob_0_FC_0.15_3
31,4923,31,Female,mc_prob_0_FC_0.15_3
32,4874,32,Female,mc_prob_0_FC_0.15_3
33,4921,33,Female,mc_prob_0_FC_0.15_3
34,4887,34,Female,mc_prob_0_FC_0.15_3
35,4937,35,Female,mc_prob_0_FC_0.15_3
36,4912,36,Female,mc_prob_0_FC_0.15_3
37,5051,37,Female,mc_prob_0_FC_0.15_3
38,4862,38,Female,mc_prob_0_FC_0.15_3
39,4899,39,Female,mc_prob_0_FC_0.15_3
40,5010,40,Female,mc_prob_0_FC_0.15_3
41,4987,41,Female,mc_prob_0_FC_0.15_3
42,5030,42,Female,mc_prob_0_FC_0.15_3
43,4914,43,Female,mc_prob_0_FC_0.15_3
44,5003,44,Female,mc_prob_0_FC_0.15_3
45,4994,45,Female,mc_prob_0_FC_0.15_3
46,4917,46,Female,mc_prob_0_FC_0.15_3
47,4926,47,Female,mc_prob_0_FC_0.15_3
48,4913,48,Female,mc_prob_0_FC_0.15_3
49,4907,49,Female,mc_prob_0_FC_0.15_3
50,4959,50,Female,mc_prob_0_FC_0.15_3
51,5000,0,Male,mc_prob_0_FC_0.15_3
52,4205,1,Male,mc_prob_0_FC_0.15_3
53,4134,2,Male,mc_prob_0_FC_0.15_3
54,4191,3,Male,mc_prob_0_FC_0.15_3
55,4309,4,Male,mc_prob_0_FC_0.15_3
56,4361,5,Male,mc_prob_0_FC_0.15_3
57,4398,6,Male,mc_prob_0_FC_0.15_3
58,4374,7,Male,mc_prob_0_FC_0.15_3
59,4412,8,Male,mc_prob_0_FC_0.15_3
60,4389,9,Male,mc_prob_0_FC_0.15_3
61,4407,10,Male,mc_prob_0_FC_0.15_3
62,4583,11,Male,mc_prob_0_FC_0.15_3
63,4696,12,Male,mc_prob_0_FC_0.15_3
64,4735,13,Male,mc_prob_0_FC_0.15_3
65,4853,14,Male,mc_prob_0_FC_0.15_3
66,4676,15,Male,mc_prob_0_FC_0.15_3
67,4845,16,Male,mc_prob_0_FC_0.15_3
68,4736,17,Male,mc_prob_0_FC_0.15_3
69,4882,18,Male,mc_prob_0_FC_0.15_3
70,5042,19,Male,mc_prob_0_FC_0.15_3
71,4877,20,Male,mc_prob_0_FC_0.15_3
72,4902,21,Male,mc_prob_0_FC_0.15_3
73,4954,22,Male,mc_prob_0_FC_0.15_3
74,4945,23,Male,mc_prob_0_FC_0.15_3
75,5012,24,Male,mc_prob_0_FC_0.15_3
76,4935,25,Male,mc_prob_0_FC_0.15_3
77,4957,26,Male,mc_prob_0_FC_0.15_3
78,5005,27,Male,mc_prob_0_FC_0.15_3
79,5120,28,Male,mc_prob_0_FC_0.15_3
80,5092,29,Male,mc_prob_0_FC_0.15_3
81,4964,30,Male,mc_prob_0_FC_0.15_3
82,5060,31,Male,mc_prob_0_FC_0.15_3
83,4903,32,Male,mc_prob_0_FC_0.15_3
84,5002,33,Male,mc_prob_0_FC_0.15_3
85,4986,34,Male,mc_prob_0_FC_0.15_3
86,5056,35,Male,mc_prob_0_FC_0.15_3
87,4962,36,Male,mc_prob_0_FC_0.15_3
88,5071,37,Male,mc_prob_0_FC_0.15_3
89,4930,38,Male,mc_prob_0_FC_0.15_3
90,4955,39,Male,mc_prob_0_FC_0.15_3
91,5021,40,Male,mc_prob_0_FC_0.15_3
92,5004,41,Male,mc_prob_0_FC_0.15_3
93,5043,42,Male,mc_prob_0_FC_0.15_3
94,4914,43,Male,mc_prob_0_FC_0.15_3
95,5113,44,Male,mc_prob_0_FC_0.15_3
96,5092,45,Male,mc_prob_0_FC_0.15_3
97,5071,46,Male,mc_prob_0_FC_0.15_3
98,4985,47,Male,mc_prob_0_FC_0.15_3
99,4960,48,Male,mc_prob_0_FC_0.15_3
100,5011,49,Male,mc_prob_0_FC_0.15_3
101,5012,50,Male,mc_prob_0_FC_0.15_3
,Count,Generation,Sex,Run
0,7000,0,Female,mc_prob_0_FC_0.15_4
1,4084,1,Female,mc_prob_0_FC_0.15_4
2,4003,2,Female,mc_prob_0_FC_0.15_4
3,4120,3,Female,mc_prob_0_FC_0.15_4
4,4206,4,Female,mc_prob_0_FC_0.15_4
5,4327,5,Female,mc_prob_0_FC_0.15_4
6,4253,6,Female,mc_prob_0_FC_0.15_4
7,4154,7,Female,mc_prob_0_FC_0.15_4
8,4341,8,Female,mc_prob_0_FC_0.15_4
9,4602,9,Female,mc_prob_0_FC_0.15_4
10,4595,10,Female,mc_prob_0_FC_0.15_4
11,4669,11,Female,mc_prob_0_FC_0.15_4
12,4648,12,Female,mc_prob_0_FC_0.15_4
13,4620,13,Female,mc_prob_0_FC_0.15_4
14,4690,14,Female,mc_prob_0_FC_0.15_4
15,4748,15,Female,mc_prob_0_FC_0.15_4
16,4669,16,Female,mc_prob_0_FC_0.15_4
17,4724,17,Female,mc_prob_0_FC_0.15_4
18,4901,18,Female,mc_prob_0_FC_0.15_4
19,4829,19,Female,mc_prob_0_FC_0.15_4
20,4803,20,Female,mc_prob_0_FC_0.15_4
21,4820,21,Female,mc_prob_0_FC_0.15_4
22,4843,22,Female,mc_prob_0_FC_0.15_4
23,4828,23,Female,mc_prob_0_FC_0.15_4
24,4792,24,Female,mc_prob_0_FC_0.15_4
25,4758,25,Female,mc_prob_0_FC_0.15_4
26,4791,26,Female,mc_prob_0_FC_0.15_4
27,4760,27,Female,mc_prob_0_FC_0.15_4
28,4858,28,Female,mc_prob_0_FC_0.15_4
29,5026,29,Female,mc_prob_0_FC_0.15_4
30,5037,30,Female,mc_prob_0_FC_0.15_4
31,4986,31,Female,mc_prob_0_FC_0.15_4
32,5061,32,Female,mc_prob_0_FC_0.15_4
33,4988,33,Female,mc_prob_0_FC_0.15_4
34,4978,34,Female,mc_prob_0_FC_0.15_4
35,4926,35,Female,mc_prob_0_FC_0.15_4
36,5021,36,Female,mc_prob_0_FC_0.15_4
37,5056,37,Female,mc_prob_0_FC_0.15_4
38,4969,38,Female,mc_prob_0_FC_0.15_4
39,5034,39,Female,mc_prob_0_FC_0.15_4
40,5069,40,Female,mc_prob_0_FC_0.15_4
41,4999,41,Female,mc_prob_0_FC_0.15_4
42,5024,42,Female,mc_prob_0_FC_0.15_4
43,4924,43,Female,mc_prob_0_FC_0.15_4
44,4969,44,Female,mc_prob_0_FC_0.15_4
45,4926,45,Female,mc_prob_0_FC_0.15_4
46,4749,46,Female,mc_prob_0_FC_0.15_4
47,4948,47,Female,mc_prob_0_FC_0.15_4
48,5021,48,Female,mc_prob_0_FC_0.15_4
49,4979,49,Female,mc_prob_0_FC_0.15_4
50,5027,50,Female,mc_prob_0_FC_0.15_4
51,5000,0,Male,mc_prob_0_FC_0.15_4
52,4131,1,Male,mc_prob_0_FC_0.15_4
53,4016,2,Male,mc_prob_0_FC_0.15_4
54,4144,3,Male,mc_prob_0_FC_0.15_4
55,4339,4,Male,mc_prob_0_FC_0.15_4
56,4330,5,Male,mc_prob_0_FC_0.15_4
57,4426,6,Male,mc_prob_0_FC_0.15_4
58,4371,7,Male,mc_prob_0_FC_0.15_4
59,4344,8,Male,mc_prob_0_FC_0.15_4
60,4606,9,Male,mc_prob_0_FC_0.15_4
61,4637,10,Male,mc_prob_0_FC_0.15_4
62,4743,11,Male,mc_prob_0_FC_0.15_4
63,4673,12,Male,mc_prob_0_FC_0.15_4
64,4733,13,Male,mc_prob_0_FC_0.15_4
65,4715,14,Male,mc_prob_0_FC_0.15_4
66,4789,15,Male,mc_prob_0_FC_0.15_4
67,4766,16,Male,mc_prob_0_FC_0.15_4
68,4751,17,Male,mc_prob_0_FC_0.15_4
69,4904,18,Male,mc_prob_0_FC_0.15_4
70,4876,19,Male,mc_prob_0_FC_0.15_4
71,4890,20,Male,mc_prob_0_FC_0.15_4
72,5007,21,Male,mc_prob_0_FC_0.15_4
73,4877,22,Male,mc_prob_0_FC_0.15_4
74,4877,23,Male,mc_prob_0_FC_0.15_4
75,4961,24,Male,mc_prob_0_FC_0.15_4
76,4858,25,Male,mc_prob_0_FC_0.15_4
77,4978,26,Male,mc_prob_0_FC_0.15_4
78,4811,27,Male,mc_prob_0_FC_0.15_4
79,4885,28,Male,mc_prob_0_FC_0.15_4
80,5033,29,Male,mc_prob_0_FC_0.15_4
81,5062,30,Male,mc_prob_0_FC_0.15_4
82,4986,31,Male,mc_prob_0_FC_0.15_4
83,5083,32,Male,mc_prob_0_FC_0.15_4
84,5009,33,Male,mc_prob_0_FC_0.15_4
85,5052,34,Male,mc_prob_0_FC_0.15_4
86,5006,35,Male,mc_prob_0_FC_0.15_4
87,5042,36,Male,mc_prob_0_FC_0.15_4
88,5074,37,Male,mc_prob_0_FC_0.15_4
89,5011,38,Male,mc_prob_0_FC_0.15_4
90,5115,39,Male,mc_prob_0_FC_0.15_4
91,5069,40,Male,mc_prob_0_FC_0.15_4
92,5024,41,Male,mc_prob_0_FC_0.15_4
93,5066,42,Male,mc_prob_0_FC_0.15_4
94,4960,43,Male,mc_prob_0_FC_0.15_4
95,4993,44,Male,mc_prob_0_FC_0.15_4
96,5029,45,Male,mc_prob_0_FC_0.15_4
97,4920,46,Male,mc_prob_0_FC_0.15_4
98,4957,47,Male,mc_prob_0_FC_0.15_4
99,5068,48,Male,mc_prob_0_FC_0.15_4
100,5074,49,Male,mc_prob_0_FC_0.15_4
101,5060,50,Male,mc_prob_0_FC_0.15_4
,Count,Generation,Sex,Run
0,7000,0,Female,mc_prob_0_FC_0.15_5
1,4054,1,Female,mc_prob_0_FC_0.15_5
2,4149,2,Female,mc_prob_0_FC_0.15_5
3,4165,3,Female,mc_prob_0_FC_0.15_5
4,4293,4,Female,mc_prob_0_FC_0.15_5
5,4363,5,Female,mc_prob_0_FC_0.15_5
6,4353,6,Female,mc_prob_0_FC_0.15_5
7,4379,7,Female,mc_prob_0_FC_0.15_5
8,4364,8,Female,mc_prob_0_FC_0.15_5
9,4342,9,Female,mc_prob_0_FC_0.15_5
10,4352,10,Female,mc_prob_0_FC_0.15_5
11,4423,11,Female,mc_prob_0_FC_0.15_5
12,4520,12,Female,mc_prob_0_FC_0.15_5
13,4623,13,Female,mc_prob_0_FC_0.15_5
14,4673,14,Female,mc_prob_0_FC_0.15_5
15,4525,15,Female,mc_prob_0_FC_0.15_5
16,4590,16,Female,mc_prob_0_FC_0.15_5
17,4760,17,Female,mc_prob_0_FC_0.15_5
18,4761,18,Female,mc_prob_0_FC_0.15_5
19,4855,19,Female,mc_prob_0_FC_0.15_5
20,4881,20,Female,mc_prob_0_FC_0.15_5
21,4853,21,Female,mc_prob_0_FC_0.15_5
22,4772,22,Female,mc_prob_0_FC_0.15_5
23,4751,23,Female,mc_prob_0_FC_0.15_5
24,4964,24,Female,mc_prob_0_FC_0.15_5
25,4891,25,Female,mc_prob_0_FC_0.15_5
26,4960,26,Female,mc_prob_0_FC_0.15_5
27,4921,27,Female,mc_prob_0_FC_0.15_5
28,4847,28,Female,mc_prob_0_FC_0.15_5
29,4890,29,Female,mc_prob_0_FC_0.15_5
30,5029,30,Female,mc_prob_0_FC_0.15_5
31,5050,31,Female,mc_prob_0_FC_0.15_5
32,4978,32,Female,mc_prob_0_FC_0.15_5
33,5037,33,Female,mc_prob_0_FC_0.15_5
34,4875,34,Female,mc_prob_0_FC_0.15_5
35,5019,35,Female,mc_prob_0_FC_0.15_5
36,4994,36,Female,mc_prob_0_FC_0.15_5
37,4937,37,Female,mc_prob_0_FC_0.15_5
38,4934,38,Female,mc_prob_0_FC_0.15_5
39,4968,39,Female,mc_prob_0_FC_0.15_5
40,4979,40,Female,mc_prob_0_FC_0.15_5
41,4899,41,Female,mc_prob_0_FC_0.15_5
42,4899,42,Female,mc_prob_0_FC_0.15_5
43,4910,43,Female,mc_prob_0_FC_0.15_5
44,4975,44,Female,mc_prob_0_FC_0.15_5
45,5022,45,Female,mc_prob_0_FC_0.15_5
46,5020,46,Female,mc_prob_0_FC_0.15_5
47,4941,47,Female,mc_prob_0_FC_0.15_5
48,4904,48,Female,mc_prob_0_FC_0.15_5
49,4865,49,Female,mc_prob_0_FC_0.15_5
50,5009,50,Female,mc_prob_0_FC_0.15_5
51,5000,0,Male,mc_prob_0_FC_0.15_5
52,4151,1,Male,mc_prob_0_FC_0.15_5
53,4219,2,Male,mc_prob_0_FC_0.15_5
54,4200,3,Male,mc_prob_0_FC_0.15_5
55,4300,4,Male,mc_prob_0_FC_0.15_5
56,4407,5,Male,mc_prob_0_FC_0.15_5
57,4452,6,Male,mc_prob_0_FC_0.15_5
58,4437,7,Male,mc_prob_0_FC_0.15_5
59,4367,8,Male,mc_prob_0_FC_0.15_5
60,4583,9,Male,mc_prob_0_FC_0.15_5
61,4476,10,Male,mc_prob_0_FC_0.15_5
62,4529,11,Male,mc_prob_0_FC_0.15_5
63,4548,12,Male,mc_prob_0_FC_0.15_5
64,4653,13,Male,mc_prob_0_FC_0.15_5
65,4673,14,Male,mc_prob_0_FC_0.15_5
66,4812,15,Male,mc_prob_0_FC_0.15_5
67,4622,16,Male,mc_prob_0_FC_0.15_5
68,4770,17,Male,mc_prob_0_FC_0.15_5
69,4834,18,Male,mc_prob_0_FC_0.15_5
70,4880,19,Male,mc_prob_0_FC_0.15_5
71,4886,20,Male,mc_prob_0_FC_0.15_5
72,4863,21,Male,mc_prob_0_FC_0.15_5
73,4981,22,Male,mc_prob_0_FC_0.15_5
74,4826,23,Male,mc_prob_0_FC_0.15_5
75,5006,24,Male,mc_prob_0_FC_0.15_5
76,4982,25,Male,mc_prob_0_FC_0.15_5
77,5000,26,Male,mc_prob_0_FC_0.15_5
78,5013,27,Male,mc_prob_0_FC_0.15_5
79,4964,28,Male,mc_prob_0_FC_0.15_5
80,4900,29,Male,mc_prob_0_FC_0.15_5
81,5044,30,Male,mc_prob_0_FC_0.15_5
82,5061,31,Male,mc_prob_0_FC_0.15_5
83,5039,32,Male,mc_prob_0_FC_0.15_5
84,5060,33,Male,mc_prob_0_FC_0.15_5
85,5029,34,Male,mc_prob_0_FC_0.15_5
86,5055,35,Male,mc_prob_0_FC_0.15_5
87,5006,36,Male,mc_prob_0_FC_0.15_5
88,5052,37,Male,mc_prob_0_FC_0.15_5
89,4999,38,Male,mc_prob_0_FC_0.15_5
90,5103,39,Male,mc_prob_0_FC_0.15_5
91,4996,40,Male,mc_prob_0_FC_0.15_5
92,5067,41,Male,mc_prob_0_FC_0.15_5
93,5012,42,Male,mc_prob_0_FC_0.15_5
94,5009,43,Male,mc_prob_0_FC_0.15_5
95,4985,44,Male,mc_prob_0_FC_0.15_5
96,5028,45,Male,mc_prob_0_FC_0.15_5
97,5133,46,Male,mc_prob_0_FC_0.15_5
98,5099,47,Male,mc_prob_0_FC_0.15_5
99,4976,48,Male,mc_prob_0_FC_0.15_5
100,4932,49,Male,mc_prob_0_FC_0.15_5
101,5011,50,Male,mc_prob_0_FC_0.15_5
,Count,Generation,Sex,Run
0,7000,0,Female,mc_prob_0_FC_0.15_6
1,4068,1,Female,mc_prob_0_FC_0.15_6
2,4123,2,Female,mc_prob_0_FC_0.15_6
3,4221,3,Female,mc_prob_0_FC_0.15_6
4,4386,4,Female,mc_prob_0_FC_0.15_6
5,4302,5,Female,mc_prob_0_FC_0.15_6
6,4293,6,Female,mc_prob_0_FC_0.15_6
7,4488,7,Female,mc_prob_0_FC_0.15_6
8,4368,8,Female,mc_prob_0_FC_0.15_6
9,4304,9,Female,mc_prob_0_FC_0.15_6
10,4492,10,Female,mc_prob_0_FC_0.15_6
11,4557,11,Female,mc_prob_0_FC_0.15_6
12,4444,12,Female,mc_prob_0_FC_0.15_6
13,4578,13,Female,mc_prob_0_FC_0.15_6
14,4728,14,Female,mc_prob_0_FC_0.15_6
15,4756,15,Female,mc_prob_0_FC_0.15_6
16,4656,16,Female,mc_prob_0_FC_0.15_6
17,4606,17,Female,mc_prob_0_FC_0.15_6
18,4859,18,Female,mc_prob_0_FC_0.15_6
19,4838,19,Female,mc_prob_0_FC_0.15_6
20,4817,20,Female,mc_prob_0_FC_0.15_6
21,4962,21,Female,mc_prob_0_FC_0.15_6
22,4906,22,Female,mc_prob_0_FC_0.15_6
23,4830,23,Female,mc_prob_0_FC_0.15_6
24,4921,24,Female,mc_prob_0_FC_0.15_6
25,4891,25,Female,mc_prob_0_FC_0.15_6
26,4940,26,Female,mc_prob_0_FC_0.15_6
27,4795,27,Female,mc_prob_0_FC_0.15_6
28,4857,28,Female,mc_prob_0_FC_0.15_6
29,4992,29,Female,mc_prob_0_FC_0.15_6
30,4818,30,Female,mc_prob_0_FC_0.15_6
31,4868,31,Female,mc_prob_0_FC_0.15_6
32,4806,32,Female,mc_prob_0_FC_0.15_6
33,4934,33,Female,mc_prob_0_FC_0.15_6
34,5019,34,Female,mc_prob_0_FC_0.15_6
35,4908,35,Female,mc_prob_0_FC_0.15_6
36,4786,36,Female,mc_prob_0_FC_0.15_6
37,4940,37,Female,mc_prob_0_FC_0.15_6
38,4886,38,Female,mc_prob_0_FC_0.15_6
39,4993,39,Female,mc_prob_0_FC_0.15_6
40,4975,40,Female,mc_prob_0_FC_0.15_6
41,4978,41,Female,mc_prob_0_FC_0.15_6
42,4940,42,Female,mc_prob_0_FC_0.15_6
43,4978,43,Female,mc_prob_0_FC_0.15_6
44,4952,44,Female,mc_prob_0_FC_0.15_6
45,4983,45,Female,mc_prob_0_FC_0.15_6
46,4812,46,Female,mc_prob_0_FC_0.15_6
47,4812,47,Female,mc_prob_0_FC_0.15_6
48,4944,48,Female,mc_prob_0_FC_0.15_6
49,4852,49,Female,mc_prob_0_FC_0.15_6
50,5092,50,Female,mc_prob_0_FC_0.15_6
51,5000,0,Male,mc_prob_0_FC_0.15_6
52,4114,1,Male,mc_prob_0_FC_0.15_6
53,4172,2,Male,mc_prob_0_FC_0.15_6
54,4223,3,Male,mc_prob_0_FC_0.15_6
55,4439,4,Male,mc_prob_0_FC_0.15_6
56,4410,5,Male,mc_prob_0_FC_0.15_6
57,4335,6,Male,mc_prob_0_FC_0.15_6
58,4489,7,Male,mc_prob_0_FC_0.15_6
59,4475,8,Male,mc_prob_0_FC_0.15_6
60,4354,9,Male,mc_prob_0_FC_0.15_6
61,4514,10,Male,mc_prob_0_FC_0.15_6
62,4703,11,Male,mc_prob_0_FC_0.15_6
63,4544,12,Male,mc_prob_0_FC_0.15_6
64,4583,13,Male,mc_prob_0_FC_0.15_6
65,4782,14,Male,mc_prob_0_FC_0.15_6
66,4928,15,Male,mc_prob_0_FC_0.15_6
67,4850,16,Male,mc_prob_0_FC_0.15_6
68,4714,17,Male,mc_prob_0_FC_0.15_6
69,4888,18,Male,mc_prob_0_FC_0.15_6
70,5019,19,Male,mc_prob_0_FC_0.15_6
71,4824,20,Male,mc_prob_0_FC_0.15_6
72,4994,21,Male,mc_prob_0_FC_0.15_6
73,4922,22,Male,mc_prob_0_FC_0.15_6
74,4872,23,Male,mc_prob_0_FC_0.15_6
75,5033,24,Male,mc_prob_0_FC_0.15_6
76,4916,25,Male,mc_prob_0_FC_0.15_6
77,4968,26,Male,mc_prob_0_FC_0.15_6
78,5048,27,Male,mc_prob_0_FC_0.15_6
79,4953,28,Male,mc_prob_0_FC_0.15_6
80,4999,29,Male,mc_prob_0_FC_0.15_6
81,4987,30,Male,mc_prob_0_FC_0.15_6
82,5014,31,Male,mc_prob_0_FC_0.15_6
83,4913,32,Male,mc_prob_0_FC_0.15_6
84,5046,33,Male,mc_prob_0_FC_0.15_6
85,5028,34,Male,mc_prob_0_FC_0.15_6
86,4985,35,Male,mc_prob_0_FC_0.15_6
87,4967,36,Male,mc_prob_0_FC_0.15_6
88,4948,37,Male,mc_prob_0_FC_0.15_6
89,4966,38,Male,mc_prob_0_FC_0.15_6
90,5015,39,Male,mc_prob_0_FC_0.15_6
91,5038,40,Male,mc_prob_0_FC_0.15_6
92,4996,41,Male,mc_prob_0_FC_0.15_6
93,5000,42,Male,mc_prob_0_FC_0.15_6
94,5009,43,Male,mc_prob_0_FC_0.15_6
95,5026,44,Male,mc_prob_0_FC_0.15_6
96,4984,45,Male,mc_prob_0_FC_0.15_6
97,5061,46,Male,mc_prob_0_FC_0.15_6
98,4836,47,Male,mc_prob_0_FC_0.15_6
99,4972,48,Male,mc_prob_0_FC_0.15_6
100,5018,49,Male,mc_prob_0_FC_0.15_6
101,5096,50,Male,mc_prob_0_FC_0.15_6
,Count,Generation,Sex,Run
0,7000,0,Female,mc_prob_0_FC_0.15_7
1,4093,1,Female,mc_prob_0_FC_0.15_7
2,3926,2,Female,mc_prob_0_FC_0.15_7
3,4174,3,Female,mc_prob_0_FC_0.15_7
4,4304,4,Female,mc_prob_0_FC_0.15_7
5,4383,5,Female,mc_prob_0_FC_0.15_7
6,4306,6,Female,mc_prob_0_FC_0.15_7
7,4466,7,Female,mc_prob_0_FC_0.15_7
8,4357,8,Female,mc_prob_0_FC_0.15_7
9,4306,9,Female,mc_prob_0_FC_0.15_7
10,4346,10,Female,mc_prob_0_FC_0.15_7
11,4592,11,Female,mc_prob_0_FC_0.15_7
12,4593,12,Female,mc_prob_0_FC_0.15_7
13,4509,13,Female,mc_prob_0_FC_0.15_7
14,4570,14,Female,mc_prob_0_FC_0.15_7
15,4741,15,Female,mc_prob_0_FC_0.15_7
16,4820,16,Female,mc_prob_0_FC_0.15_7
17,4755,17,Female,mc_prob_0_FC_0.15_7
18,4720,18,Female,mc_prob_0_FC_0.15_7
19,4722,19,Female,mc_prob_0_FC_0.15_7
20,4861,20,Female,mc_prob_0_FC_0.15_7
21,4804,21,Female,mc_prob_0_FC_0.15_7
22,4675,22,Female,mc_prob_0_FC_0.15_7
23,4719,23,Female,mc_prob_0_FC_0.15_7
24,4676,24,Female,mc_prob_0_FC_0.15_7
25,4820,25,Female,mc_prob_0_FC_0.15_7
26,4805,26,Female,mc_prob_0_FC_0.15_7
27,4817,27,Female,mc_prob_0_FC_0.15_7
28,4882,28,Female,mc_prob_0_FC_0.15_7
29,4864,29,Female,mc_prob_0_FC_0.15_7
30,4843,30,Female,mc_prob_0_FC_0.15_7
31,4969,31,Female,mc_prob_0_FC_0.15_7
32,5040,32,Female,mc_prob_0_FC_0.15_7
33,4941,33,Female,mc_prob_0_FC_0.15_7
34,4914,34,Female,mc_prob_0_FC_0.15_7
35,4978,35,Female,mc_prob_0_FC_0.15_7
36,4876,36,Female,mc_prob_0_FC_0.15_7
37,4847,37,Female,mc_prob_0_FC_0.15_7
38,4909,38,Female,mc_prob_0_FC_0.15_7
39,4979,39,Female,mc_prob_0_FC_0.15_7
40,4879,40,Female,mc_prob_0_FC_0.15_7
41,4973,41,Female,mc_prob_0_FC_0.15_7
42,4982,42,Female,mc_prob_0_FC_0.15_7
43,5002,43,Female,mc_prob_0_FC_0.15_7
44,5006,44,Female,mc_prob_0_FC_0.15_7
45,5040,45,Female,mc_prob_0_FC_0.15_7
46,5060,46,Female,mc_prob_0_FC_0.15_7
47,4880,47,Female,mc_prob_0_FC_0.15_7
48,4893,48,Female,mc_prob_0_FC_0.15_7
49,5017,49,Female,mc_prob_0_FC_0.15_7
50,4963,50,Female,mc_prob_0_FC_0.15_7
51,5000,0,Male,mc_prob_0_FC_0.15_7
52,4199,1,Male,mc_prob_0_FC_0.15_7
53,3991,2,Male,mc_prob_0_FC_0.15_7
54,4185,3,Male,mc_prob_0_FC_0.15_7
55,4308,4,Male,mc_prob_0_FC_0.15_7
56,4419,5,Male,mc_prob_0_FC_0.15_7
57,4340,6,Male,mc_prob_0_FC_0.15_7
58,4474,7,Male,mc_prob_0_FC_0.15_7
59,4360,8,Male,mc_prob_0_FC_0.15_7
60,4535,9,Male,mc_prob_0_FC_0.15_7
61,4374,10,Male,mc_prob_0_FC_0.15_7
62,4600,11,Male,mc_prob_0_FC_0.15_7
63,4611,12,Male,mc_prob_0_FC_0.15_7
64,4766,13,Male,mc_prob_0_FC_0.15_7
65,4583,14,Male,mc_prob_0_FC_0.15_7
66,4786,15,Male,mc_prob_0_FC_0.15_7
67,4845,16,Male,mc_prob_0_FC_0.15_7
68,4816,17,Male,mc_prob_0_FC_0.15_7
69,4751,18,Male,mc_prob_0_FC_0.15_7
70,4815,19,Male,mc_prob_0_FC_0.15_7
71,4877,20,Male,mc_prob_0_FC_0.15_7
72,4940,21,Male,mc_prob_0_FC_0.15_7
73,4855,22,Male,mc_prob_0_FC_0.15_7
74,4877,23,Male,mc_prob_0_FC_0.15_7
75,4755,24,Male,mc_prob_0_FC_0.15_7
76,4894,25,Male,mc_prob_0_FC_0.15_7
77,4875,26,Male,mc_prob_0_FC_0.15_7
78,4931,27,Male,mc_prob_0_FC_0.15_7
79,4932,28,Male,mc_prob_0_FC_0.15_7
80,4937,29,Male,mc_prob_0_FC_0.15_7
81,4968,30,Male,mc_prob_0_FC_0.15_7
82,4987,31,Male,mc_prob_0_FC_0.15_7
83,5098,32,Male,mc_prob_0_FC_0.15_7
84,5011,33,Male,mc_prob_0_FC_0.15_7
85,4931,34,Male,mc_prob_0_FC_0.15_7
86,5051,35,Male,mc_prob_0_FC_0.15_7
87,4959,36,Male,mc_prob_0_FC_0.15_7
88,4983,37,Male,mc_prob_0_FC_0.15_7
89,4984,38,Male,mc_prob_0_FC_0.15_7
90,5040,39,Male,mc_prob_0_FC_0.15_7
91,5016,40,Male,mc_prob_0_FC_0.15_7
92,5020,41,Male,mc_prob_0_FC_0.15_7
93,5080,42,Male,mc_prob_0_FC_0.15_7
94,5050,43,Male,mc_prob_0_FC_0.15_7
95,5035,44,Male,mc_prob_0_FC_0.15_7
96,5080,45,Male,mc_prob_0_FC_0.15_7
97,5116,46,Male,mc_prob_0_FC_0.15_7
98,4951,47,Male,mc_prob_0_FC_0.15_7
99,4958,48,Male,mc_prob_0_FC_0.15_7
100,5034,49,Male,mc_prob_0_FC_0.15_7
101,5041,50,Male,mc_prob_0_FC_0.15_7
,Count,Generation,Sex,Run
0,7000,0,Female,mc_prob_0_FC_0.15_8
1,4153,1,Female,mc_prob_0_FC_0.15_8
2,4192,2,Female,mc_prob_0_FC_0.15_8
3,4108,3,Female,mc_prob_0_FC_0.15_8
4,4069,4,Female,mc_prob_0_FC_0.15_8
5,4193,5,Female,mc_prob_0_FC_0.15_8
6,4312,6,Female,mc_prob_0_FC_0.15_8
7,4443,7,Female,mc_prob_0_FC_0.15_8
8,4392,8,Female,mc_prob_0_FC_0.15_8
9,4545,9,Female,mc_prob_0_FC_0.15_8
10,4398,10,Female,mc_prob_0_FC_0.15_8
11,4557,11,Female,mc_prob_0_FC_0.15_8
12,4711,12,Female,mc_prob_0_FC_0.15_8
13,4627,13,Female,mc_prob_0_FC_0.15_8
14,4548,14,Female,mc_prob_0_FC_0.15_8
15,4719,15,Female,mc_prob_0_FC_0.15_8
16,4681,16,Female,mc_prob_0_FC_0.15_8
17,4689,17,Female,mc_prob_0_FC_0.15_8
18,4773,18,Female,mc_prob_0_FC_0.15_8
19,4803,19,Female,mc_prob_0_FC_0.15_8
20,4748,20,Female,mc_prob_0_FC_0.15_8
21,4734,21,Female,mc_prob_0_FC_0.15_8
22,4834,22,Female,mc_prob_0_FC_0.15_8
23,4846,23,Female,mc_prob_0_FC_0.15_8
24,4800,24,Female,mc_prob_0_FC_0.15_8
25,4906,25,Female,mc_prob_0_FC_0.15_8
26,4882,26,Female,mc_prob_0_FC_0.15_8
27,4840,27,Female,mc_prob_0_FC_0.15_8
28,4883,28,Female,mc_prob_0_FC_0.15_8
29,4939,29,Female,mc_prob_0_FC_0.15_8
30,5018,30,Female,mc_prob_0_FC_0.15_8
31,4952,31,Female,mc_prob_0_FC_0.15_8
32,5034,32,Female,mc_prob_0_FC_0.15_8
33,4829,33,Female,mc_prob_0_FC_0.15_8
34,4882,34,Female,mc_prob_0_FC_0.15_8
35,4913,35,Female,mc_prob_0_FC_0.15_8
36,5032,36,Female,mc_prob_0_FC_0.15_8
37,4933,37,Female,mc_prob_0_FC_0.15_8
38,4938,38,Female,mc_prob_0_FC_0.15_8
39,4858,39,Female,mc_prob_0_FC_0.15_8
40,4785,40,Female,mc_prob_0_FC_0.15_8
41,4898,41,Female,mc_prob_0_FC_0.15_8
42,4874,42,Female,mc_prob_0_FC_0.15_8
43,4906,43,Female,mc_prob_0_FC_0.15_8
44,4954,44,Female,mc_prob_0_FC_0.15_8
45,5011,45,Female,mc_prob_0_FC_0.15_8
46,4994,46,Female,mc_prob_0_FC_0.15_8
47,5077,47,Female,mc_prob_0_FC_0.15_8
48,5001,48,Female,mc_prob_0_FC_0.15_8
49,4949,49,Female,mc_prob_0_FC_0.15_8
50,5029,50,Female,mc_prob_0_FC_0.15_8
51,5000,0,Male,mc_prob_0_FC_0.15_8
52,4185,1,Male,mc_prob_0_FC_0.15_8
53,4210,2,Male,mc_prob_0_FC_0.15_8
54,4190,3,Male,mc_prob_0_FC_0.15_8
55,4252,4,Male,mc_prob_0_FC_0.15_8
56,4203,5,Male,mc_prob_0_FC_0.15_8
57,4393,6,Male,mc_prob_0_FC_0.15_8
58,4531,7,Male,mc_prob_0_FC_0.15_8
59,4535,8,Male,mc_prob_0_FC_0.15_8
60,4619,9,Male,mc_prob_0_FC_0.15_8
61,4586,10,Male,mc_prob_0_FC_0.15_8
62,4619,11,Male,mc_prob_0_FC_0.15_8
63,4793,12,Male,mc_prob_0_FC_0.15_8
64,4679,13,Male,mc_prob_0_FC_0.15_8
65,4586,14,Male,mc_prob_0_FC_0.15_8
66,4793,15,Male,mc_prob_0_FC_0.15_8
67,4751,16,Male,mc_prob_0_FC_0.15_8
68,4793,17,Male,mc_prob_0_FC_0.15_8
69,4856,18,Male,mc_prob_0_FC_0.15_8
70,4919,19,Male,mc_prob_0_FC_0.15_8
71,4854,20,Male,mc_prob_0_FC_0.15_8
72,4879,21,Male,mc_prob_0_FC_0.15_8
73,4889,22,Male,mc_prob_0_FC_0.15_8
74,4965,23,Male,mc_prob_0_FC_0.15_8
75,4918,24,Male,mc_prob_0_FC_0.15_8
76,4965,25,Male,mc_prob_0_FC_0.15_8
77,4987,26,Male,mc_prob_0_FC_0.15_8
78,4873,27,Male,mc_prob_0_FC_0.15_8
79,4949,28,Male,mc_prob_0_FC_0.15_8
80,4999,29,Male,mc_prob_0_FC_0.15_8
81,5023,30,Male,mc_prob_0_FC_0.15_8
82,5011,31,Male,mc_prob_0_FC_0.15_8
83,5049,32,Male,mc_prob_0_FC_0.15_8
84,4994,33,Male,mc_prob_0_FC_0.15_8
85,4886,34,Male,mc_prob_0_FC_0.15_8
86,4946,35,Male,mc_prob_0_FC_0.15_8
87,5040,36,Male,mc_prob_0_FC_0.15_8
88,4970,37,Male,mc_prob_0_FC_0.15_8
89,5034,38,Male,mc_prob_0_FC_0.15_8
90,5001,39,Male,mc_prob_0_FC_0.15_8
91,4979,40,Male,mc_prob_0_FC_0.15_8
92,4941,41,Male,mc_prob_0_FC_0.15_8
93,4875,42,Male,mc_prob_0_FC_0.15_8
94,5071,43,Male,mc_prob_0_FC_0.15_8
95,5004,44,Male,mc_prob_0_FC_0.15_8
96,5116,45,Male,mc_prob_0_FC_0.15_8
97,5003,46,Male,mc_prob_0_FC_0.15_8
98,5102,47,Male,mc_prob_0_FC_0.15_8
99,5052,48,Male,mc_prob_0_FC_0.15_8
100,5039,49,Male,mc_prob_0_FC_0.15_8
101,5086,50,Male,mc_prob_0_FC_0.15_8
,Count,Generation,Sex,Run
0,7000,0,Female,mc_prob_0_FC_0.15_9
1,4208,1,Female,mc_prob_0_FC_0.15_9
2,4191,2,Female,mc_prob_0_FC_0.15_9
3,4238,3,Female,mc_prob_0_FC_0.15_9
4,4315,4,Female,mc_prob_0_FC_0.15_9
5,4240,5,Female,mc_prob_0_FC_0.15_9
6,4288,6,Female,mc_prob_0_FC_0.15_9
7,4489,7,Female,mc_prob_0_FC_0.15_9
8,4548,8,Female,mc_prob_0_FC_0.15_9
9,4578,9,Female,mc_prob_0_FC_0.15_9
10,4591,10,Female,mc_prob_0_FC_0.15_9
11,4798,11,Female,mc_prob_0_FC_0.15_9
12,4697,12,Female,mc_prob_0_FC_0.15_9
13,4651,13,Female,mc_prob_0_FC_0.15_9
14,4713,14,Female,mc_prob_0_FC_0.15_9
15,4666,15,Female,mc_prob_0_FC_0.15_9
16,4754,16,Female,mc_prob_0_FC_0.15_9
17,4661,17,Female,mc_prob_0_FC_0.15_9
18,4723,18,Female,mc_prob_0_FC_0.15_9
19,4880,19,Female,mc_prob_0_FC_0.15_9
20,4990,20,Female,mc_prob_0_FC_0.15_9
21,4902,21,Female,mc_prob_0_FC_0.15_9
22,4989,22,Female,mc_prob_0_FC_0.15_9
23,4900,23,Female,mc_prob_0_FC_0.15_9
24,4808,24,Female,mc_prob_0_FC_0.15_9
25,4901,25,Female,mc_prob_0_FC_0.15_9
26,5010,26,Female,mc_prob_0_FC_0.15_9
27,5039,27,Female,mc_prob_0_FC_0.15_9
28,4924,28,Female,mc_prob_0_FC_0.15_9
29,5027,29,Female,mc_prob_0_FC_0.15_9
30,4938,30,Female,mc_prob_0_FC_0.15_9
31,5031,31,Female,mc_prob_0_FC_0.15_9
32,4894,32,Female,mc_prob_0_FC_0.15_9
33,4831,33,Female,mc_prob_0_FC_0.15_9
34,4968,34,Female,mc_prob_0_FC_0.15_9
35,4995,35,Female,mc_prob_0_FC_0.15_9
36,4873,36,Female,mc_prob_0_FC_0.15_9
37,4953,37,Female,mc_prob_0_FC_0.15_9
38,4983,38,Female,mc_prob_0_FC_0.15_9
39,4951,39,Female,mc_prob_0_FC_0.15_9
40,4968,40,Female,mc_prob_0_FC_0.15_9
41,5004,41,Female,mc_prob_0_FC_0.15_9
42,5055,42,Female,mc_prob_0_FC_0.15_9
43,4992,43,Female,mc_prob_0_FC_0.15_9
44,4950,44,Female,mc_prob_0_FC_0.15_9
45,5010,45,Female,mc_prob_0_FC_0.15_9
46,5022,46,Female,mc_prob_0_FC_0.15_9
47,4979,47,Female,mc_prob_0_FC_0.15_9
48,4821,48,Female,mc_prob_0_FC_0.15_9
49,4925,49,Female,mc_prob_0_FC_0.15_9
50,5004,50,Female,mc_prob_0_FC_0.15_9
51,5000,0,Male,mc_prob_0_FC_0.15_9
52,4211,1,Male,mc_prob_0_FC_0.15_9
53,4268,2,Male,mc_prob_0_FC_0.15_9
54,4305,3,Male,mc_prob_0_FC_0.15_9
55,4330,4,Male,mc_prob_0_FC_0.15_9
56,4486,5,Male,mc_prob_0_FC_0.15_9
57,4362,6,Male,mc_prob_0_FC_0.15_9
58,4529,7,Male,mc_prob_0_FC_0.15_9
59,4556,8,Male,mc_prob_0_FC_0.15_9
60,4645,9,Male,mc_prob_0_FC_0.15_9
61,4610,10,Male,mc_prob_0_FC_0.15_9
62,4798,11,Male,mc_prob_0_FC_0.15_9
63,4700,12,Male,mc_prob_0_FC_0.15_9
64,4728,13,Male,mc_prob_0_FC_0.15_9
65,4714,14,Male,mc_prob_0_FC_0.15_9
66,4778,15,Male,mc_prob_0_FC_0.15_9
67,4847,16,Male,mc_prob_0_FC_0.15_9
68,4786,17,Male,mc_prob_0_FC_0.15_9
69,4751,18,Male,mc_prob_0_FC_0.15_9
70,4884,19,Male,mc_prob_0_FC_0.15_9
71,5033,20,Male,mc_prob_0_FC_0.15_9
72,4957,21,Male,mc_prob_0_FC_0.15_9
73,5029,22,Male,mc_prob_0_FC_0.15_9
74,5127,23,Male,mc_prob_0_FC_0.15_9
75,4814,24,Male,mc_prob_0_FC_0.15_9
76,4962,25,Male,mc_prob_0_FC_0.15_9
77,5048,26,Male,mc_prob_0_FC_0.15_9
78,5089,27,Male,mc_prob_0_FC_0.15_9
79,5084,28,Male,mc_prob_0_FC_0.15_9
80,5066,29,Male,mc_prob_0_FC_0.15_9
81,4965,30,Male,mc_prob_0_FC_0.15_9
82,5068,31,Male,mc_prob_0_FC_0.15_9
83,4990,32,Male,mc_prob_0_FC_0.15_9
84,5039,33,Male,mc_prob_0_FC_0.15_9
85,5016,34,Male,mc_prob_0_FC_0.15_9
86,5019,35,Male,mc_prob_0_FC_0.15_9
87,4898,36,Male,mc_prob_0_FC_0.15_9
88,5002,37,Male,mc_prob_0_FC_0.15_9
89,4999,38,Male,mc_prob_0_FC_0.15_9
90,4963,39,Male,mc_prob_0_FC_0.15_9
91,5038,40,Male,mc_prob_0_FC_0.15_9
92,5036,41,Male,mc_prob_0_FC_0.15_9
93,5082,42,Male,mc_prob_0_FC_0.15_9
94,5010,43,Male,mc_prob_0_FC_0.15_9
95,5016,44,Male,mc_prob_0_FC_0.15_9
96,5012,45,Male,mc_prob_0_FC_0.15_9
97,5029,46,Male,mc_prob_0_FC_0.15_9
98,5082,47,Male,mc_prob_0_FC_0.15_9
99,4944,48,Male,mc_prob_0_FC_0.15_9
100,4999,49,Male,mc_prob_0_FC_0.15_9
101,5018,50,Male,mc_prob_0_FC_0.15_9
,Count,Generation,Sex,Run
0,7000,0,Female,mc_prob_0_FC_0.15_10
1,4009,1,Female,mc_prob_0_FC_0.15_10
2,4007,2,Female,mc_prob_0_FC_0.15_10
3,4099,3,Female,mc_prob_0_FC_0.15_10
4,4269,4,Female,mc_prob_0_FC_0.15_10
5,4231,5,Female,mc_prob_0_FC_0.15_10
6,4328,6,Female,mc_prob_0_FC_0.15_10
7,4413,7,Female,mc_prob_0_FC_0.15_10
8,4449,8,Female,mc_prob_0_FC_0.15_10
9,4473,9,Female,mc_prob_0_FC_0.15_10
10,4643,10,Female,mc_prob_0_FC_0.15_10
11,4759,11,Female,mc_prob_0_FC_0.15_10
12,4569,12,Female,mc_prob_0_FC_0.15_10
13,4590,13,Female,mc_prob_0_FC_0.15_10
14,4622,14,Female,mc_prob_0_FC_0.15_10
15,4682,15,Female,mc_prob_0_FC_0.15_10
16,4721,16,Female,mc_prob_0_FC_0.15_10
17,4700,17,Female,mc_prob_0_FC_0.15_10
18,4794,18,Female,mc_prob_0_FC_0.15_10
19,4837,19,Female,mc_prob_0_FC_0.15_10
20,4737,20,Female,mc_prob_0_FC_0.15_10
21,4890,21,Female,mc_prob_0_FC_0.15_10
22,5025,22,Female,mc_prob_0_FC_0.15_10
23,4930,23,Female,mc_prob_0_FC_0.15_10
24,4969,24,Female,mc_prob_0_FC_0.15_10
25,4901,25,Female,mc_prob_0_FC_0.15_10
26,4966,26,Female,mc_prob_0_FC_0.15_10
27,4824,27,Female,mc_prob_0_FC_0.15_10
28,4886,28,Female,mc_prob_0_FC_0.15_10
29,4927,29,Female,mc_prob_0_FC_0.15_10
30,4877,30,Female,mc_prob_0_FC_0.15_10
31,4762,31,Female,mc_prob_0_FC_0.15_10
32,4821,32,Female,mc_prob_0_FC_0.15_10
33,4901,33,Female,mc_prob_0_FC_0.15_10
34,4971,34,Female,mc_prob_0_FC_0.15_10
35,4829,35,Female,mc_prob_0_FC_0.15_10
36,4921,36,Female,mc_prob_0_FC_0.15_10
37,4928,37,Female,mc_prob_0_FC_0.15_10
38,5002,38,Female,mc_prob_0_FC_0.15_10
39,4971,39,Female,mc_prob_0_FC_0.15_10
40,4966,40,Female,mc_prob_0_FC_0.15_10
41,4962,41,Female,mc_prob_0_FC_0.15_10
42,4878,42,Female,mc_prob_0_FC_0.15_10
43,4910,43,Female,mc_prob_0_FC_0.15_10
44,4909,44,Female,mc_prob_0_FC_0.15_10
45,5008,45,Female,mc_prob_0_FC_0.15_10
46,4949,46,Female,mc_prob_0_FC_0.15_10
47,5085,47,Female,mc_prob_0_FC_0.15_10
48,5013,48,Female,mc_prob_0_FC_0.15_10
49,4873,49,Female,mc_prob_0_FC_0.15_10
50,4938,50,Female,mc_prob_0_FC_0.15_10
51,5000,0,Male,mc_prob_0_FC_0.15_10
52,4121,1,Male,mc_prob_0_FC_0.15_10
53,4143,2,Male,mc_prob_0_FC_0.15_10
54,4143,3,Male,mc_prob_0_FC_0.15_10
55,4299,4,Male,mc_prob_0_FC_0.15_10
56,4299,5,Male,mc_prob_0_FC_0.15_10
57,4374,6,Male,mc_prob_0_FC_0.15_10
58,4444,7,Male,mc_prob_0_FC_0.15_10
59,4538,8,Male,mc_prob_0_FC_0.15_10
60,4499,9,Male,mc_prob_0_FC_0.15_10
61,4657,10,Male,mc_prob_0_FC_0.15_10
62,4762,11,Male,mc_prob_0_FC_0.15_10
63,4577,12,Male,mc_prob_0_FC_0.15_10
64,4770,13,Male,mc_prob_0_FC_0.15_10
65,4660,14,Male,mc_prob_0_FC_0.15_10
66,4769,15,Male,mc_prob_0_FC_0.15_10
67,4765,16,Male,mc_prob_0_FC_0.15_10
68,4726,17,Male,mc_prob_0_FC_0.15_10
69,4837,18,Male,mc_prob_0_FC_0.15_10
70,4880,19,Male,mc_prob_0_FC_0.15_10
71,4761,20,Male,mc_prob_0_FC_0.15_10
72,4916,21,Male,mc_prob_0_FC_0.15_10
73,5026,22,Male,mc_prob_0_FC_0.15_10
74,5015,23,Male,mc_prob_0_FC_0.15_10
75,5009,24,Male,mc_prob_0_FC_0.15_10
76,4909,25,Male,mc_prob_0_FC_0.15_10
77,5010,26,Male,mc_prob_0_FC_0.15_10
78,4953,27,Male,mc_prob_0_FC_0.15_10
79,4907,28,Male,mc_prob_0_FC_0.15_10
80,4990,29,Male,mc_prob_0_FC_0.15_10
81,4897,30,Male,mc_prob_0_FC_0.15_10
82,5104,31,Male,mc_prob_0_FC_0.15_10
83,4838,32,Male,mc_prob_0_FC_0.15_10
84,4945,33,Male,mc_prob_0_FC_0.15_10
85,4975,34,Male,mc_prob_0_FC_0.15_10
86,5037,35,Male,mc_prob_0_FC_0.15_10
87,5056,36,Male,mc_prob_0_FC_0.15_10
88,4951,37,Male,mc_prob_0_FC_0.15_10
89,5030,38,Male,mc_prob_0_FC_0.15_10
90,5081,39,Male,mc_prob_0_FC_0.15_10
91,5076,40,Male,mc_prob_0_FC_0.15_10
92,5001,41,Male,mc_prob_0_FC_0.15_10
93,5005,42,Male,mc_prob_0_FC_0.15_10
94,4923,43,Male,mc_prob_0_FC_0.15_10
95,5045,44,Male,mc_prob_0_FC_0.15_10
96,5011,45,Male,mc_prob_0_FC_0.15_10
97,5033,46,Male,mc_prob_0_FC_0.15_10
98,5144,47,Male,mc_prob_0_FC_0.15_10
99,5018,48,Male,mc_prob_0_FC_0.15_10
100,5037,49,Male,mc_prob_0_FC_0.15_10
101,5047,50,Male,mc_prob_0_FC_0.15_10
,Count,Generation,Sex,Run
0,7000,0,Female,mc_prob_0_FC_0.2_1
1,4059,1,Female,mc_prob_0_FC_0.2_1
2,4113,2,Female,mc_prob_0_FC_0.2_1
3,4130,3,Female,mc_prob_0_FC_0.2_1
4,4366,4,Female,mc_prob_0_FC_0.2_1
5,4424,5,Female,mc_prob_0_FC_0.2_1
6,4411,6,Female,mc_prob_0_FC_0.2_1
7,4486,7,Female,mc_prob_0_FC_0.2_1
8,4533,8,Female,mc_prob_0_FC_0.2_1
9,4776,9,Female,mc_prob_0_FC_0.2_1
10,4792,10,Female,mc_prob_0_FC_0.2_1
11,4772,11,Female,mc_prob_0_FC_0.2_1
12,4741,12,Female,mc_prob_0_FC_0.2_1
13,4843,13,Female,mc_prob_0_FC_0.2_1
14,4867,14,Female,mc_prob_0_FC_0.2_1
15,4881,15,Female,mc_prob_0_FC_0.2_1
16,4848,16,Female,mc_prob_0_FC_0.2_1
17,4955,17,Female,mc_prob_0_FC_0.2_1
18,4908,18,Female,mc_prob_0_FC_0.2_1
19,4944,19,Female,mc_prob_0_FC_0.2_1
20,4963,20,Female,mc_prob_0_FC_0.2_1
21,4827,21,Female,mc_prob_0_FC_0.2_1
22,4870,22,Female,mc_prob_0_FC_0.2_1
23,4954,23,Female,mc_prob_0_FC_0.2_1
24,4935,24,Female,mc_prob_0_FC_0.2_1
25,4895,25,Female,mc_prob_0_FC_0.2_1
26,4795,26,Female,mc_prob_0_FC_0.2_1
27,4999,27,Female,mc_prob_0_FC_0.2_1
28,4983,28,Female,mc_prob_0_FC_0.2_1
29,4965,29,Female,mc_prob_0_FC_0.2_1
30,4962,30,Female,mc_prob_0_FC_0.2_1
31,5005,31,Female,mc_prob_0_FC_0.2_1
32,4965,32,Female,mc_prob_0_FC_0.2_1
33,5014,33,Female,mc_prob_0_FC_0.2_1
34,5062,34,Female,mc_prob_0_FC_0.2_1
35,4921,35,Female,mc_prob_0_FC_0.2_1
36,4803,36,Female,mc_prob_0_FC_0.2_1
37,4847,37,Female,mc_prob_0_FC_0.2_1
38,4984,38,Female,mc_prob_0_FC_0.2_1
39,5006,39,Female,mc_prob_0_FC_0.2_1
40,5004,40,Female,mc_prob_0_FC_0.2_1
41,4913,41,Female,mc_prob_0_FC_0.2_1
42,4990,42,Female,mc_prob_0_FC_0.2_1
43,4968,43,Female,mc_prob_0_FC_0.2_1
44,4893,44,Female,mc_prob_0_FC_0.2_1
45,4975,45,Female,mc_prob_0_FC_0.2_1
46,4941,46,Female,mc_prob_0_FC_0.2_1
47,4754,47,Female,mc_prob_0_FC_0.2_1
48,4978,48,Female,mc_prob_0_FC_0.2_1
49,5018,49,Female,mc_prob_0_FC_0.2_1
50,5003,50,Female,mc_prob_0_FC_0.2_1
51,5000,0,Male,mc_prob_0_FC_0.2_1
52,4081,1,Male,mc_prob_0_FC_0.2_1
53,4183,2,Male,mc_prob_0_FC_0.2_1
54,4204,3,Male,mc_prob_0_FC_0.2_1
55,4368,4,Male,mc_prob_0_FC_0.2_1
56,4443,5,Male,mc_prob_0_FC_0.2_1
57,4540,6,Male,mc_prob_0_FC_0.2_1
58,4494,7,Male,mc_prob_0_FC_0.2_1
59,4592,8,Male,mc_prob_0_FC_0.2_1
60,4792,9,Male,mc_prob_0_FC_0.2_1
61,4832,10,Male,mc_prob_0_FC_0.2_1
62,4877,11,Male,mc_prob_0_FC_0.2_1
63,4757,12,Male,mc_prob_0_FC_0.2_1
64,4931,13,Male,mc_prob_0_FC_0.2_1
65,4997,14,Male,mc_prob_0_FC_0.2_1
66,4891,15,Male,mc_prob_0_FC_0.2_1
67,4890,16,Male,mc_prob_0_FC_0.2_1
68,5010,17,Male,mc_prob_0_FC_0.2_1
69,5004,18,Male,mc_prob_0_FC_0.2_1
70,4996,19,Male,mc_prob_0_FC_0.2_1
71,5087,20,Male,mc_prob_0_FC_0.2_1
72,4958,21,Male,mc_prob_0_FC_0.2_1
73,4959,22,Male,mc_prob_0_FC_0.2_1
74,5023,23,Male,mc_prob_0_FC_0.2_1
75,4966,24,Male,mc_prob_0_FC_0.2_1
76,5050,25,Male,mc_prob_0_FC_0.2_1
77,4914,26,Male,mc_prob_0_FC_0.2_1
78,5016,27,Male,mc_prob_0_FC_0.2_1
79,5132,28,Male,mc_prob_0_FC_0.2_1
80,5022,29,Male,mc_prob_0_FC_0.2_1
81,5040,30,Male,mc_prob_0_FC_0.2_1
82,5063,31,Male,mc_prob_0_FC_0.2_1
83,4988,32,Male,mc_prob_0_FC_0.2_1
84,5015,33,Male,mc_prob_0_FC_0.2_1
85,5094,34,Male,mc_prob_0_FC_0.2_1
86,5027,35,Male,mc_prob_0_FC_0.2_1
87,5039,36,Male,mc_prob_0_FC_0.2_1
88,4909,37,Male,mc_prob_0_FC_0.2_1
89,5001,38,Male,mc_prob_0_FC_0.2_1
90,5023,39,Male,mc_prob_0_FC_0.2_1
91,5031,40,Male,mc_prob_0_FC_0.2_1
92,4971,41,Male,mc_prob_0_FC_0.2_1
93,5071,42,Male,mc_prob_0_FC_0.2_1
94,5049,43,Male,mc_prob_0_FC_0.2_1
95,5011,44,Male,mc_prob_0_FC_0.2_1
96,4984,45,Male,mc_prob_0_FC_0.2_1
97,5040,46,Male,mc_prob_0_FC_0.2_1
98,5020,47,Male,mc_prob_0_FC_0.2_1
99,5024,48,Male,mc_prob_0_FC_0.2_1
100,5036,49,Male,mc_prob_0_FC_0.2_1
101,5121,50,Male,mc_prob_0_FC_0.2_1
,Count,Generation,Sex,Run
0,7000,0,Female,mc_prob_0_FC_0.2_2
1,4086,1,Female,mc_prob_0_FC_0.2_2
2,3982,2,Female,mc_prob_0_FC_0.2_2
3,4181,3,Female,mc_prob_0_FC_0.2_2
4,4247,4,Female,mc_prob_0_FC_0.2_2
5,4427,5,Female,mc_prob_0_FC_0.2_2
6,4540,6,Female,mc_prob_0_FC_0.2_2
7,4504,7,Female,mc_prob_0_FC_0.2_2
8,4651,8,Female,mc_prob_0_FC_0.2_2
9,4608,9,Female,mc_prob_0_FC_0.2_2
10,4768,10,Female,mc_prob_0_FC_0.2_2
11,4799,11,Female,mc_prob_0_FC_0.2_2
12,4819,12,Female,mc_prob_0_FC_0.2_2
13,4938,13,Female,mc_prob_0_FC_0.2_2
14,4994,14,Female,mc_prob_0_FC_0.2_2
15,4909,15,Female,mc_prob_0_FC_0.2_2
16,4943,16,Female,mc_prob_0_FC_0.2_2
17,4941,17,Female,mc_prob_0_FC_0.2_2
18,4877,18,Female,mc_prob_0_FC_0.2_2
19,4885,19,Female,mc_prob_0_FC_0.2_2
20,4962,20,Female,mc_prob_0_FC_0.2_2
21,4815,21,Female,mc_prob_0_FC_0.2_2
22,4995,22,Female,mc_prob_0_FC_0.2_2
23,4868,23,Female,mc_prob_0_FC_0.2_2
24,4821,24,Female,mc_prob_0_FC_0.2_2
25,4879,25,Female,mc_prob_0_FC_0.2_2
26,4781,26,Female,mc_prob_0_FC_0.2_2
27,4892,27,Female,mc_prob_0_FC_0.2_2
28,4903,28,Female,mc_prob_0_FC_0.2_2
29,4854,29,Female,mc_prob_0_FC_0.2_2
30,4906,30,Female,mc_prob_0_FC_0.2_2
31,4939,31,Female,mc_prob_0_FC_0.2_2
32,4924,32,Female,mc_prob_0_FC_0.2_2
33,5007,33,Female,mc_prob_0_FC_0.2_2
34,4966,34,Female,mc_prob_0_FC_0.2_2
35,4849,35,Female,mc_prob_0_FC_0.2_2
36,4946,36,Female,mc_prob_0_FC_0.2_2
37,4881,37,Female,mc_prob_0_FC_0.2_2
38,4934,38,Female,mc_prob_0_FC_0.2_2
39,4830,39,Female,mc_prob_0_FC_0.2_2
40,4814,40,Female,mc_prob_0_FC_0.2_2
41,4834,41,Female,mc_prob_0_FC_0.2_2
42,5002,42,Female,mc_prob_0_FC_0.2_2
43,4920,43,Female,mc_prob_0_FC_0.2_2
44,4861,44,Female,mc_prob_0_FC_0.2_2
45,4905,45,Female,mc_prob_0_FC_0.2_2
46,4944,46,Female,mc_prob_0_FC_0.2_2
47,4917,47,Female,mc_prob_0_FC_0.2_2
48,4890,48,Female,mc_prob_0_FC_0.2_2
49,4942,49,Female,mc_prob_0_FC_0.2_2
50,5049,50,Female,mc_prob_0_FC_0.2_2
51,5000,0,Male,mc_prob_0_FC_0.2_2
52,4123,1,Male,mc_prob_0_FC_0.2_2
53,4112,2,Male,mc_prob_0_FC_0.2_2
54,4184,3,Male,mc_prob_0_FC_0.2_2
55,4276,4,Male,mc_prob_0_FC_0.2_2
56,4439,5,Male,mc_prob_0_FC_0.2_2
57,4609,6,Male,mc_prob_0_FC_0.2_2
58,4554,7,Male,mc_prob_0_FC_0.2_2
59,4732,8,Male,mc_prob_0_FC_0.2_2
60,4630,9,Male,mc_prob_0_FC_0.2_2
61,4794,10,Male,mc_prob_0_FC_0.2_2
62,4821,11,Male,mc_prob_0_FC_0.2_2
63,4827,12,Male,mc_prob_0_FC_0.2_2
64,4965,13,Male,mc_prob_0_FC_0.2_2
65,5009,14,Male,mc_prob_0_FC_0.2_2
66,4958,15,Male,mc_prob_0_FC_0.2_2
67,4945,16,Male,mc_prob_0_FC_0.2_2
68,4950,17,Male,mc_prob_0_FC_0.2_2
69,4959,18,Male,mc_prob_0_FC_0.2_2
70,4985,19,Male,mc_prob_0_FC_0.2_2
71,5004,20,Male,mc_prob_0_FC_0.2_2
72,4958,21,Male,mc_prob_0_FC_0.2_2
73,5012,22,Male,mc_prob_0_FC_0.2_2
74,5007,23,Male,mc_prob_0_FC_0.2_2
75,4898,24,Male,mc_prob_0_FC_0.2_2
76,5151,25,Male,mc_prob_0_FC_0.2_2
77,5007,26,Male,mc_prob_0_FC_0.2_2
78,4893,27,Male,mc_prob_0_FC_0.2_2
79,4991,28,Male,mc_prob_0_FC_0.2_2
80,4998,29,Male,mc_prob_0_FC_0.2_2
81,4910,30,Male,mc_prob_0_FC_0.2_2
82,5052,31,Male,mc_prob_0_FC_0.2_2
83,4930,32,Male,mc_prob_0_FC_0.2_2
84,5100,33,Male,mc_prob_0_FC_0.2_2
85,5046,34,Male,mc_prob_0_FC_0.2_2
86,5060,35,Male,mc_prob_0_FC_0.2_2
87,4966,36,Male,mc_prob_0_FC_0.2_2
88,5058,37,Male,mc_prob_0_FC_0.2_2
89,5021,38,Male,mc_prob_0_FC_0.2_2
90,4937,39,Male,mc_prob_0_FC_0.2_2
91,5037,40,Male,mc_prob_0_FC_0.2_2
92,4905,41,Male,mc_prob_0_FC_0.2_2
93,5017,42,Male,mc_prob_0_FC_0.2_2
94,5118,43,Male,mc_prob_0_FC_0.2_2
95,4907,44,Male,mc_prob_0_FC_0.2_2
96,5010,45,Male,mc_prob_0_FC_0.2_2
97,4954,46,Male,mc_prob_0_FC_0.2_2
98,5153,47,Male,mc_prob_0_FC_0.2_2
99,4918,48,Male,mc_prob_0_FC_0.2_2
100,4983,49,Male,mc_prob_0_FC_0.2_2
101,5066,50,Male,mc_prob_0_FC_0.2_2
,Count,Generation,Sex,Run
0,7000,0,Female,mc_prob_0_FC_0.2_3
1,4032,1,Female,mc_prob_0_FC_0.2_3
2,4221,2,Female,mc_prob_0_FC_0.2_3
3,4249,3,Female,mc_prob_0_FC_0.2_3
4,4254,4,Female,mc_prob_0_FC_0.2_3
5,4255,5,Female,mc_prob_0_FC_0.2_3
6,4441,6,Female,mc_prob_0_FC_0.2_3
7,4525,7,Female,mc_prob_0_FC_0.2_3
8,4642,8,Female,mc_prob_0_FC_0.2_3
9,4780,9,Female,mc_prob_0_FC_0.2_3
10,4959,10,Female,mc_prob_0_FC_0.2_3
11,4927,11,Female,mc_prob_0_FC_0.2_3
12,4976,12,Female,mc_prob_0_FC_0.2_3
13,4812,13,Female,mc_prob_0_FC_0.2_3
14,4789,14,Female,mc_prob_0_FC_0.2_3
15,4905,15,Female,mc_prob_0_FC_0.2_3
16,4968,16,Female,mc_prob_0_FC_0.2_3
17,4762,17,Female,mc_prob_0_FC_0.2_3
18,4911,18,Female,mc_prob_0_FC_0.2_3
19,4898,19,Female,mc_prob_0_FC_0.2_3
20,4944,20,Female,mc_prob_0_FC_0.2_3
21,4969,21,Female,mc_prob_0_FC_0.2_3
22,5006,22,Female,mc_prob_0_FC_0.2_3
23,4991,23,Female,mc_prob_0_FC_0.2_3
24,4954,24,Female,mc_prob_0_FC_0.2_3
25,5038,25,Female,mc_prob_0_FC_0.2_3
26,4962,26,Female,mc_prob_0_FC_0.2_3
27,4936,27,Female,mc_prob_0_FC_0.2_3
28,4980,28,Female,mc_prob_0_FC_0.2_3
29,4899,29,Female,mc_prob_0_FC_0.2_3
30,4916,30,Female,mc_prob_0_FC_0.2_3
31,4979,31,Female,mc_prob_0_FC_0.2_3
32,5010,32,Female,mc_prob_0_FC_0.2_3
33,5030,33,Female,mc_prob_0_FC_0.2_3
34,5051,34,Female,mc_prob_0_FC_0.2_3
35,4995,35,Female,mc_prob_0_FC_0.2_3
36,5009,36,Female,mc_prob_0_FC_0.2_3
37,5018,37,Female,mc_prob_0_FC_0.2_3
38,4869,38,Female,mc_prob_0_FC_0.2_3
39,4955,39,Female,mc_prob_0_FC_0.2_3
40,4880,40,Female,mc_prob_0_FC_0.2_3
41,4992,41,Female,mc_prob_0_FC_0.2_3
42,5016,42,Female,mc_prob_0_FC_0.2_3
43,4954,43,Female,mc_prob_0_FC_0.2_3
44,4918,44,Female,mc_prob_0_FC_0.2_3
45,4884,45,Female,mc_prob_0_FC_0.2_3
46,4930,46,Female,mc_prob_0_FC_0.2_3
47,4963,47,Female,mc_prob_0_FC_0.2_3
48,4854,48,Female,mc_prob_0_FC_0.2_3
49,4926,49,Female,mc_prob_0_FC_0.2_3
50,4980,50,Female,mc_prob_0_FC_0.2_3
51,5000,0,Male,mc_prob_0_FC_0.2_3
52,4121,1,Male,mc_prob_0_FC_0.2_3
53,4236,2,Male,mc_prob_0_FC_0.2_3
54,4402,3,Male,mc_prob_0_FC_0.2_3
55,4350,4,Male,mc_prob_0_FC_0.2_3
56,4445,5,Male,mc_prob_0_FC_0.2_3
57,4482,6,Male,mc_prob_0_FC_0.2_3
58,4607,7,Male,mc_prob_0_FC_0.2_3
59,4673,8,Male,mc_prob_0_FC_0.2_3
60,4800,9,Male,mc_prob_0_FC_0.2_3
61,4965,10,Male,mc_prob_0_FC_0.2_3
62,4936,11,Male,mc_prob_0_FC_0.2_3
63,5001,12,Male,mc_prob_0_FC_0.2_3
64,4949,13,Male,mc_prob_0_FC_0.2_3
65,4805,14,Male,mc_prob_0_FC_0.2_3
66,4912,15,Male,mc_prob_0_FC_0.2_3
67,5085,16,Male,mc_prob_0_FC_0.2_3
68,4875,17,Male,mc_prob_0_FC_0.2_3
69,4988,18,Male,mc_prob_0_FC_0.2_3
70,4922,19,Male,mc_prob_0_FC_0.2_3
71,4973,20,Male,mc_prob_0_FC_0.2_3
72,4998,21,Male,mc_prob_0_FC_0.2_3
73,5105,22,Male,mc_prob_0_FC_0.2_3
74,5027,23,Male,mc_prob_0_FC_0.2_3
75,4973,24,Male,mc_prob_0_FC_0.2_3
76,5095,25,Male,mc_prob_0_FC_0.2_3
77,4974,26,Male,mc_prob_0_FC_0.2_3
78,5033,27,Male,mc_prob_0_FC_0.2_3
79,4995,28,Male,mc_prob_0_FC_0.2_3
80,5016,29,Male,mc_prob_0_FC_0.2_3
81,5033,30,Male,mc_prob_0_FC_0.2_3
82,4983,31,Male,mc_prob_0_FC_0.2_3
83,5021,32,Male,mc_prob_0_FC_0.2_3
84,5087,33,Male,mc_prob_0_FC_0.2_3
85,5095,34,Male,mc_prob_0_FC_0.2_3
86,5009,35,Male,mc_prob_0_FC_0.2_3
87,5063,36,Male,mc_prob_0_FC_0.2_3
88,5091,37,Male,mc_prob_0_FC_0.2_3
89,4990,38,Male,mc_prob_0_FC_0.2_3
90,5006,39,Male,mc_prob_0_FC_0.2_3
91,5028,40,Male,mc_prob_0_FC_0.2_3
92,4994,41,Male,mc_prob_0_FC_0.2_3
93,5029,42,Male,mc_prob_0_FC_0.2_3
94,5164,43,Male,mc_prob_0_FC_0.2_3
95,4975,44,Male,mc_prob_0_FC_0.2_3
96,4947,45,Male,mc_prob_0_FC_0.2_3
97,4976,46,Male,mc_prob_0_FC_0.2_3
98,5093,47,Male,mc_prob_0_FC_0.2_3
99,4863,48,Male,mc_prob_0_FC_0.2_3
100,5045,49,Male,mc_prob_0_FC_0.2_3
101,5028,50,Male,mc_prob_0_FC_0.2_3
,Count,Generation,Sex,Run
0,7000,0,Female,mc_prob_0_FC_0.2_4
1,4030,1,Female,mc_prob_0_FC_0.2_4
2,4053,2,Female,mc_prob_0_FC_0.2_4
3,4126,3,Female,mc_prob_0_FC_0.2_4
4,4259,4,Female,mc_prob_0_FC_0.2_4
5,4398,5,Female,mc_prob_0_FC_0.2_4
6,4489,6,Female,mc_prob_0_FC_0.2_4
7,4558,7,Female,mc_prob_0_FC_0.2_4
8,4628,8,Female,mc_prob_0_FC_0.2_4
9,4740,9,Female,mc_prob_0_FC_0.2_4
10,4718,10,Female,mc_prob_0_FC_0.2_4
11,4708,11,Female,mc_prob_0_FC_0.2_4
12,4662,12,Female,mc_prob_0_FC_0.2_4
13,4715,13,Female,mc_prob_0_FC_0.2_4
14,4812,14,Female,mc_prob_0_FC_0.2_4
15,4688,15,Female,mc_prob_0_FC_0.2_4
16,4856,16,Female,mc_prob_0_FC_0.2_4
17,4893,17,Female,mc_prob_0_FC_0.2_4
18,4982,18,Female,mc_prob_0_FC_0.2_4
19,4877,19,Female,mc_prob_0_FC_0.2_4
20,4993,20,Female,mc_prob_0_FC_0.2_4
21,4929,21,Female,mc_prob_0_FC_0.2_4
22,4934,22,Female,mc_prob_0_FC_0.2_4
23,4948,23,Female,mc_prob_0_FC_0.2_4
24,4949,24,Female,mc_prob_0_FC_0.2_4
25,4926,25,Female,mc_prob_0_FC_0.2_4
26,5029,26,Female,mc_prob_0_FC_0.2_4
27,4975,27,Female,mc_prob_0_FC_0.2_4
28,4978,28,Female,mc_prob_0_FC_0.2_4
29,4869,29,Female,mc_prob_0_FC_0.2_4
30,5094,30,Female,mc_prob_0_FC_0.2_4
31,4959,31,Female,mc_prob_0_FC_0.2_4
32,4934,32,Female,mc_prob_0_FC_0.2_4
33,4957,33,Female,mc_prob_0_FC_0.2_4
34,4910,34,Female,mc_prob_0_FC_0.2_4
35,4764,35,Female,mc_prob_0_FC_0.2_4
36,4873,36,Female,mc_prob_0_FC_0.2_4
37,4954,37,Female,mc_prob_0_FC_0.2_4
38,4951,38,Female,mc_prob_0_FC_0.2_4
39,4941,39,Female,mc_prob_0_FC_0.2_4
40,5058,40,Female,mc_prob_0_FC_0.2_4
41,4997,41,Female,mc_prob_0_FC_0.2_4
42,4942,42,Female,mc_prob_0_FC_0.2_4
43,4994,43,Female,mc_prob_0_FC_0.2_4
44,4981,44,Female,mc_prob_0_FC_0.2_4
45,4865,45,Female,mc_prob_0_FC_0.2_4
46,4867,46,Female,mc_prob_0_FC_0.2_4
47,4936,47,Female,mc_prob_0_FC_0.2_4
48,4984,48,Female,mc_prob_0_FC_0.2_4
49,5059,49,Female,mc_prob_0_FC_0.2_4
50,4969,50,Female,mc_prob_0_FC_0.2_4
51,5000,0,Male,mc_prob_0_FC_0.2_4
52,4130,1,Male,mc_prob_0_FC_0.2_4
53,4085,2,Male,mc_prob_0_FC_0.2_4
54,4252,3,Male,mc_prob_0_FC_0.2_4
55,4301,4,Male,mc_prob_0_FC_0.2_4
56,4404,5,Male,mc_prob_0_FC_0.2_4
57,4540,6,Male,mc_prob_0_FC_0.2_4
58,4611,7,Male,mc_prob_0_FC_0.2_4
59,4664,8,Male,mc_prob_0_FC_0.2_4
60,4858,9,Male,mc_prob_0_FC_0.2_4
61,4765,10,Male,mc_prob_0_FC_0.2_4
62,4834,11,Male,mc_prob_0_FC_0.2_4
63,4745,12,Male,mc_prob_0_FC_0.2_4
64,4892,13,Male,mc_prob_0_FC_0.2_4
65,4852,14,Male,mc_prob_0_FC_0.2_4
66,4773,15,Male,mc_prob_0_FC_0.2_4
67,4897,16,Male,mc_prob_0_FC_0.2_4
68,4944,17,Male,mc_prob_0_FC_0.2_4
69,5016,18,Male,mc_prob_0_FC_0.2_4
70,4992,19,Male,mc_prob_0_FC_0.2_4
71,5038,20,Male,mc_prob_0_FC_0.2_4
72,5033,21,Male,mc_prob_0_FC_0.2_4
73,4952,22,Male,mc_prob_0_FC_0.2_4
74,4963,23,Male,mc_prob_0_FC_0.2_4
75,4976,24,Male,mc_prob_0_FC_0.2_4
76,4926,25,Male,mc_prob_0_FC_0.2_4
77,5063,26,Male,mc_prob_0_FC_0.2_4
78,5022,27,Male,mc_prob_0_FC_0.2_4
79,4984,28,Male,mc_prob_0_FC_0.2_4
80,5036,29,Male,mc_prob_0_FC_0.2_4
81,5150,30,Male,mc_prob_0_FC_0.2_4
82,4993,31,Male,mc_prob_0_FC_0.2_4
83,5042,32,Male,mc_prob_0_FC_0.2_4
84,5009,33,Male,mc_prob_0_FC_0.2_4
85,5021,34,Male,mc_prob_0_FC_0.2_4
86,4971,35,Male,mc_prob_0_FC_0.2_4
87,4975,36,Male,mc_prob_0_FC_0.2_4
88,4990,37,Male,mc_prob_0_FC_0.2_4
89,5051,38,Male,mc_prob_0_FC_0.2_4
90,4947,39,Male,mc_prob_0_FC_0.2_4
91,5065,40,Male,mc_prob_0_FC_0.2_4
92,5080,41,Male,mc_prob_0_FC_0.2_4
93,4970,42,Male,mc_prob_0_FC_0.2_4
94,5021,43,Male,mc_prob_0_FC_0.2_4
95,5046,44,Male,mc_prob_0_FC_0.2_4
96,4977,45,Male,mc_prob_0_FC_0.2_4
97,5008,46,Male,mc_prob_0_FC_0.2_4
98,4991,47,Male,mc_prob_0_FC_0.2_4
99,5015,48,Male,mc_prob_0_FC_0.2_4
100,5065,49,Male,mc_prob_0_FC_0.2_4
101,5067,50,Male,mc_prob_0_FC_0.2_4
,Count,Generation,Sex,Run
0,7000,0,Female,mc_prob_0_FC_0.2_5
1,4056,1,Female,mc_prob_0_FC_0.2_5
2,4046,2,Female,mc_prob_0_FC_0.2_5
3,4191,3,Female,mc_prob_0_FC_0.2_5
4,4354,4,Female,mc_prob_0_FC_0.2_5
5,4411,5,Female,mc_prob_0_FC_0.2_5
6,4347,6,Female,mc_prob_0_FC_0.2_5
7,4609,7,Female,mc_prob_0_FC_0.2_5
8,4610,8,Female,mc_prob_0_FC_0.2_5
9,4626,9,Female,mc_prob_0_FC_0.2_5
10,4799,10,Female,mc_prob_0_FC_0.2_5
11,4783,11,Female,mc_prob_0_FC_0.2_5
12,4667,12,Female,mc_prob_0_FC_0.2_5
13,4710,13,Female,mc_prob_0_FC_0.2_5
14,4762,14,Female,mc_prob_0_FC_0.2_5
15,4769,15,Female,mc_prob_0_FC_0.2_5
16,4838,16,Female,mc_prob_0_FC_0.2_5
17,4919,17,Female,mc_prob_0_FC_0.2_5
18,4981,18,Female,mc_prob_0_FC_0.2_5
19,4914,19,Female,mc_prob_0_FC_0.2_5
20,4867,20,Female,mc_prob_0_FC_0.2_5
21,4853,21,Female,mc_prob_0_FC_0.2_5
22,4786,22,Female,mc_prob_0_FC_0.2_5
23,4830,23,Female,mc_prob_0_FC_0.2_5
24,4797,24,Female,mc_prob_0_FC_0.2_5
25,4831,25,Female,mc_prob_0_FC_0.2_5
26,4820,26,Female,mc_prob_0_FC_0.2_5
27,4759,27,Female,mc_prob_0_FC_0.2_5
28,4917,28,Female,mc_prob_0_FC_0.2_5
29,4781,29,Female,mc_prob_0_FC_0.2_5
30,4905,30,Female,mc_prob_0_FC_0.2_5
31,4827,31,Female,mc_prob_0_FC_0.2_5
32,4842,32,Female,mc_prob_0_FC_0.2_5
33,4830,33,Female,mc_prob_0_FC_0.2_5
34,4983,34,Female,mc_prob_0_FC_0.2_5
35,4963,35,Female,mc_prob_0_FC_0.2_5
36,4902,36,Female,mc_prob_0_FC_0.2_5
37,4976,37,Female,mc_prob_0_FC_0.2_5
38,5095,38,Female,mc_prob_0_FC_0.2_5
39,5013,39,Female,mc_prob_0_FC_0.2_5
40,4952,40,Female,mc_prob_0_FC_0.2_5
41,4968,41,Female,mc_prob_0_FC_0.2_5
42,4986,42,Female,mc_prob_0_FC_0.2_5
43,5100,43,Female,mc_prob_0_FC_0.2_5
44,4969,44,Female,mc_prob_0_FC_0.2_5
45,4874,45,Female,mc_prob_0_FC_0.2_5
46,4967,46,Female,mc_prob_0_FC_0.2_5
47,4931,47,Female,mc_prob_0_FC_0.2_5
48,5083,48,Female,mc_prob_0_FC_0.2_5
49,4959,49,Female,mc_prob_0_FC_0.2_5
50,5012,50,Female,mc_prob_0_FC_0.2_5
51,5000,0,Male,mc_prob_0_FC_0.2_5
52,4120,1,Male,mc_prob_0_FC_0.2_5
53,4144,2,Male,mc_prob_0_FC_0.2_5
54,4235,3,Male,mc_prob_0_FC_0.2_5
55,4393,4,Male,mc_prob_0_FC_0.2_5
56,4492,5,Male,mc_prob_0_FC_0.2_5
57,4425,6,Male,mc_prob_0_FC_0.2_5
58,4617,7,Male,mc_prob_0_FC_0.2_5
59,4805,8,Male,mc_prob_0_FC_0.2_5
60,4638,9,Male,mc_prob_0_FC_0.2_5
61,4814,10,Male,mc_prob_0_FC_0.2_5
62,4820,11,Male,mc_prob_0_FC_0.2_5
63,4854,12,Male,mc_prob_0_FC_0.2_5
64,4834,13,Male,mc_prob_0_FC_0.2_5
65,4859,14,Male,mc_prob_0_FC_0.2_5
66,4777,15,Male,mc_prob_0_FC_0.2_5
67,4849,16,Male,mc_prob_0_FC_0.2_5
68,5013,17,Male,mc_prob_0_FC_0.2_5
69,5006,18,Male,mc_prob_0_FC_0.2_5
70,4961,19,Male,mc_prob_0_FC_0.2_5
71,4949,20,Male,mc_prob_0_FC_0.2_5
72,4930,21,Male,mc_prob_0_FC_0.2_5
73,4920,22,Male,mc_prob_0_FC_0.2_5
74,4917,23,Male,mc_prob_0_FC_0.2_5
75,4972,24,Male,mc_prob_0_FC_0.2_5
76,4883,25,Male,mc_prob_0_FC_0.2_5
77,4912,26,Male,mc_prob_0_FC_0.2_5
78,4807,27,Male,mc_prob_0_FC_0.2_5
79,5076,28,Male,mc_prob_0_FC_0.2_5
80,4907,29,Male,mc_prob_0_FC_0.2_5
81,4963,30,Male,mc_prob_0_FC_0.2_5
82,4868,31,Male,mc_prob_0_FC_0.2_5
83,4989,32,Male,mc_prob_0_FC_0.2_5
84,4851,33,Male,mc_prob_0_FC_0.2_5
85,5045,34,Male,mc_prob_0_FC_0.2_5
86,4973,35,Male,mc_prob_0_FC_0.2_5
87,4996,36,Male,mc_prob_0_FC_0.2_5
88,4997,37,Male,mc_prob_0_FC_0.2_5
89,5099,38,Male,mc_prob_0_FC_0.2_5
90,5082,39,Male,mc_prob_0_FC_0.2_5
91,4961,40,Male,mc_prob_0_FC_0.2_5
92,5094,41,Male,mc_prob_0_FC_0.2_5
93,5004,42,Male,mc_prob_0_FC_0.2_5
94,5124,43,Male,mc_prob_0_FC_0.2_5
95,5132,44,Male,mc_prob_0_FC_0.2_5
96,5082,45,Male,mc_prob_0_FC_0.2_5
97,5049,46,Male,mc_prob_0_FC_0.2_5
98,4978,47,Male,mc_prob_0_FC_0.2_5
99,5112,48,Male,mc_prob_0_FC_0.2_5
100,5017,49,Male,mc_prob_0_FC_0.2_5
101,5014,50,Male,mc_prob_0_FC_0.2_5
,Count,Generation,Sex,Run
0,7000,0,Female,mc_prob_0_FC_0.2_6
1,3918,1,Female,mc_prob_0_FC_0.2_6
2,3851,2,Female,mc_prob_0_FC_0.2_6
3,4180,3,Female,mc_prob_0_FC_0.2_6
4,4228,4,Female,mc_prob_0_FC_0.2_6
5,4373,5,Female,mc_prob_0_FC_0.2_6
6,4419,6,Female,mc_prob_0_FC_0.2_6
7,4460,7,Female,mc_prob_0_FC_0.2_6
8,4491,8,Female,mc_prob_0_FC_0.2_6
9,4641,9,Female,mc_prob_0_FC_0.2_6
10,4708,10,Female,mc_prob_0_FC_0.2_6
11,4663,11,Female,mc_prob_0_FC_0.2_6
12,4825,12,Female,mc_prob_0_FC_0.2_6
13,4760,13,Female,mc_prob_0_FC_0.2_6
14,4773,14,Female,mc_prob_0_FC_0.2_6
15,4746,15,Female,mc_prob_0_FC_0.2_6
16,4770,16,Female,mc_prob_0_FC_0.2_6
17,4820,17,Female,mc_prob_0_FC_0.2_6
18,4790,18,Female,mc_prob_0_FC_0.2_6
19,4873,19,Female,mc_prob_0_FC_0.2_6
20,5077,20,Female,mc_prob_0_FC_0.2_6
21,4986,21,Female,mc_prob_0_FC_0.2_6
22,4944,22,Female,mc_prob_0_FC_0.2_6
23,4967,23,Female,mc_prob_0_FC_0.2_6
24,4939,24,Female,mc_prob_0_FC_0.2_6
25,5022,25,Female,mc_prob_0_FC_0.2_6
26,5035,26,Female,mc_prob_0_FC_0.2_6
27,5013,27,Female,mc_prob_0_FC_0.2_6
28,4870,28,Female,mc_prob_0_FC_0.2_6
29,4908,29,Female,mc_prob_0_FC_0.2_6
30,4900,30,Female,mc_prob_0_FC_0.2_6
31,4962,31,Female,mc_prob_0_FC_0.2_6
32,4936,32,Female,mc_prob_0_FC_0.2_6
33,4882,33,Female,mc_prob_0_FC_0.2_6
34,4872,34,Female,mc_prob_0_FC_0.2_6
35,4914,35,Female,mc_prob_0_FC_0.2_6
36,4962,36,Female,mc_prob_0_FC_0.2_6
37,4895,37,Female,mc_prob_0_FC_0.2_6
38,5004,38,Female,mc_prob_0_FC_0.2_6
39,4956,39,Female,mc_prob_0_FC_0.2_6
40,4992,40,Female,mc_prob_0_FC_0.2_6
41,5010,41,Female,mc_prob_0_FC_0.2_6
42,4963,42,Female,mc_prob_0_FC_0.2_6
43,4937,43,Female,mc_prob_0_FC_0.2_6
44,4994,44,Female,mc_prob_0_FC_0.2_6
45,4999,45,Female,mc_prob_0_FC_0.2_6
46,5037,46,Female,mc_prob_0_FC_0.2_6
47,4902,47,Female,mc_prob_0_FC_0.2_6
48,4776,48,Female,mc_prob_0_FC_0.2_6
49,4904,49,Female,mc_prob_0_FC_0.2_6
50,4971,50,Female,mc_prob_0_FC_0.2_6
51,5000,0,Male,mc_prob_0_FC_0.2_6
52,4072,1,Male,mc_prob_0_FC_0.2_6
53,4018,2,Male,mc_prob_0_FC_0.2_6
54,4205,3,Male,mc_prob_0_FC_0.2_6
55,4426,4,Male,mc_prob_0_FC_0.2_6
56,4469,5,Male,mc_prob_0_FC_0.2_6
57,4509,6,Male,mc_prob_0_FC_0.2_6
58,4542,7,Male,mc_prob_0_FC_0.2_6
59,4653,8,Male,mc_prob_0_FC_0.2_6
60,4675,9,Male,mc_prob_0_FC_0.2_6
61,4889,10,Male,mc_prob_0_FC_0.2_6
62,4686,11,Male,mc_prob_0_FC_0.2_6
63,4868,12,Male,mc_prob_0_FC_0.2_6
64,4810,13,Male,mc_prob_0_FC_0.2_6
65,4807,14,Male,mc_prob_0_FC_0.2_6
66,4778,15,Male,mc_prob_0_FC_0.2_6
67,4882,16,Male,mc_prob_0_FC_0.2_6
68,4952,17,Male,mc_prob_0_FC_0.2_6
69,4823,18,Male,mc_prob_0_FC_0.2_6
70,4923,19,Male,mc_prob_0_FC_0.2_6
71,5084,20,Male,mc_prob_0_FC_0.2_6
72,5127,21,Male,mc_prob_0_FC_0.2_6
73,5002,22,Male,mc_prob_0_FC_0.2_6
74,4993,23,Male,mc_prob_0_FC_0.2_6
75,4965,24,Male,mc_prob_0_FC_0.2_6
76,5028,25,Male,mc_prob_0_FC_0.2_6
77,5208,26,Male,mc_prob_0_FC_0.2_6
78,5024,27,Male,mc_prob_0_FC_0.2_6
79,4914,28,Male,mc_prob_0_FC_0.2_6
80,4920,29,Male,mc_prob_0_FC_0.2_6
81,5012,30,Male,mc_prob_0_FC_0.2_6
82,5038,31,Male,mc_prob_0_FC_0.2_6
83,5003,32,Male,mc_prob_0_FC_0.2_6
84,5043,33,Male,mc_prob_0_FC_0.2_6
85,4939,34,Male,mc_prob_0_FC_0.2_6
86,4985,35,Male,mc_prob_0_FC_0.2_6
87,5005,36,Male,mc_prob_0_FC_0.2_6
88,5046,37,Male,mc_prob_0_FC_0.2_6
89,5007,38,Male,mc_prob_0_FC_0.2_6
90,5004,39,Male,mc_prob_0_FC_0.2_6
91,5116,40,Male,mc_prob_0_FC_0.2_6
92,5024,41,Male,mc_prob_0_FC_0.2_6
93,5041,42,Male,mc_prob_0_FC_0.2_6
94,4982,43,Male,mc_prob_0_FC_0.2_6
95,5027,44,Male,mc_prob_0_FC_0.2_6
96,5048,45,Male,mc_prob_0_FC_0.2_6
97,5092,46,Male,mc_prob_0_FC_0.2_6
98,5117,47,Male,mc_prob_0_FC_0.2_6
99,5047,48,Male,mc_prob_0_FC_0.2_6
100,4937,49,Male,mc_prob_0_FC_0.2_6
101,5041,50,Male,mc_prob_0_FC_0.2_6
,Count,Generation,Sex,Run
0,7000,0,Female,mc_prob_0_FC_0.2_7
1,4014,1,Female,mc_prob_0_FC_0.2_7
2,4146,2,Female,mc_prob_0_FC_0.2_7
3,4167,3,Female,mc_prob_0_FC_0.2_7
4,4251,4,Female,mc_prob_0_FC_0.2_7
5,4333,5,Female,mc_prob_0_FC_0.2_7
6,4375,6,Female,mc_prob_0_FC_0.2_7
7,4315,7,Female,mc_prob_0_FC_0.2_7
8,4421,8,Female,mc_prob_0_FC_0.2_7
9,4641,9,Female,mc_prob_0_FC_0.2_7
10,4734,10,Female,mc_prob_0_FC_0.2_7
11,4763,11,Female,mc_prob_0_FC_0.2_7
12,4852,12,Female,mc_prob_0_FC_0.2_7
13,4736,13,Female,mc_prob_0_FC_0.2_7
14,4720,14,Female,mc_prob_0_FC_0.2_7
15,4777,15,Female,mc_prob_0_FC_0.2_7
16,4920,16,Female,mc_prob_0_FC_0.2_7
17,4914,17,Female,mc_prob_0_FC_0.2_7
18,4889,18,Female,mc_prob_0_FC_0.2_7
19,4916,19,Female,mc_prob_0_FC_0.2_7
20,4919,20,Female,mc_prob_0_FC_0.2_7
21,4969,21,Female,mc_prob_0_FC_0.2_7
22,5032,22,Female,mc_prob_0_FC_0.2_7
23,5028,23,Female,mc_prob_0_FC_0.2_7
24,4889,24,Female,mc_prob_0_FC_0.2_7
25,4940,25,Female,mc_prob_0_FC_0.2_7
26,5066,26,Female,mc_prob_0_FC_0.2_7
27,4873,27,Female,mc_prob_0_FC_0.2_7
28,4941,28,Female,mc_prob_0_FC_0.2_7
29,4969,29,Female,mc_prob_0_FC_0.2_7
30,5038,30,Female,mc_prob_0_FC_0.2_7
31,5023,31,Female,mc_prob_0_FC_0.2_7
32,4920,32,Female,mc_prob_0_FC_0.2_7
33,5012,33,Female,mc_prob_0_FC_0.2_7
34,4914,34,Female,mc_prob_0_FC_0.2_7
35,4901,35,Female,mc_prob_0_FC_0.2_7
36,4992,36,Female,mc_prob_0_FC_0.2_7
37,4975,37,Female,mc_prob_0_FC_0.2_7
38,5016,38,Female,mc_prob_0_FC_0.2_7
39,4929,39,Female,mc_prob_0_FC_0.2_7
40,4986,40,Female,mc_prob_0_FC_0.2_7
41,4899,41,Female,mc_prob_0_FC_0.2_7
42,4894,42,Female,mc_prob_0_FC_0.2_7
43,4910,43,Female,mc_prob_0_FC_0.2_7
44,4948,44,Female,mc_prob_0_FC_0.2_7
45,4932,45,Female,mc_prob_0_FC_0.2_7
46,4808,46,Female,mc_prob_0_FC_0.2_7
47,4947,47,Female,mc_prob_0_FC_0.2_7
48,4995,48,Female,mc_prob_0_FC_0.2_7
49,4886,49,Female,mc_prob_0_FC_0.2_7
50,5051,50,Female,mc_prob_0_FC_0.2_7
51,5000,0,Male,mc_prob_0_FC_0.2_7
52,4025,1,Male,mc_prob_0_FC_0.2_7
53,4179,2,Male,mc_prob_0_FC_0.2_7
54,4296,3,Male,mc_prob_0_FC_0.2_7
55,4424,4,Male,mc_prob_0_FC_0.2_7
56,4430,5,Male,mc_prob_0_FC_0.2_7
57,4448,6,Male,mc_prob_0_FC_0.2_7
58,4428,7,Male,mc_prob_0_FC_0.2_7
59,4557,8,Male,mc_prob_0_FC_0.2_7
60,4661,9,Male,mc_prob_0_FC_0.2_7
61,4745,10,Male,mc_prob_0_FC_0.2_7
62,4876,11,Male,mc_prob_0_FC_0.2_7
63,4873,12,Male,mc_prob_0_FC_0.2_7
64,4816,13,Male,mc_prob_0_FC_0.2_7
65,4830,14,Male,mc_prob_0_FC_0.2_7
66,4914,15,Male,mc_prob_0_FC_0.2_7
67,4945,16,Male,mc_prob_0_FC_0.2_7
68,4952,17,Male,mc_prob_0_FC_0.2_7
69,4943,18,Male,mc_prob_0_FC_0.2_7
70,4961,19,Male,mc_prob_0_FC_0.2_7
71,5020,20,Male,mc_prob_0_FC_0.2_7
72,4973,21,Male,mc_prob_0_FC_0.2_7
73,5040,22,Male,mc_prob_0_FC_0.2_7
74,5138,23,Male,mc_prob_0_FC_0.2_7
75,4998,24,Male,mc_prob_0_FC_0.2_7
76,4977,25,Male,mc_prob_0_FC_0.2_7
77,5147,26,Male,mc_prob_0_FC_0.2_7
78,4975,27,Male,mc_prob_0_FC_0.2_7
79,5073,28,Male,mc_prob_0_FC_0.2_7
80,4984,29,Male,mc_prob_0_FC_0.2_7
81,5049,30,Male,mc_prob_0_FC_0.2_7
82,5084,31,Male,mc_prob_0_FC_0.2_7
83,4933,32,Male,mc_prob_0_FC_0.2_7
84,5088,33,Male,mc_prob_0_FC_0.2_7
85,5134,34,Male,mc_prob_0_FC_0.2_7
86,4967,35,Male,mc_prob_0_FC_0.2_7
87,5080,36,Male,mc_prob_0_FC_0.2_7
88,5008,37,Male,mc_prob_0_FC_0.2_7
89,5060,38,Male,mc_prob_0_FC_0.2_7
90,5027,39,Male,mc_prob_0_FC_0.2_7
91,5001,40,Male,mc_prob_0_FC_0.2_7
92,4983,41,Male,mc_prob_0_FC_0.2_7
93,4971,42,Male,mc_prob_0_FC_0.2_7
94,4985,43,Male,mc_prob_0_FC_0.2_7
95,5057,44,Male,mc_prob_0_FC_0.2_7
96,5072,45,Male,mc_prob_0_FC_0.2_7
97,4993,46,Male,mc_prob_0_FC_0.2_7
98,4956,47,Male,mc_prob_0_FC_0.2_7
99,5098,48,Male,mc_prob_0_FC_0.2_7
100,4911,49,Male,mc_prob_0_FC_0.2_7
101,5157,50,Male,mc_prob_0_FC_0.2_7
,Count,Generation,Sex,Run
0,7000,0,Female,mc_prob_0_FC_0.2_8
1,3978,1,Female,mc_prob_0_FC_0.2_8
2,4176,2,Female,mc_prob_0_FC_0.2_8
3,4278,3,Female,mc_prob_0_FC_0.2_8
4,4353,4,Female,mc_prob_0_FC_0.2_8
5,4341,5,Female,mc_prob_0_FC_0.2_8
6,4466,6,Female,mc_prob_0_FC_0.2_8
7,4543,7,Female,mc_prob_0_FC_0.2_8
8,4573,8,Female,mc_prob_0_FC_0.2_8
9,4625,9,Female,mc_prob_0_FC_0.2_8
10,4636,10,Female,mc_prob_0_FC_0.2_8
11,4633,11,Female,mc_prob_0_FC_0.2_8
12,4688,12,Female,mc_prob_0_FC_0.2_8
13,4832,13,Female,mc_prob_0_FC_0.2_8
14,4709,14,Female,mc_prob_0_FC_0.2_8
15,4841,15,Female,mc_prob_0_FC_0.2_8
16,4833,16,Female,mc_prob_0_FC_0.2_8
17,4943,17,Female,mc_prob_0_FC_0.2_8
18,4788,18,Female,mc_prob_0_FC_0.2_8
19,4896,19,Female,mc_prob_0_FC_0.2_8
20,4900,20,Female,mc_prob_0_FC_0.2_8
21,4940,21,Female,mc_prob_0_FC_0.2_8
22,4913,22,Female,mc_prob_0_FC_0.2_8
23,4898,23,Female,mc_prob_0_FC_0.2_8
24,4877,24,Female,mc_prob_0_FC_0.2_8
25,4903,25,Female,mc_prob_0_FC_0.2_8
26,4824,26,Female,mc_prob_0_FC_0.2_8
27,4874,27,Female,mc_prob_0_FC_0.2_8
28,5014,28,Female,mc_prob_0_FC_0.2_8
29,4867,29,Female,mc_prob_0_FC_0.2_8
30,4852,30,Female,mc_prob_0_FC_0.2_8
31,4764,31,Female,mc_prob_0_FC_0.2_8
32,4875,32,Female,mc_prob_0_FC_0.2_8
33,4945,33,Female,mc_prob_0_FC_0.2_8
34,5040,34,Female,mc_prob_0_FC_0.2_8
35,4947,35,Female,mc_prob_0_FC_0.2_8
36,4878,36,Female,mc_prob_0_FC_0.2_8
37,4848,37,Female,mc_prob_0_FC_0.2_8
38,4896,38,Female,mc_prob_0_FC_0.2_8
39,5040,39,Female,mc_prob_0_FC_0.2_8
40,5189,40,Female,mc_prob_0_FC_0.2_8
41,4927,41,Female,mc_prob_0_FC_0.2_8
42,4982,42,Female,mc_prob_0_FC_0.2_8
43,4955,43,Female,mc_prob_0_FC_0.2_8
44,5017,44,Female,mc_prob_0_FC_0.2_8
45,4994,45,Female,mc_prob_0_FC_0.2_8
46,5014,46,Female,mc_prob_0_FC_0.2_8
47,4955,47,Female,mc_prob_0_FC_0.2_8
48,4951,48,Female,mc_prob_0_FC_0.2_8
49,4915,49,Female,mc_prob_0_FC_0.2_8
50,4977,50,Female,mc_prob_0_FC_0.2_8
51,5000,0,Male,mc_prob_0_FC_0.2_8
52,4028,1,Male,mc_prob_0_FC_0.2_8
53,4185,2,Male,mc_prob_0_FC_0.2_8
54,4280,3,Male,mc_prob_0_FC_0.2_8
55,4379,4,Male,mc_prob_0_FC_0.2_8
56,4488,5,Male,mc_prob_0_FC_0.2_8
57,4489,6,Male,mc_prob_0_FC_0.2_8
58,4571,7,Male,mc_prob_0_FC_0.2_8
59,4645,8,Male,mc_prob_0_FC_0.2_8
60,4741,9,Male,mc_prob_0_FC_0.2_8
61,4706,10,Male,mc_prob_0_FC_0.2_8
62,4839,11,Male,mc_prob_0_FC_0.2_8
63,4764,12,Male,mc_prob_0_FC_0.2_8
64,4869,13,Male,mc_prob_0_FC_0.2_8
65,4893,14,Male,mc_prob_0_FC_0.2_8
66,4943,15,Male,mc_prob_0_FC_0.2_8
67,4887,16,Male,mc_prob_0_FC_0.2_8
68,5096,17,Male,mc_prob_0_FC_0.2_8
69,4820,18,Male,mc_prob_0_FC_0.2_8
70,4955,19,Male,mc_prob_0_FC_0.2_8
71,4917,20,Male,mc_prob_0_FC_0.2_8
72,4999,21,Male,mc_prob_0_FC_0.2_8
73,5003,22,Male,mc_prob_0_FC_0.2_8
74,4979,23,Male,mc_prob_0_FC_0.2_8
75,5058,24,Male,mc_prob_0_FC_0.2_8
76,4906,25,Male,mc_prob_0_FC_0.2_8
77,5000,26,Male,mc_prob_0_FC_0.2_8
78,4893,27,Male,mc_prob_0_FC_0.2_8
79,5019,28,Male,mc_prob_0_FC_0.2_8
80,5026,29,Male,mc_prob_0_FC_0.2_8
81,4964,30,Male,mc_prob_0_FC_0.2_8
82,4893,31,Male,mc_prob_0_FC_0.2_8
83,4987,32,Male,mc_prob_0_FC_0.2_8
84,4984,33,Male,mc_prob_0_FC_0.2_8
85,5078,34,Male,mc_prob_0_FC_0.2_8
86,5019,35,Male,mc_prob_0_FC_0.2_8
87,5026,36,Male,mc_prob_0_FC_0.2_8
88,4941,37,Male,mc_prob_0_FC_0.2_8
89,4988,38,Male,mc_prob_0_FC_0.2_8
90,5103,39,Male,mc_prob_0_FC_0.2_8
91,5224,40,Male,mc_prob_0_FC_0.2_8
92,5001,41,Male,mc_prob_0_FC_0.2_8
93,4991,42,Male,mc_prob_0_FC_0.2_8
94,4960,43,Male,mc_prob_0_FC_0.2_8
95,5031,44,Male,mc_prob_0_FC_0.2_8
96,5002,45,Male,mc_prob_0_FC_0.2_8
97,5023,46,Male,mc_prob_0_FC_0.2_8
98,5061,47,Male,mc_prob_0_FC_0.2_8
99,4988,48,Male,mc_prob_0_FC_0.2_8
100,4988,49,Male,mc_prob_0_FC_0.2_8
101,5142,50,Male,mc_prob_0_FC_0.2_8
,Count,Generation,Sex,Run
0,7000,0,Female,mc_prob_0_FC_0.2_9
1,3946,1,Female,mc_prob_0_FC_0.2_9
2,4133,2,Female,mc_prob_0_FC_0.2_9
3,4279,3,Female,mc_prob_0_FC_0.2_9
4,4383,4,Female,mc_prob_0_FC_0.2_9
5,4525,5,Female,mc_prob_0_FC_0.2_9
6,4521,6,Female,mc_prob_0_FC_0.2_9
7,4522,7,Female,mc_prob_0_FC_0.2_9
8,4580,8,Female,mc_prob_0_FC_0.2_9
9,4615,9,Female,mc_prob_0_FC_0.2_9
10,4573,10,Female,mc_prob_0_FC_0.2_9
11,4725,11,Female,mc_prob_0_FC_0.2_9
12,4758,12,Female,mc_prob_0_FC_0.2_9
13,4745,13,Female,mc_prob_0_FC_0.2_9
14,4879,14,Female,mc_prob_0_FC_0.2_9
15,4903,15,Female,mc_prob_0_FC_0.2_9
16,4817,16,Female,mc_prob_0_FC_0.2_9
17,4904,17,Female,mc_prob_0_FC_0.2_9
18,5029,18,Female,mc_prob_0_FC_0.2_9
19,4869,19,Female,mc_prob_0_FC_0.2_9
20,4859,20,Female,mc_prob_0_FC_0.2_9
21,4990,21,Female,mc_prob_0_FC_0.2_9
22,4879,22,Female,mc_prob_0_FC_0.2_9
23,4936,23,Female,mc_prob_0_FC_0.2_9
24,5000,24,Female,mc_prob_0_FC_0.2_9
25,4937,25,Female,mc_prob_0_FC_0.2_9
26,4924,26,Female,mc_prob_0_FC_0.2_9
27,4924,27,Female,mc_prob_0_FC_0.2_9
28,4933,28,Female,mc_prob_0_FC_0.2_9
29,4933,29,Female,mc_prob_0_FC_0.2_9
30,4941,30,Female,mc_prob_0_FC_0.2_9
31,5124,31,Female,mc_prob_0_FC_0.2_9
32,4941,32,Female,mc_prob_0_FC_0.2_9
33,4960,33,Female,mc_prob_0_FC_0.2_9
34,4901,34,Female,mc_prob_0_FC_0.2_9
35,4969,35,Female,mc_prob_0_FC_0.2_9
36,4905,36,Female,mc_prob_0_FC_0.2_9
37,4888,37,Female,mc_prob_0_FC_0.2_9
38,4983,38,Female,mc_prob_0_FC_0.2_9
39,5024,39,Female,mc_prob_0_FC_0.2_9
40,4993,40,Female,mc_prob_0_FC_0.2_9
41,4975,41,Female,mc_prob_0_FC_0.2_9
42,5024,42,Female,mc_prob_0_FC_0.2_9
43,5076,43,Female,mc_prob_0_FC_0.2_9
44,5027,44,Female,mc_prob_0_FC_0.2_9
45,4917,45,Female,mc_prob_0_FC_0.2_9
46,4934,46,Female,mc_prob_0_FC_0.2_9
47,4983,47,Female,mc_prob_0_FC_0.2_9
48,4941,48,Female,mc_prob_0_FC_0.2_9
49,4879,49,Female,mc_prob_0_FC_0.2_9
50,4907,50,Female,mc_prob_0_FC_0.2_9
51,5000,0,Male,mc_prob_0_FC_0.2_9
52,4014,1,Male,mc_prob_0_FC_0.2_9
53,4141,2,Male,mc_prob_0_FC_0.2_9
54,4290,3,Male,mc_prob_0_FC_0.2_9
55,4447,4,Male,mc_prob_0_FC_0.2_9
56,4533,5,Male,mc_prob_0_FC_0.2_9
57,4605,6,Male,mc_prob_0_FC_0.2_9
58,4582,7,Male,mc_prob_0_FC_0.2_9
59,4620,8,Male,mc_prob_0_FC_0.2_9
60,4764,9,Male,mc_prob_0_FC_0.2_9
61,4753,10,Male,mc_prob_0_FC_0.2_9
62,4822,11,Male,mc_prob_0_FC_0.2_9
63,4775,12,Male,mc_prob_0_FC_0.2_9
64,4854,13,Male,mc_prob_0_FC_0.2_9
65,4977,14,Male,mc_prob_0_FC_0.2_9
66,4983,15,Male,mc_prob_0_FC_0.2_9
67,4932,16,Male,mc_prob_0_FC_0.2_9
68,4942,17,Male,mc_prob_0_FC_0.2_9
69,5095,18,Male,mc_prob_0_FC_0.2_9
70,5111,19,Male,mc_prob_0_FC_0.2_9
71,4861,20,Male,mc_prob_0_FC_0.2_9
72,4993,21,Male,mc_prob_0_FC_0.2_9
73,4927,22,Male,mc_prob_0_FC_0.2_9
74,4998,23,Male,mc_prob_0_FC_0.2_9
75,5113,24,Male,mc_prob_0_FC_0.2_9
76,4994,25,Male,mc_prob_0_FC_0.2_9
77,4978,26,Male,mc_prob_0_FC_0.2_9
78,4977,27,Male,mc_prob_0_FC_0.2_9
79,5007,28,Male,mc_prob_0_FC_0.2_9
80,5148,29,Male,mc_prob_0_FC_0.2_9
81,4949,30,Male,mc_prob_0_FC_0.2_9
82,5153,31,Male,mc_prob_0_FC_0.2_9
83,4980,32,Male,mc_prob_0_FC_0.2_9
84,5013,33,Male,mc_prob_0_FC_0.2_9
85,4994,34,Male,mc_prob_0_FC_0.2_9
86,5029,35,Male,mc_prob_0_FC_0.2_9
87,4955,36,Male,mc_prob_0_FC_0.2_9
88,4930,37,Male,mc_prob_0_FC_0.2_9
89,4986,38,Male,mc_prob_0_FC_0.2_9
90,5051,39,Male,mc_prob_0_FC_0.2_9
91,5051,40,Male,mc_prob_0_FC_0.2_9
92,5051,41,Male,mc_prob_0_FC_0.2_9
93,5033,42,Male,mc_prob_0_FC_0.2_9
94,5087,43,Male,mc_prob_0_FC_0.2_9
95,5072,44,Male,mc_prob_0_FC_0.2_9
96,5006,45,Male,mc_prob_0_FC_0.2_9
97,4946,46,Male,mc_prob_0_FC_0.2_9
98,5007,47,Male,mc_prob_0_FC_0.2_9
99,5023,48,Male,mc_prob_0_FC_0.2_9
100,4966,49,Male,mc_prob_0_FC_0.2_9
101,4992,50,Male,mc_prob_0_FC_0.2_9
,Count,Generation,Sex,Run
0,7000,0,Female,mc_prob_0_FC_0.2_10
1,3959,1,Female,mc_prob_0_FC_0.2_10
2,4149,2,Female,mc_prob_0_FC_0.2_10
3,4216,3,Female,mc_prob_0_FC_0.2_10
4,4261,4,Female,mc_prob_0_FC_0.2_10
5,4292,5,Female,mc_prob_0_FC_0.2_10
6,4506,6,Female,mc_prob_0_FC_0.2_10
7,4493,7,Female,mc_prob_0_FC_0.2_10
8,4575,8,Female,mc_prob_0_FC_0.2_10
9,4671,9,Female,mc_prob_0_FC_0.2_10
10,4740,10,Female,mc_prob_0_FC_0.2_10
11,4664,11,Female,mc_prob_0_FC_0.2_10
12,4742,12,Female,mc_prob_0_FC_0.2_10
13,4759,13,Female,mc_prob_0_FC_0.2_10
14,4755,14,Female,mc_prob_0_FC_0.2_10
15,4794,15,Female,mc_prob_0_FC_0.2_10
16,4908,16,Female,mc_prob_0_FC_0.2_10
17,4869,17,Female,mc_prob_0_FC_0.2_10
18,5013,18,Female,mc_prob_0_FC_0.2_10
19,4943,19,Female,mc_prob_0_FC_0.2_10
20,4895,20,Female,mc_prob_0_FC_0.2_10
21,4941,21,Female,mc_prob_0_FC_0.2_10
22,4979,22,Female,mc_prob_0_FC_0.2_10
23,4952,23,Female,mc_prob_0_FC_0.2_10
24,5019,24,Female,mc_prob_0_FC_0.2_10
25,5139,25,Female,mc_prob_0_FC_0.2_10
26,5016,26,Female,mc_prob_0_FC_0.2_10
27,4901,27,Female,mc_prob_0_FC_0.2_10
28,4802,28,Female,mc_prob_0_FC_0.2_10
29,4871,29,Female,mc_prob_0_FC_0.2_10
30,4906,30,Female,mc_prob_0_FC_0.2_10
31,4962,31,Female,mc_prob_0_FC_0.2_10
32,4926,32,Female,mc_prob_0_FC_0.2_10
33,4946,33,Female,mc_prob_0_FC_0.2_10
34,5033,34,Female,mc_prob_0_FC_0.2_10
35,5010,35,Female,mc_prob_0_FC_0.2_10
36,5014,36,Female,mc_prob_0_FC_0.2_10
37,4952,37,Female,mc_prob_0_FC_0.2_10
38,5029,38,Female,mc_prob_0_FC_0.2_10
39,4925,39,Female,mc_prob_0_FC_0.2_10
40,4985,40,Female,mc_prob_0_FC_0.2_10
41,4948,41,Female,mc_prob_0_FC_0.2_10
42,4996,42,Female,mc_prob_0_FC_0.2_10
43,5067,43,Female,mc_prob_0_FC_0.2_10
44,4904,44,Female,mc_prob_0_FC_0.2_10
45,4884,45,Female,mc_prob_0_FC_0.2_10
46,5009,46,Female,mc_prob_0_FC_0.2_10
47,5146,47,Female,mc_prob_0_FC_0.2_10
48,4899,48,Female,mc_prob_0_FC_0.2_10
49,4929,49,Female,mc_prob_0_FC_0.2_10
50,4890,50,Female,mc_prob_0_FC_0.2_10
51,5000,0,Male,mc_prob_0_FC_0.2_10
52,4085,1,Male,mc_prob_0_FC_0.2_10
53,4171,2,Male,mc_prob_0_FC_0.2_10
54,4372,3,Male,mc_prob_0_FC_0.2_10
55,4283,4,Male,mc_prob_0_FC_0.2_10
56,4326,5,Male,mc_prob_0_FC_0.2_10
57,4535,6,Male,mc_prob_0_FC_0.2_10
58,4659,7,Male,mc_prob_0_FC_0.2_10
59,4580,8,Male,mc_prob_0_FC_0.2_10
60,4733,9,Male,mc_prob_0_FC_0.2_10
61,4814,10,Male,mc_prob_0_FC_0.2_10
62,4798,11,Male,mc_prob_0_FC_0.2_10
63,4757,12,Male,mc_prob_0_FC_0.2_10
64,4883,13,Male,mc_prob_0_FC_0.2_10
65,4780,14,Male,mc_prob_0_FC_0.2_10
66,4895,15,Male,mc_prob_0_FC_0.2_10
67,4916,16,Male,mc_prob_0_FC_0.2_10
68,4898,17,Male,mc_prob_0_FC_0.2_10
69,5044,18,Male,mc_prob_0_FC_0.2_10
70,5002,19,Male,mc_prob_0_FC_0.2_10
71,5005,20,Male,mc_prob_0_FC_0.2_10
72,4952,21,Male,mc_prob_0_FC_0.2_10
73,5020,22,Male,mc_prob_0_FC_0.2_10
74,4981,23,Male,mc_prob_0_FC_0.2_10
75,5049,24,Male,mc_prob_0_FC_0.2_10
76,5145,25,Male,mc_prob_0_FC_0.2_10
77,5119,26,Male,mc_prob_0_FC_0.2_10
78,5044,27,Male,mc_prob_0_FC_0.2_10
79,5032,28,Male,mc_prob_0_FC_0.2_10
80,4881,29,Male,mc_prob_0_FC_0.2_10
81,4959,30,Male,mc_prob_0_FC_0.2_10
82,4975,31,Male,mc_prob_0_FC_0.2_10
83,4986,32,Male,mc_prob_0_FC_0.2_10
84,4987,33,Male,mc_prob_0_FC_0.2_10
85,5068,34,Male,mc_prob_0_FC_0.2_10
86,5020,35,Male,mc_prob_0_FC_0.2_10
87,5058,36,Male,mc_prob_0_FC_0.2_10
88,5051,37,Male,mc_prob_0_FC_0.2_10
89,5094,38,Male,mc_prob_0_FC_0.2_10
90,4950,39,Male,mc_prob_0_FC_0.2_10
91,5015,40,Male,mc_prob_0_FC_0.2_10
92,5006,41,Male,mc_prob_0_FC_0.2_10
93,5026,42,Male,mc_prob_0_FC_0.2_10
94,5082,43,Male,mc_prob_0_FC_0.2_10
95,5068,44,Male,mc_prob_0_FC_0.2_10
96,4902,45,Male,mc_prob_0_FC_0.2_10
97,5034,46,Male,mc_prob_0_FC_0.2_10
98,5174,47,Male,mc_prob_0_FC_0.2_10
99,5037,48,Male,mc_prob_0_FC_0.2_10
100,5053,49,Male,mc_prob_0_FC_0.2_10
101,4924,50,Male,mc_prob_0_FC_0.2_10
,Count,Generation,Sex,Run
0,7000.0,0,Female,mc_prob_0.1_FC_0_1
1,4247.0,1,Female,mc_prob_0.1_FC_0_1
2,4069.0,2,Female,mc_prob_0.1_FC_0_1
3,4131.0,3,Female,mc_prob_0.1_FC_0_1
4,4093.0,4,Female,mc_prob_0.1_FC_0_1
5,4082.0,5,Female,mc_prob_0.1_FC_0_1
6,3969.0,6,Female,mc_prob_0.1_FC_0_1
7,3916.0,7,Female,mc_prob_0.1_FC_0_1
8,3836.0,8,Female,mc_prob_0.1_FC_0_1
9,3632.0,9,Female,mc_prob_0.1_FC_0_1
10,3709.0,10,Female,mc_prob_0.1_FC_0_1
11,3476.0,11,Female,mc_prob_0.1_FC_0_1
12,3557.0,12,Female,mc_prob_0.1_FC_0_1
13,3459.0,13,Female,mc_prob_0.1_FC_0_1
14,3340.0,14,Female,mc_prob_0.1_FC_0_1
15,2818.0,15,Female,mc_prob_0.1_FC_0_1
16,1650.0,16,Female,mc_prob_0.1_FC_0_1
17,609.0,17,Female,mc_prob_0.1_FC_0_1
18,215.0,18,Female,mc_prob_0.1_FC_0_1
19,33.0,19,Female,mc_prob_0.1_FC_0_1
20,4.0,20,Female,mc_prob_0.1_FC_0_1
21,0.0,21,Female,mc_prob_0.1_FC_0_1
22,0.0,22,Female,mc_prob_0.1_FC_0_1
23,0.0,23,Female,mc_prob_0.1_FC_0_1
24,0.0,24,Female,mc_prob_0.1_FC_0_1
25,0.0,25,Female,mc_prob_0.1_FC_0_1
26,0.0,26,Female,mc_prob_0.1_FC_0_1
27,0.0,27,Female,mc_prob_0.1_FC_0_1
28,0.0,28,Female,mc_prob_0.1_FC_0_1
29,0.0,29,Female,mc_prob_0.1_FC_0_1
30,0.0,30,Female,mc_prob_0.1_FC_0_1
31,0.0,31,Female,mc_prob_0.1_FC_0_1
32,0.0,32,Female,mc_prob_0.1_FC_0_1
33,0.0,33,Female,mc_prob_0.1_FC_0_1
34,0.0,34,Female,mc_prob_0.1_FC_0_1
35,0.0,35,Female,mc_prob_0.1_FC_0_1
36,0.0,36,Female,mc_prob_0.1_FC_0_1
37,0.0,37,Female,mc_prob_0.1_FC_0_1
38,0.0,38,Female,mc_prob_0.1_FC_0_1
39,0.0,39,Female,mc_prob_0.1_FC_0_1
40,0.0,40,Female,mc_prob_0.1_FC_0_1
41,0.0,41,Female,mc_prob_0.1_FC_0_1
42,0.0,42,Female,mc_prob_0.1_FC_0_1
43,0.0,43,Female,mc_prob_0.1_FC_0_1
44,0.0,44,Female,mc_prob_0.1_FC_0_1
45,0.0,45,Female,mc_prob_0.1_FC_0_1
46,0.0,46,Female,mc_prob_0.1_FC_0_1
47,0.0,47,Female,mc_prob_0.1_FC_0_1
48,0.0,48,Female,mc_prob_0.1_FC_0_1
49,0.0,49,Female,mc_prob_0.1_FC_0_1
50,0.0,50,Female,mc_prob_0.1_FC_0_1
51,5000.0,0,Male,mc_prob_0.1_FC_0_1
52,4385.0,1,Male,mc_prob_0.1_FC_0_1
53,4108.0,2,Male,mc_prob_0.1_FC_0_1
54,4155.0,3,Male,mc_prob_0.1_FC_0_1
55,4162.0,4,Male,mc_prob_0.1_FC_0_1
56,4120.0,5,Male,mc_prob_0.1_FC_0_1
57,4022.0,6,Male,mc_prob_0.1_FC_0_1
58,3919.0,7,Male,mc_prob_0.1_FC_0_1
59,3920.0,8,Male,mc_prob_0.1_FC_0_1
60,3783.0,9,Male,mc_prob_0.1_FC_0_1
61,3715.0,10,Male,mc_prob_0.1_FC_0_1
62,3559.0,11,Male,mc_prob_0.1_FC_0_1
63,3564.0,12,Male,mc_prob_0.1_FC_0_1
64,3502.0,13,Male,mc_prob_0.1_FC_0_1
65,3384.0,14,Male,mc_prob_0.1_FC_0_1
66,2858.0,15,Male,mc_prob_0.1_FC_0_1
67,1661.0,16,Male,mc_prob_0.1_FC_0_1
68,620.0,17,Male,mc_prob_0.1_FC_0_1
69,228.0,18,Male,mc_prob_0.1_FC_0_1
70,39.0,19,Male,mc_prob_0.1_FC_0_1
71,5.0,20,Male,mc_prob_0.1_FC_0_1
72,0.0,21,Male,mc_prob_0.1_FC_0_1
73,0.0,22,Male,mc_prob_0.1_FC_0_1
74,0.0,23,Male,mc_prob_0.1_FC_0_1
75,0.0,24,Male,mc_prob_0.1_FC_0_1
76,0.0,25,Male,mc_prob_0.1_FC_0_1
77,0.0,26,Male,mc_prob_0.1_FC_0_1
78,0.0,27,Male,mc_prob_0.1_FC_0_1
79,0.0,28,Male,mc_prob_0.1_FC_0_1
80,0.0,29,Male,mc_prob_0.1_FC_0_1
81,0.0,30,Male,mc_prob_0.1_FC_0_1
82,0.0,31,Male,mc_prob_0.1_FC_0_1
83,0.0,32,Male,mc_prob_0.1_FC_0_1
84,0.0,33,Male,mc_prob_0.1_FC_0_1
85,0.0,34,Male,mc_prob_0.1_FC_0_1
86,0.0,35,Male,mc_prob_0.1_FC_0_1
87,0.0,36,Male,mc_prob_0.1_FC_0_1
88,0.0,37,Male,mc_prob_0.1_FC_0_1
89,0.0,38,Male,mc_prob_0.1_FC_0_1
90,0.0,39,Male,mc_prob_0.1_FC_0_1
91,0.0,40,Male,mc_prob_0.1_FC_0_1
92,0.0,41,Male,mc_prob_0.1_FC_0_1
93,0.0,42,Male,mc_prob_0.1_FC_0_1
94,0.0,43,Male,mc_prob_0.1_FC_0_1
95,0.0,44,Male,mc_prob_0.1_FC_0_1
96,0.0,45,Male,mc_prob_0.1_FC_0_1
97,0.0,46,Male,mc_prob_0.1_FC_0_1
98,0.0,47,Male,mc_prob_0.1_FC_0_1
99,0.0,48,Male,mc_prob_0.1_FC_0_1
100,0.0,49,Male,mc_prob_0.1_FC_0_1
101,0.0,50,Male,mc_prob_0.1_FC_0_1
,Count,Generation,Sex,Run
0,7000.0,0,Female,mc_prob_0.1_FC_0_2
1,4344.0,1,Female,mc_prob_0.1_FC_0_2
2,4187.0,2,Female,mc_prob_0.1_FC_0_2
3,4049.0,3,Female,mc_prob_0.1_FC_0_2
4,4034.0,4,Female,mc_prob_0.1_FC_0_2
5,4083.0,5,Female,mc_prob_0.1_FC_0_2
6,4011.0,6,Female,mc_prob_0.1_FC_0_2
7,3883.0,7,Female,mc_prob_0.1_FC_0_2
8,3803.0,8,Female,mc_prob_0.1_FC_0_2
9,3732.0,9,Female,mc_prob_0.1_FC_0_2
10,3695.0,10,Female,mc_prob_0.1_FC_0_2
11,3522.0,11,Female,mc_prob_0.1_FC_0_2
12,3474.0,12,Female,mc_prob_0.1_FC_0_2
13,3447.0,13,Female,mc_prob_0.1_FC_0_2
14,3561.0,14,Female,mc_prob_0.1_FC_0_2
15,3243.0,15,Female,mc_prob_0.1_FC_0_2
16,2236.0,16,Female,mc_prob_0.1_FC_0_2
17,1066.0,17,Female,mc_prob_0.1_FC_0_2
18,577.0,18,Female,mc_prob_0.1_FC_0_2
19,105.0,19,Female,mc_prob_0.1_FC_0_2
20,15.0,20,Female,mc_prob_0.1_FC_0_2
21,0.0,21,Female,mc_prob_0.1_FC_0_2
22,0.0,22,Female,mc_prob_0.1_FC_0_2
23,0.0,23,Female,mc_prob_0.1_FC_0_2
24,0.0,24,Female,mc_prob_0.1_FC_0_2
25,0.0,25,Female,mc_prob_0.1_FC_0_2
26,0.0,26,Female,mc_prob_0.1_FC_0_2
27,0.0,27,Female,mc_prob_0.1_FC_0_2
28,0.0,28,Female,mc_prob_0.1_FC_0_2
29,0.0,29,Female,mc_prob_0.1_FC_0_2
30,0.0,30,Female,mc_prob_0.1_FC_0_2
31,0.0,31,Female,mc_prob_0.1_FC_0_2
32,0.0,32,Female,mc_prob_0.1_FC_0_2
33,0.0,33,Female,mc_prob_0.1_FC_0_2
34,0.0,34,Female,mc_prob_0.1_FC_0_2
35,0.0,35,Female,mc_prob_0.1_FC_0_2
36,0.0,36,Female,mc_prob_0.1_FC_0_2
37,0.0,37,Female,mc_prob_0.1_FC_0_2
38,0.0,38,Female,mc_prob_0.1_FC_0_2
39,0.0,39,Female,mc_prob_0.1_FC_0_2
40,0.0,40,Female,mc_prob_0.1_FC_0_2
41,0.0,41,Female,mc_prob_0.1_FC_0_2
42,0.0,42,Female,mc_prob_0.1_FC_0_2
43,0.0,43,Female,mc_prob_0.1_FC_0_2
44,0.0,44,Female,mc_prob_0.1_FC_0_2
45,0.0,45,Female,mc_prob_0.1_FC_0_2
46,0.0,46,Female,mc_prob_0.1_FC_0_2
47,0.0,47,Female,mc_prob_0.1_FC_0_2
48,0.0,48,Female,mc_prob_0.1_FC_0_2
49,0.0,49,Female,mc_prob_0.1_FC_0_2
50,0.0,50,Female,mc_prob_0.1_FC_0_2
51,5000.0,0,Male,mc_prob_0.1_FC_0_2
52,4366.0,1,Male,mc_prob_0.1_FC_0_2
53,4237.0,2,Male,mc_prob_0.1_FC_0_2
54,4093.0,3,Male,mc_prob_0.1_FC_0_2
55,4084.0,4,Male,mc_prob_0.1_FC_0_2
56,4105.0,5,Male,mc_prob_0.1_FC_0_2
57,4083.0,6,Male,mc_prob_0.1_FC_0_2
58,3932.0,7,Male,mc_prob_0.1_FC_0_2
59,3833.0,8,Male,mc_prob_0.1_FC_0_2
60,3855.0,9,Male,mc_prob_0.1_FC_0_2
61,3746.0,10,Male,mc_prob_0.1_FC_0_2
62,3655.0,11,Male,mc_prob_0.1_FC_0_2
63,3503.0,12,Male,mc_prob_0.1_FC_0_2
64,3549.0,13,Male,mc_prob_0.1_FC_0_2
65,3576.0,14,Male,mc_prob_0.1_FC_0_2
66,3266.0,15,Male,mc_prob_0.1_FC_0_2
67,2325.0,16,Male,mc_prob_0.1_FC_0_2
68,1074.0,17,Male,mc_prob_0.1_FC_0_2
69,581.0,18,Male,mc_prob_0.1_FC_0_2
70,148.0,19,Male,mc_prob_0.1_FC_0_2
71,19.0,20,Male,mc_prob_0.1_FC_0_2
72,0.0,21,Male,mc_prob_0.1_FC_0_2
73,0.0,22,Male,mc_prob_0.1_FC_0_2
74,0.0,23,Male,mc_prob_0.1_FC_0_2
75,0.0,24,Male,mc_prob_0.1_FC_0_2
76,0.0,25,Male,mc_prob_0.1_FC_0_2
77,0.0,26,Male,mc_prob_0.1_FC_0_2
78,0.0,27,Male,mc_prob_0.1_FC_0_2
79,0.0,28,Male,mc_prob_0.1_FC_0_2
80,0.0,29,Male,mc_prob_0.1_FC_0_2
81,0.0,30,Male,mc_prob_0.1_FC_0_2
82,0.0,31,Male,mc_prob_0.1_FC_0_2
83,0.0,32,Male,mc_prob_0.1_FC_0_2
84,0.0,33,Male,mc_prob_0.1_FC_0_2
85,0.0,34,Male,mc_prob_0.1_FC_0_2
86,0.0,35,Male,mc_prob_0.1_FC_0_2
87,0.0,36,Male,mc_prob_0.1_FC_0_2
88,0.0,37,Male,mc_prob_0.1_FC_0_2
89,0.0,38,Male,mc_prob_0.1_FC_0_2
90,0.0,39,Male,mc_prob_0.1_FC_0_2
91,0.0,40,Male,mc_prob_0.1_FC_0_2
92,0.0,41,Male,mc_prob_0.1_FC_0_2
93,0.0,42,Male,mc_prob_0.1_FC_0_2
94,0.0,43,Male,mc_prob_0.1_FC_0_2
95,0.0,44,Male,mc_prob_0.1_FC_0_2
96,0.0,45,Male,mc_prob_0.1_FC_0_2
97,0.0,46,Male,mc_prob_0.1_FC_0_2
98,0.0,47,Male,mc_prob_0.1_FC_0_2
99,0.0,48,Male,mc_prob_0.1_FC_0_2
100,0.0,49,Male,mc_prob_0.1_FC_0_2
101,0.0,50,Male,mc_prob_0.1_FC_0_2
,Count,Generation,Sex,Run
0,7000.0,0,Female,mc_prob_0.1_FC_0_3
1,4154.0,1,Female,mc_prob_0.1_FC_0_3
2,4020.0,2,Female,mc_prob_0.1_FC_0_3
3,4070.0,3,Female,mc_prob_0.1_FC_0_3
4,4128.0,4,Female,mc_prob_0.1_FC_0_3
5,3994.0,5,Female,mc_prob_0.1_FC_0_3
6,3871.0,6,Female,mc_prob_0.1_FC_0_3
7,3824.0,7,Female,mc_prob_0.1_FC_0_3
8,3850.0,8,Female,mc_prob_0.1_FC_0_3
9,3812.0,9,Female,mc_prob_0.1_FC_0_3
10,3631.0,10,Female,mc_prob_0.1_FC_0_3
11,3666.0,11,Female,mc_prob_0.1_FC_0_3
12,3537.0,12,Female,mc_prob_0.1_FC_0_3
13,3485.0,13,Female,mc_prob_0.1_FC_0_3
14,3518.0,14,Female,mc_prob_0.1_FC_0_3
15,3308.0,15,Female,mc_prob_0.1_FC_0_3
16,2610.0,16,Female,mc_prob_0.1_FC_0_3
17,1299.0,17,Female,mc_prob_0.1_FC_0_3
18,533.0,18,Female,mc_prob_0.1_FC_0_3
19,133.0,19,Female,mc_prob_0.1_FC_0_3
20,26.0,20,Female,mc_prob_0.1_FC_0_3
21,10.0,21,Female,mc_prob_0.1_FC_0_3
22,0.0,22,Female,mc_prob_0.1_FC_0_3
23,0.0,23,Female,mc_prob_0.1_FC_0_3
24,0.0,24,Female,mc_prob_0.1_FC_0_3
25,0.0,25,Female,mc_prob_0.1_FC_0_3
26,0.0,26,Female,mc_prob_0.1_FC_0_3
27,0.0,27,Female,mc_prob_0.1_FC_0_3
28,0.0,28,Female,mc_prob_0.1_FC_0_3
29,0.0,29,Female,mc_prob_0.1_FC_0_3
30,0.0,30,Female,mc_prob_0.1_FC_0_3
31,0.0,31,Female,mc_prob_0.1_FC_0_3
32,0.0,32,Female,mc_prob_0.1_FC_0_3
33,0.0,33,Female,mc_prob_0.1_FC_0_3
34,0.0,34,Female,mc_prob_0.1_FC_0_3
35,0.0,35,Female,mc_prob_0.1_FC_0_3
36,0.0,36,Female,mc_prob_0.1_FC_0_3
37,0.0,37,Female,mc_prob_0.1_FC_0_3
38,0.0,38,Female,mc_prob_0.1_FC_0_3
39,0.0,39,Female,mc_prob_0.1_FC_0_3
40,0.0,40,Female,mc_prob_0.1_FC_0_3
41,0.0,41,Female,mc_prob_0.1_FC_0_3
42,0.0,42,Female,mc_prob_0.1_FC_0_3
43,0.0,43,Female,mc_prob_0.1_FC_0_3
44,0.0,44,Female,mc_prob_0.1_FC_0_3
45,0.0,45,Female,mc_prob_0.1_FC_0_3
46,0.0,46,Female,mc_prob_0.1_FC_0_3
47,0.0,47,Female,mc_prob_0.1_FC_0_3
48,0.0,48,Female,mc_prob_0.1_FC_0_3
49,0.0,49,Female,mc_prob_0.1_FC_0_3
50,0.0,50,Female,mc_prob_0.1_FC_0_3
51,5000.0,0,Male,mc_prob_0.1_FC_0_3
52,4307.0,1,Male,mc_prob_0.1_FC_0_3
53,4177.0,2,Male,mc_prob_0.1_FC_0_3
54,4144.0,3,Male,mc_prob_0.1_FC_0_3
55,4190.0,4,Male,mc_prob_0.1_FC_0_3
56,4070.0,5,Male,mc_prob_0.1_FC_0_3
57,3972.0,6,Male,mc_prob_0.1_FC_0_3
58,3963.0,7,Male,mc_prob_0.1_FC_0_3
59,3916.0,8,Male,mc_prob_0.1_FC_0_3
60,3840.0,9,Male,mc_prob_0.1_FC_0_3
61,3746.0,10,Male,mc_prob_0.1_FC_0_3
62,3723.0,11,Male,mc_prob_0.1_FC_0_3
63,3615.0,12,Male,mc_prob_0.1_FC_0_3
64,3553.0,13,Male,mc_prob_0.1_FC_0_3
65,3529.0,14,Male,mc_prob_0.1_FC_0_3
66,3408.0,15,Male,mc_prob_0.1_FC_0_3
67,2635.0,16,Male,mc_prob_0.1_FC_0_3
68,1356.0,17,Male,mc_prob_0.1_FC_0_3
69,553.0,18,Male,mc_prob_0.1_FC_0_3
70,151.0,19,Male,mc_prob_0.1_FC_0_3
71,37.0,20,Male,mc_prob_0.1_FC_0_3
72,15.0,21,Male,mc_prob_0.1_FC_0_3
73,0.0,22,Male,mc_prob_0.1_FC_0_3
74,0.0,23,Male,mc_prob_0.1_FC_0_3
75,0.0,24,Male,mc_prob_0.1_FC_0_3
76,0.0,25,Male,mc_prob_0.1_FC_0_3
77,0.0,26,Male,mc_prob_0.1_FC_0_3
78,0.0,27,Male,mc_prob_0.1_FC_0_3
79,0.0,28,Male,mc_prob_0.1_FC_0_3
80,0.0,29,Male,mc_prob_0.1_FC_0_3
81,0.0,30,Male,mc_prob_0.1_FC_0_3
82,0.0,31,Male,mc_prob_0.1_FC_0_3
83,0.0,32,Male,mc_prob_0.1_FC_0_3
84,0.0,33,Male,mc_prob_0.1_FC_0_3
85,0.0,34,Male,mc_prob_0.1_FC_0_3
86,0.0,35,Male,mc_prob_0.1_FC_0_3
87,0.0,36,Male,mc_prob_0.1_FC_0_3
88,0.0,37,Male,mc_prob_0.1_FC_0_3
89,0.0,38,Male,mc_prob_0.1_FC_0_3
90,0.0,39,Male,mc_prob_0.1_FC_0_3
91,0.0,40,Male,mc_prob_0.1_FC_0_3
92,0.0,41,Male,mc_prob_0.1_FC_0_3
93,0.0,42,Male,mc_prob_0.1_FC_0_3
94,0.0,43,Male,mc_prob_0.1_FC_0_3
95,0.0,44,Male,mc_prob_0.1_FC_0_3
96,0.0,45,Male,mc_prob_0.1_FC_0_3
97,0.0,46,Male,mc_prob_0.1_FC_0_3
98,0.0,47,Male,mc_prob_0.1_FC_0_3
99,0.0,48,Male,mc_prob_0.1_FC_0_3
100,0.0,49,Male,mc_prob_0.1_FC_0_3
101,0.0,50,Male,mc_prob_0.1_FC_0_3
,Count,Generation,Sex,Run
0,7000.0,0,Female,mc_prob_0.1_FC_0_4
1,4124.0,1,Female,mc_prob_0.1_FC_0_4
2,4055.0,2,Female,mc_prob_0.1_FC_0_4
3,4038.0,3,Female,mc_prob_0.1_FC_0_4
4,4129.0,4,Female,mc_prob_0.1_FC_0_4
5,4094.0,5,Female,mc_prob_0.1_FC_0_4
6,4144.0,6,Female,mc_prob_0.1_FC_0_4
7,3888.0,7,Female,mc_prob_0.1_FC_0_4
8,3807.0,8,Female,mc_prob_0.1_FC_0_4
9,3837.0,9,Female,mc_prob_0.1_FC_0_4
10,3715.0,10,Female,mc_prob_0.1_FC_0_4
11,3521.0,11,Female,mc_prob_0.1_FC_0_4
12,3453.0,12,Female,mc_prob_0.1_FC_0_4
13,3461.0,13,Female,mc_prob_0.1_FC_0_4
14,3508.0,14,Female,mc_prob_0.1_FC_0_4
15,3248.0,15,Female,mc_prob_0.1_FC_0_4
16,2258.0,16,Female,mc_prob_0.1_FC_0_4
17,1106.0,17,Female,mc_prob_0.1_FC_0_4
18,330.0,18,Female,mc_prob_0.1_FC_0_4
19,117.0,19,Female,mc_prob_0.1_FC_0_4
20,9.0,20,Female,mc_prob_0.1_FC_0_4
21,0.0,21,Female,mc_prob_0.1_FC_0_4
22,0.0,22,Female,mc_prob_0.1_FC_0_4
23,0.0,23,Female,mc_prob_0.1_FC_0_4
24,0.0,24,Female,mc_prob_0.1_FC_0_4
25,0.0,25,Female,mc_prob_0.1_FC_0_4
26,0.0,26,Female,mc_prob_0.1_FC_0_4
27,0.0,27,Female,mc_prob_0.1_FC_0_4
28,0.0,28,Female,mc_prob_0.1_FC_0_4
29,0.0,29,Female,mc_prob_0.1_FC_0_4
30,0.0,30,Female,mc_prob_0.1_FC_0_4
31,0.0,31,Female,mc_prob_0.1_FC_0_4
32,0.0,32,Female,mc_prob_0.1_FC_0_4
33,0.0,33,Female,mc_prob_0.1_FC_0_4
34,0.0,34,Female,mc_prob_0.1_FC_0_4
35,0.0,35,Female,mc_prob_0.1_FC_0_4
36,0.0,36,Female,mc_prob_0.1_FC_0_4
37,0.0,37,Female,mc_prob_0.1_FC_0_4
38,0.0,38,Female,mc_prob_0.1_FC_0_4
39,0.0,39,Female,mc_prob_0.1_FC_0_4
40,0.0,40,Female,mc_prob_0.1_FC_0_4
41,0.0,41,Female,mc_prob_0.1_FC_0_4
42,0.0,42,Female,mc_prob_0.1_FC_0_4
43,0.0,43,Female,mc_prob_0.1_FC_0_4
44,0.0,44,Female,mc_prob_0.1_FC_0_4
45,0.0,45,Female,mc_prob_0.1_FC_0_4
46,0.0,46,Female,mc_prob_0.1_FC_0_4
47,0.0,47,Female,mc_prob_0.1_FC_0_4
48,0.0,48,Female,mc_prob_0.1_FC_0_4
49,0.0,49,Female,mc_prob_0.1_FC_0_4
50,0.0,50,Female,mc_prob_0.1_FC_0_4
51,5000.0,0,Male,mc_prob_0.1_FC_0_4
52,4267.0,1,Male,mc_prob_0.1_FC_0_4
53,4064.0,2,Male,mc_prob_0.1_FC_0_4
54,4111.0,3,Male,mc_prob_0.1_FC_0_4
55,4136.0,4,Male,mc_prob_0.1_FC_0_4
56,4099.0,5,Male,mc_prob_0.1_FC_0_4
57,4220.0,6,Male,mc_prob_0.1_FC_0_4
58,3945.0,7,Male,mc_prob_0.1_FC_0_4
59,3915.0,8,Male,mc_prob_0.1_FC_0_4
60,3851.0,9,Male,mc_prob_0.1_FC_0_4
61,3752.0,10,Male,mc_prob_0.1_FC_0_4
62,3673.0,11,Male,mc_prob_0.1_FC_0_4
63,3496.0,12,Male,mc_prob_0.1_FC_0_4
64,3474.0,13,Male,mc_prob_0.1_FC_0_4
65,3508.0,14,Male,mc_prob_0.1_FC_0_4
66,3295.0,15,Male,mc_prob_0.1_FC_0_4
67,2260.0,16,Male,mc_prob_0.1_FC_0_4
68,1114.0,17,Male,mc_prob_0.1_FC_0_4
69,337.0,18,Male,mc_prob_0.1_FC_0_4
70,126.0,19,Male,mc_prob_0.1_FC_0_4
71,10.0,20,Male,mc_prob_0.1_FC_0_4
72,0.0,21,Male,mc_prob_0.1_FC_0_4
73,0.0,22,Male,mc_prob_0.1_FC_0_4
74,0.0,23,Male,mc_prob_0.1_FC_0_4
75,0.0,24,Male,mc_prob_0.1_FC_0_4
76,0.0,25,Male,mc_prob_0.1_FC_0_4
77,0.0,26,Male,mc_prob_0.1_FC_0_4
78,0.0,27,Male,mc_prob_0.1_FC_0_4
79,0.0,28,Male,mc_prob_0.1_FC_0_4
80,0.0,29,Male,mc_prob_0.1_FC_0_4
81,0.0,30,Male,mc_prob_0.1_FC_0_4
82,0.0,31,Male,mc_prob_0.1_FC_0_4
83,0.0,32,Male,mc_prob_0.1_FC_0_4
84,0.0,33,Male,mc_prob_0.1_FC_0_4
85,0.0,34,Male,mc_prob_0.1_FC_0_4
86,0.0,35,Male,mc_prob_0.1_FC_0_4
87,0.0,36,Male,mc_prob_0.1_FC_0_4
88,0.0,37,Male,mc_prob_0.1_FC_0_4
89,0.0,38,Male,mc_prob_0.1_FC_0_4
90,0.0,39,Male,mc_prob_0.1_FC_0_4
91,0.0,40,Male,mc_prob_0.1_FC_0_4
92,0.0,41,Male,mc_prob_0.1_FC_0_4
93,0.0,42,Male,mc_prob_0.1_FC_0_4
94,0.0,43,Male,mc_prob_0.1_FC_0_4
95,0.0,44,Male,mc_prob_0.1_FC_0_4
96,0.0,45,Male,mc_prob_0.1_FC_0_4
97,0.0,46,Male,mc_prob_0.1_FC_0_4
98,0.0,47,Male,mc_prob_0.1_FC_0_4
99,0.0,48,Male,mc_prob_0.1_FC_0_4
100,0.0,49,Male,mc_prob_0.1_FC_0_4
101,0.0,50,Male,mc_prob_0.1_FC_0_4
,Count,Generation,Sex,Run
0,7000.0,0,Female,mc_prob_0.1_FC_0_5
1,4225.0,1,Female,mc_prob_0.1_FC_0_5
2,4109.0,2,Female,mc_prob_0.1_FC_0_5
3,4053.0,3,Female,mc_prob_0.1_FC_0_5
4,4204.0,4,Female,mc_prob_0.1_FC_0_5
5,3999.0,5,Female,mc_prob_0.1_FC_0_5
6,3963.0,6,Female,mc_prob_0.1_FC_0_5
7,3823.0,7,Female,mc_prob_0.1_FC_0_5
8,3745.0,8,Female,mc_prob_0.1_FC_0_5
9,3682.0,9,Female,mc_prob_0.1_FC_0_5
10,3738.0,10,Female,mc_prob_0.1_FC_0_5
11,3621.0,11,Female,mc_prob_0.1_FC_0_5
12,3488.0,12,Female,mc_prob_0.1_FC_0_5
13,3432.0,13,Female,mc_prob_0.1_FC_0_5
14,3355.0,14,Female,mc_prob_0.1_FC_0_5
15,2694.0,15,Female,mc_prob_0.1_FC_0_5
16,1384.0,16,Female,mc_prob_0.1_FC_0_5
17,241.0,17,Female,mc_prob_0.1_FC_0_5
18,114.0,18,Female,mc_prob_0.1_FC_0_5
19,16.0,19,Female,mc_prob_0.1_FC_0_5
20,0.0,20,Female,mc_prob_0.1_FC_0_5
21,0.0,21,Female,mc_prob_0.1_FC_0_5
22,0.0,22,Female,mc_prob_0.1_FC_0_5
23,0.0,23,Female,mc_prob_0.1_FC_0_5
24,0.0,24,Female,mc_prob_0.1_FC_0_5
25,0.0,25,Female,mc_prob_0.1_FC_0_5
26,0.0,26,Female,mc_prob_0.1_FC_0_5
27,0.0,27,Female,mc_prob_0.1_FC_0_5
28,0.0,28,Female,mc_prob_0.1_FC_0_5
29,0.0,29,Female,mc_prob_0.1_FC_0_5
30,0.0,30,Female,mc_prob_0.1_FC_0_5
31,0.0,31,Female,mc_prob_0.1_FC_0_5
32,0.0,32,Female,mc_prob_0.1_FC_0_5
33,0.0,33,Female,mc_prob_0.1_FC_0_5
34,0.0,34,Female,mc_prob_0.1_FC_0_5
35,0.0,35,Female,mc_prob_0.1_FC_0_5
36,0.0,36,Female,mc_prob_0.1_FC_0_5
37,0.0,37,Female,mc_prob_0.1_FC_0_5
38,0.0,38,Female,mc_prob_0.1_FC_0_5
39,0.0,39,Female,mc_prob_0.1_FC_0_5
40,0.0,40,Female,mc_prob_0.1_FC_0_5
41,0.0,41,Female,mc_prob_0.1_FC_0_5
42,0.0,42,Female,mc_prob_0.1_FC_0_5
43,0.0,43,Female,mc_prob_0.1_FC_0_5
44,0.0,44,Female,mc_prob_0.1_FC_0_5
45,0.0,45,Female,mc_prob_0.1_FC_0_5
46,0.0,46,Female,mc_prob_0.1_FC_0_5
47,0.0,47,Female,mc_prob_0.1_FC_0_5
48,0.0,48,Female,mc_prob_0.1_FC_0_5
49,0.0,49,Female,mc_prob_0.1_FC_0_5
50,0.0,50,Female,mc_prob_0.1_FC_0_5
51,5000.0,0,Male,mc_prob_0.1_FC_0_5
52,4390.0,1,Male,mc_prob_0.1_FC_0_5
53,4148.0,2,Male,mc_prob_0.1_FC_0_5
54,4129.0,3,Male,mc_prob_0.1_FC_0_5
55,4216.0,4,Male,mc_prob_0.1_FC_0_5
56,4043.0,5,Male,mc_prob_0.1_FC_0_5
57,4038.0,6,Male,mc_prob_0.1_FC_0_5
58,3972.0,7,Male,mc_prob_0.1_FC_0_5
59,3776.0,8,Male,mc_prob_0.1_FC_0_5
60,3732.0,9,Male,mc_prob_0.1_FC_0_5
61,3747.0,10,Male,mc_prob_0.1_FC_0_5
62,3634.0,11,Male,mc_prob_0.1_FC_0_5
63,3583.0,12,Male,mc_prob_0.1_FC_0_5
64,3452.0,13,Male,mc_prob_0.1_FC_0_5
65,3429.0,14,Male,mc_prob_0.1_FC_0_5
66,2764.0,15,Male,mc_prob_0.1_FC_0_5
67,1447.0,16,Male,mc_prob_0.1_FC_0_5
68,271.0,17,Male,mc_prob_0.1_FC_0_5
69,115.0,18,Male,mc_prob_0.1_FC_0_5
70,18.0,19,Male,mc_prob_0.1_FC_0_5
71,0.0,20,Male,mc_prob_0.1_FC_0_5
72,0.0,21,Male,mc_prob_0.1_FC_0_5
73,0.0,22,Male,mc_prob_0.1_FC_0_5
74,0.0,23,Male,mc_prob_0.1_FC_0_5
75,0.0,24,Male,mc_prob_0.1_FC_0_5
76,0.0,25,Male,mc_prob_0.1_FC_0_5
77,0.0,26,Male,mc_prob_0.1_FC_0_5
78,0.0,27,Male,mc_prob_0.1_FC_0_5
79,0.0,28,Male,mc_prob_0.1_FC_0_5
80,0.0,29,Male,mc_prob_0.1_FC_0_5
81,0.0,30,Male,mc_prob_0.1_FC_0_5
82,0.0,31,Male,mc_prob_0.1_FC_0_5
83,0.0,32,Male,mc_prob_0.1_FC_0_5
84,0.0,33,Male,mc_prob_0.1_FC_0_5
85,0.0,34,Male,mc_prob_0.1_FC_0_5
86,0.0,35,Male,mc_prob_0.1_FC_0_5
87,0.0,36,Male,mc_prob_0.1_FC_0_5
88,0.0,37,Male,mc_prob_0.1_FC_0_5
89,0.0,38,Male,mc_prob_0.1_FC_0_5
90,0.0,39,Male,mc_prob_0.1_FC_0_5
91,0.0,40,Male,mc_prob_0.1_FC_0_5
92,0.0,41,Male,mc_prob_0.1_FC_0_5
93,0.0,42,Male,mc_prob_0.1_FC_0_5
94,0.0,43,Male,mc_prob_0.1_FC_0_5
95,0.0,44,Male,mc_prob_0.1_FC_0_5
96,0.0,45,Male,mc_prob_0.1_FC_0_5
97,0.0,46,Male,mc_prob_0.1_FC_0_5
98,0.0,47,Male,mc_prob_0.1_FC_0_5
99,0.0,48,Male,mc_prob_0.1_FC_0_5
100,0.0,49,Male,mc_prob_0.1_FC_0_5
101,0.0,50,Male,mc_prob_0.1_FC_0_5
,Count,Generation,Sex,Run
0,7000.0,0,Female,mc_prob_0.1_FC_0_6
1,4320.0,1,Female,mc_prob_0.1_FC_0_6
2,4032.0,2,Female,mc_prob_0.1_FC_0_6
3,4039.0,3,Female,mc_prob_0.1_FC_0_6
4,4046.0,4,Female,mc_prob_0.1_FC_0_6
5,4043.0,5,Female,mc_prob_0.1_FC_0_6
6,3990.0,6,Female,mc_prob_0.1_FC_0_6
7,3819.0,7,Female,mc_prob_0.1_FC_0_6
8,3686.0,8,Female,mc_prob_0.1_FC_0_6
9,3758.0,9,Female,mc_prob_0.1_FC_0_6
10,3560.0,10,Female,mc_prob_0.1_FC_0_6
11,3500.0,11,Female,mc_prob_0.1_FC_0_6
12,3493.0,12,Female,mc_prob_0.1_FC_0_6
13,3459.0,13,Female,mc_prob_0.1_FC_0_6
14,3431.0,14,Female,mc_prob_0.1_FC_0_6
15,3317.0,15,Female,mc_prob_0.1_FC_0_6
16,2644.0,16,Female,mc_prob_0.1_FC_0_6
17,1427.0,17,Female,mc_prob_0.1_FC_0_6
18,637.0,18,Female,mc_prob_0.1_FC_0_6
19,90.0,19,Female,mc_prob_0.1_FC_0_6
20,9.0,20,Female,mc_prob_0.1_FC_0_6
21,0.0,21,Female,mc_prob_0.1_FC_0_6
22,0.0,22,Female,mc_prob_0.1_FC_0_6
23,0.0,23,Female,mc_prob_0.1_FC_0_6
24,0.0,24,Female,mc_prob_0.1_FC_0_6
25,0.0,25,Female,mc_prob_0.1_FC_0_6
26,0.0,26,Female,mc_prob_0.1_FC_0_6
27,0.0,27,Female,mc_prob_0.1_FC_0_6
28,0.0,28,Female,mc_prob_0.1_FC_0_6
29,0.0,29,Female,mc_prob_0.1_FC_0_6
30,0.0,30,Female,mc_prob_0.1_FC_0_6
31,0.0,31,Female,mc_prob_0.1_FC_0_6
32,0.0,32,Female,mc_prob_0.1_FC_0_6
33,0.0,33,Female,mc_prob_0.1_FC_0_6
34,0.0,34,Female,mc_prob_0.1_FC_0_6
35,0.0,35,Female,mc_prob_0.1_FC_0_6
36,0.0,36,Female,mc_prob_0.1_FC_0_6
37,0.0,37,Female,mc_prob_0.1_FC_0_6
38,0.0,38,Female,mc_prob_0.1_FC_0_6
39,0.0,39,Female,mc_prob_0.1_FC_0_6
40,0.0,40,Female,mc_prob_0.1_FC_0_6
41,0.0,41,Female,mc_prob_0.1_FC_0_6
42,0.0,42,Female,mc_prob_0.1_FC_0_6
43,0.0,43,Female,mc_prob_0.1_FC_0_6
44,0.0,44,Female,mc_prob_0.1_FC_0_6
45,0.0,45,Female,mc_prob_0.1_FC_0_6
46,0.0,46,Female,mc_prob_0.1_FC_0_6
47,0.0,47,Female,mc_prob_0.1_FC_0_6
48,0.0,48,Female,mc_prob_0.1_FC_0_6
49,0.0,49,Female,mc_prob_0.1_FC_0_6
50,0.0,50,Female,mc_prob_0.1_FC_0_6
51,5000.0,0,Male,mc_prob_0.1_FC_0_6
52,4354.0,1,Male,mc_prob_0.1_FC_0_6
53,4155.0,2,Male,mc_prob_0.1_FC_0_6
54,4105.0,3,Male,mc_prob_0.1_FC_0_6
55,4050.0,4,Male,mc_prob_0.1_FC_0_6
56,4045.0,5,Male,mc_prob_0.1_FC_0_6
57,4040.0,6,Male,mc_prob_0.1_FC_0_6
58,4006.0,7,Male,mc_prob_0.1_FC_0_6
59,3831.0,8,Male,mc_prob_0.1_FC_0_6
60,3772.0,9,Male,mc_prob_0.1_FC_0_6
61,3691.0,10,Male,mc_prob_0.1_FC_0_6
62,3606.0,11,Male,mc_prob_0.1_FC_0_6
63,3529.0,12,Male,mc_prob_0.1_FC_0_6
64,3555.0,13,Male,mc_prob_0.1_FC_0_6
65,3561.0,14,Male,mc_prob_0.1_FC_0_6
66,3319.0,15,Male,mc_prob_0.1_FC_0_6
67,2661.0,16,Male,mc_prob_0.1_FC_0_6
68,1444.0,17,Male,mc_prob_0.1_FC_0_6
69,645.0,18,Male,mc_prob_0.1_FC_0_6
70,90.0,19,Male,mc_prob_0.1_FC_0_6
71,11.0,20,Male,mc_prob_0.1_FC_0_6
72,0.0,21,Male,mc_prob_0.1_FC_0_6
73,0.0,22,Male,mc_prob_0.1_FC_0_6
74,0.0,23,Male,mc_prob_0.1_FC_0_6
75,0.0,24,Male,mc_prob_0.1_FC_0_6
76,0.0,25,Male,mc_prob_0.1_FC_0_6
77,0.0,26,Male,mc_prob_0.1_FC_0_6
78,0.0,27,Male,mc_prob_0.1_FC_0_6
79,0.0,28,Male,mc_prob_0.1_FC_0_6
80,0.0,29,Male,mc_prob_0.1_FC_0_6
81,0.0,30,Male,mc_prob_0.1_FC_0_6
82,0.0,31,Male,mc_prob_0.1_FC_0_6
83,0.0,32,Male,mc_prob_0.1_FC_0_6
84,0.0,33,Male,mc_prob_0.1_FC_0_6
85,0.0,34,Male,mc_prob_0.1_FC_0_6
86,0.0,35,Male,mc_prob_0.1_FC_0_6
87,0.0,36,Male,mc_prob_0.1_FC_0_6
88,0.0,37,Male,mc_prob_0.1_FC_0_6
89,0.0,38,Male,mc_prob_0.1_FC_0_6
90,0.0,39,Male,mc_prob_0.1_FC_0_6
91,0.0,40,Male,mc_prob_0.1_FC_0_6
92,0.0,41,Male,mc_prob_0.1_FC_0_6
93,0.0,42,Male,mc_prob_0.1_FC_0_6
94,0.0,43,Male,mc_prob_0.1_FC_0_6
95,0.0,44,Male,mc_prob_0.1_FC_0_6
96,0.0,45,Male,mc_prob_0.1_FC_0_6
97,0.0,46,Male,mc_prob_0.1_FC_0_6
98,0.0,47,Male,mc_prob_0.1_FC_0_6
99,0.0,48,Male,mc_prob_0.1_FC_0_6
100,0.0,49,Male,mc_prob_0.1_FC_0_6
101,0.0,50,Male,mc_prob_0.1_FC_0_6
,Count,Generation,Sex,Run
0,7000.0,0,Female,mc_prob_0.1_FC_0_7
1,4221.0,1,Female,mc_prob_0.1_FC_0_7
2,4059.0,2,Female,mc_prob_0.1_FC_0_7
3,4191.0,3,Female,mc_prob_0.1_FC_0_7
4,4138.0,4,Female,mc_prob_0.1_FC_0_7
5,4091.0,5,Female,mc_prob_0.1_FC_0_7
6,4041.0,6,Female,mc_prob_0.1_FC_0_7
7,3888.0,7,Female,mc_prob_0.1_FC_0_7
8,3893.0,8,Female,mc_prob_0.1_FC_0_7
9,3760.0,9,Female,mc_prob_0.1_FC_0_7
10,3684.0,10,Female,mc_prob_0.1_FC_0_7
11,3626.0,11,Female,mc_prob_0.1_FC_0_7
12,3592.0,12,Female,mc_prob_0.1_FC_0_7
13,3534.0,13,Female,mc_prob_0.1_FC_0_7
14,3578.0,14,Female,mc_prob_0.1_FC_0_7
15,3248.0,15,Female,mc_prob_0.1_FC_0_7
16,2250.0,16,Female,mc_prob_0.1_FC_0_7
17,975.0,17,Female,mc_prob_0.1_FC_0_7
18,246.0,18,Female,mc_prob_0.1_FC_0_7
19,39.0,19,Female,mc_prob_0.1_FC_0_7
20,24.0,20,Female,mc_prob_0.1_FC_0_7
21,0.0,21,Female,mc_prob_0.1_FC_0_7
22,0.0,22,Female,mc_prob_0.1_FC_0_7
23,0.0,23,Female,mc_prob_0.1_FC_0_7
24,0.0,24,Female,mc_prob_0.1_FC_0_7
25,0.0,25,Female,mc_prob_0.1_FC_0_7
26,0.0,26,Female,mc_prob_0.1_FC_0_7
27,0.0,27,Female,mc_prob_0.1_FC_0_7
28,0.0,28,Female,mc_prob_0.1_FC_0_7
29,0.0,29,Female,mc_prob_0.1_FC_0_7
30,0.0,30,Female,mc_prob_0.1_FC_0_7
31,0.0,31,Female,mc_prob_0.1_FC_0_7
32,0.0,32,Female,mc_prob_0.1_FC_0_7
33,0.0,33,Female,mc_prob_0.1_FC_0_7
34,0.0,34,Female,mc_prob_0.1_FC_0_7
35,0.0,35,Female,mc_prob_0.1_FC_0_7
36,0.0,36,Female,mc_prob_0.1_FC_0_7
37,0.0,37,Female,mc_prob_0.1_FC_0_7
38,0.0,38,Female,mc_prob_0.1_FC_0_7
39,0.0,39,Female,mc_prob_0.1_FC_0_7
40,0.0,40,Female,mc_prob_0.1_FC_0_7
41,0.0,41,Female,mc_prob_0.1_FC_0_7
42,0.0,42,Female,mc_prob_0.1_FC_0_7
43,0.0,43,Female,mc_prob_0.1_FC_0_7
44,0.0,44,Female,mc_prob_0.1_FC_0_7
45,0.0,45,Female,mc_prob_0.1_FC_0_7
46,0.0,46,Female,mc_prob_0.1_FC_0_7
47,0.0,47,Female,mc_prob_0.1_FC_0_7
48,0.0,48,Female,mc_prob_0.1_FC_0_7
49,0.0,49,Female,mc_prob_0.1_FC_0_7
50,0.0,50,Female,mc_prob_0.1_FC_0_7
51,5000.0,0,Male,mc_prob_0.1_FC_0_7
52,4278.0,1,Male,mc_prob_0.1_FC_0_7
53,4066.0,2,Male,mc_prob_0.1_FC_0_7
54,4201.0,3,Male,mc_prob_0.1_FC_0_7
55,4203.0,4,Male,mc_prob_0.1_FC_0_7
56,4207.0,5,Male,mc_prob_0.1_FC_0_7
57,4044.0,6,Male,mc_prob_0.1_FC_0_7
58,3922.0,7,Male,mc_prob_0.1_FC_0_7
59,3903.0,8,Male,mc_prob_0.1_FC_0_7
60,3812.0,9,Male,mc_prob_0.1_FC_0_7
61,3695.0,10,Male,mc_prob_0.1_FC_0_7
62,3709.0,11,Male,mc_prob_0.1_FC_0_7
63,3613.0,12,Male,mc_prob_0.1_FC_0_7
64,3593.0,13,Male,mc_prob_0.1_FC_0_7
65,3583.0,14,Male,mc_prob_0.1_FC_0_7
66,3288.0,15,Male,mc_prob_0.1_FC_0_7
67,2342.0,16,Male,mc_prob_0.1_FC_0_7
68,988.0,17,Male,mc_prob_0.1_FC_0_7
69,262.0,18,Male,mc_prob_0.1_FC_0_7
70,43.0,19,Male,mc_prob_0.1_FC_0_7
71,40.0,20,Male,mc_prob_0.1_FC_0_7
72,0.0,21,Male,mc_prob_0.1_FC_0_7
73,0.0,22,Male,mc_prob_0.1_FC_0_7
74,0.0,23,Male,mc_prob_0.1_FC_0_7
75,0.0,24,Male,mc_prob_0.1_FC_0_7
76,0.0,25,Male,mc_prob_0.1_FC_0_7
77,0.0,26,Male,mc_prob_0.1_FC_0_7
78,0.0,27,Male,mc_prob_0.1_FC_0_7
79,0.0,28,Male,mc_prob_0.1_FC_0_7
80,0.0,29,Male,mc_prob_0.1_FC_0_7
81,0.0,30,Male,mc_prob_0.1_FC_0_7
82,0.0,31,Male,mc_prob_0.1_FC_0_7
83,0.0,32,Male,mc_prob_0.1_FC_0_7
84,0.0,33,Male,mc_prob_0.1_FC_0_7
85,0.0,34,Male,mc_prob_0.1_FC_0_7
86,0.0,35,Male,mc_prob_0.1_FC_0_7
87,0.0,36,Male,mc_prob_0.1_FC_0_7
88,0.0,37,Male,mc_prob_0.1_FC_0_7
89,0.0,38,Male,mc_prob_0.1_FC_0_7
90,0.0,39,Male,mc_prob_0.1_FC_0_7
91,0.0,40,Male,mc_prob_0.1_FC_0_7
92,0.0,41,Male,mc_prob_0.1_FC_0_7
93,0.0,42,Male,mc_prob_0.1_FC_0_7
94,0.0,43,Male,mc_prob_0.1_FC_0_7
95,0.0,44,Male,mc_prob_0.1_FC_0_7
96,0.0,45,Male,mc_prob_0.1_FC_0_7
97,0.0,46,Male,mc_prob_0.1_FC_0_7
98,0.0,47,Male,mc_prob_0.1_FC_0_7
99,0.0,48,Male,mc_prob_0.1_FC_0_7
100,0.0,49,Male,mc_prob_0.1_FC_0_7
101,0.0,50,Male,mc_prob_0.1_FC_0_7
,Count,Generation,Sex,Run
0,7000.0,0,Female,mc_prob_0.1_FC_0_8
1,4191.0,1,Female,mc_prob_0.1_FC_0_8
2,4214.0,2,Female,mc_prob_0.1_FC_0_8
3,4164.0,3,Female,mc_prob_0.1_FC_0_8
4,4162.0,4,Female,mc_prob_0.1_FC_0_8
5,3909.0,5,Female,mc_prob_0.1_FC_0_8
6,3847.0,6,Female,mc_prob_0.1_FC_0_8
7,3795.0,7,Female,mc_prob_0.1_FC_0_8
8,3836.0,8,Female,mc_prob_0.1_FC_0_8
9,3796.0,9,Female,mc_prob_0.1_FC_0_8
10,3675.0,10,Female,mc_prob_0.1_FC_0_8
11,3656.0,11,Female,mc_prob_0.1_FC_0_8
12,3569.0,12,Female,mc_prob_0.1_FC_0_8
13,3512.0,13,Female,mc_prob_0.1_FC_0_8
14,3451.0,14,Female,mc_prob_0.1_FC_0_8
15,3311.0,15,Female,mc_prob_0.1_FC_0_8
16,2557.0,16,Female,mc_prob_0.1_FC_0_8
17,1372.0,17,Female,mc_prob_0.1_FC_0_8
18,520.0,18,Female,mc_prob_0.1_FC_0_8
19,359.0,19,Female,mc_prob_0.1_FC_0_8
20,137.0,20,Female,mc_prob_0.1_FC_0_8
21,19.0,21,Female,mc_prob_0.1_FC_0_8
22,12.0,22,Female,mc_prob_0.1_FC_0_8
23,0.0,23,Female,mc_prob_0.1_FC_0_8
24,0.0,24,Female,mc_prob_0.1_FC_0_8
25,0.0,25,Female,mc_prob_0.1_FC_0_8
26,0.0,26,Female,mc_prob_0.1_FC_0_8
27,0.0,27,Female,mc_prob_0.1_FC_0_8
28,0.0,28,Female,mc_prob_0.1_FC_0_8
29,0.0,29,Female,mc_prob_0.1_FC_0_8
30,0.0,30,Female,mc_prob_0.1_FC_0_8
31,0.0,31,Female,mc_prob_0.1_FC_0_8
32,0.0,32,Female,mc_prob_0.1_FC_0_8
33,0.0,33,Female,mc_prob_0.1_FC_0_8
34,0.0,34,Female,mc_prob_0.1_FC_0_8
35,0.0,35,Female,mc_prob_0.1_FC_0_8
36,0.0,36,Female,mc_prob_0.1_FC_0_8
37,0.0,37,Female,mc_prob_0.1_FC_0_8
38,0.0,38,Female,mc_prob_0.1_FC_0_8
39,0.0,39,Female,mc_prob_0.1_FC_0_8
40,0.0,40,Female,mc_prob_0.1_FC_0_8
41,0.0,41,Female,mc_prob_0.1_FC_0_8
42,0.0,42,Female,mc_prob_0.1_FC_0_8
43,0.0,43,Female,mc_prob_0.1_FC_0_8
44,0.0,44,Female,mc_prob_0.1_FC_0_8
45,0.0,45,Female,mc_prob_0.1_FC_0_8
46,0.0,46,Female,mc_prob_0.1_FC_0_8
47,0.0,47,Female,mc_prob_0.1_FC_0_8
48,0.0,48,Female,mc_prob_0.1_FC_0_8
49,0.0,49,Female,mc_prob_0.1_FC_0_8
50,0.0,50,Female,mc_prob_0.1_FC_0_8
51,5000.0,0,Male,mc_prob_0.1_FC_0_8
52,4339.0,1,Male,mc_prob_0.1_FC_0_8
53,4215.0,2,Male,mc_prob_0.1_FC_0_8
54,4291.0,3,Male,mc_prob_0.1_FC_0_8
55,4225.0,4,Male,mc_prob_0.1_FC_0_8
56,4125.0,5,Male,mc_prob_0.1_FC_0_8
57,3958.0,6,Male,mc_prob_0.1_FC_0_8
58,3897.0,7,Male,mc_prob_0.1_FC_0_8
59,3865.0,8,Male,mc_prob_0.1_FC_0_8
60,3824.0,9,Male,mc_prob_0.1_FC_0_8
61,3681.0,10,Male,mc_prob_0.1_FC_0_8
62,3707.0,11,Male,mc_prob_0.1_FC_0_8
63,3631.0,12,Male,mc_prob_0.1_FC_0_8
64,3599.0,13,Male,mc_prob_0.1_FC_0_8
65,3540.0,14,Male,mc_prob_0.1_FC_0_8
66,3324.0,15,Male,mc_prob_0.1_FC_0_8
67,2563.0,16,Male,mc_prob_0.1_FC_0_8
68,1372.0,17,Male,mc_prob_0.1_FC_0_8
69,544.0,18,Male,mc_prob_0.1_FC_0_8
70,363.0,19,Male,mc_prob_0.1_FC_0_8
71,162.0,20,Male,mc_prob_0.1_FC_0_8
72,28.0,21,Male,mc_prob_0.1_FC_0_8
73,18.0,22,Male,mc_prob_0.1_FC_0_8
74,0.0,23,Male,mc_prob_0.1_FC_0_8
75,0.0,24,Male,mc_prob_0.1_FC_0_8
76,0.0,25,Male,mc_prob_0.1_FC_0_8
77,0.0,26,Male,mc_prob_0.1_FC_0_8
78,0.0,27,Male,mc_prob_0.1_FC_0_8
79,0.0,28,Male,mc_prob_0.1_FC_0_8
80,0.0,29,Male,mc_prob_0.1_FC_0_8
81,0.0,30,Male,mc_prob_0.1_FC_0_8
82,0.0,31,Male,mc_prob_0.1_FC_0_8
83,0.0,32,Male,mc_prob_0.1_FC_0_8
84,0.0,33,Male,mc_prob_0.1_FC_0_8
85,0.0,34,Male,mc_prob_0.1_FC_0_8
86,0.0,35,Male,mc_prob_0.1_FC_0_8
87,0.0,36,Male,mc_prob_0.1_FC_0_8
88,0.0,37,Male,mc_prob_0.1_FC_0_8
89,0.0,38,Male,mc_prob_0.1_FC_0_8
90,0.0,39,Male,mc_prob_0.1_FC_0_8
91,0.0,40,Male,mc_prob_0.1_FC_0_8
92,0.0,41,Male,mc_prob_0.1_FC_0_8
93,0.0,42,Male,mc_prob_0.1_FC_0_8
94,0.0,43,Male,mc_prob_0.1_FC_0_8
95,0.0,44,Male,mc_prob_0.1_FC_0_8
96,0.0,45,Male,mc_prob_0.1_FC_0_8
97,0.0,46,Male,mc_prob_0.1_FC_0_8
98,0.0,47,Male,mc_prob_0.1_FC_0_8
99,0.0,48,Male,mc_prob_0.1_FC_0_8
100,0.0,49,Male,mc_prob_0.1_FC_0_8
101,0.0,50,Male,mc_prob_0.1_FC_0_8
,Count,Generation,Sex,Run
0,7000.0,0,Female,mc_prob_0.1_FC_0_9
1,4339.0,1,Female,mc_prob_0.1_FC_0_9
2,4224.0,2,Female,mc_prob_0.1_FC_0_9
3,4220.0,3,Female,mc_prob_0.1_FC_0_9
4,4099.0,4,Female,mc_prob_0.1_FC_0_9
5,3997.0,5,Female,mc_prob_0.1_FC_0_9
6,3903.0,6,Female,mc_prob_0.1_FC_0_9
7,3889.0,7,Female,mc_prob_0.1_FC_0_9
8,3809.0,8,Female,mc_prob_0.1_FC_0_9
9,3767.0,9,Female,mc_prob_0.1_FC_0_9
10,3841.0,10,Female,mc_prob_0.1_FC_0_9
11,3623.0,11,Female,mc_prob_0.1_FC_0_9
12,3442.0,12,Female,mc_prob_0.1_FC_0_9
13,3464.0,13,Female,mc_prob_0.1_FC_0_9
14,3379.0,14,Female,mc_prob_0.1_FC_0_9
15,2903.0,15,Female,mc_prob_0.1_FC_0_9
16,1895.0,16,Female,mc_prob_0.1_FC_0_9
17,923.0,17,Female,mc_prob_0.1_FC_0_9
18,294.0,18,Female,mc_prob_0.1_FC_0_9
19,45.0,19,Female,mc_prob_0.1_FC_0_9
20,16.0,20,Female,mc_prob_0.1_FC_0_9
21,0.0,21,Female,mc_prob_0.1_FC_0_9
22,0.0,22,Female,mc_prob_0.1_FC_0_9
23,0.0,23,Female,mc_prob_0.1_FC_0_9
24,0.0,24,Female,mc_prob_0.1_FC_0_9
25,0.0,25,Female,mc_prob_0.1_FC_0_9
26,0.0,26,Female,mc_prob_0.1_FC_0_9
27,0.0,27,Female,mc_prob_0.1_FC_0_9
28,0.0,28,Female,mc_prob_0.1_FC_0_9
29,0.0,29,Female,mc_prob_0.1_FC_0_9
30,0.0,30,Female,mc_prob_0.1_FC_0_9
31,0.0,31,Female,mc_prob_0.1_FC_0_9
32,0.0,32,Female,mc_prob_0.1_FC_0_9
33,0.0,33,Female,mc_prob_0.1_FC_0_9
34,0.0,34,Female,mc_prob_0.1_FC_0_9
35,0.0,35,Female,mc_prob_0.1_FC_0_9
36,0.0,36,Female,mc_prob_0.1_FC_0_9
37,0.0,37,Female,mc_prob_0.1_FC_0_9
38,0.0,38,Female,mc_prob_0.1_FC_0_9
39,0.0,39,Female,mc_prob_0.1_FC_0_9
40,0.0,40,Female,mc_prob_0.1_FC_0_9
41,0.0,41,Female,mc_prob_0.1_FC_0_9
42,0.0,42,Female,mc_prob_0.1_FC_0_9
43,0.0,43,Female,mc_prob_0.1_FC_0_9
44,0.0,44,Female,mc_prob_0.1_FC_0_9
45,0.0,45,Female,mc_prob_0.1_FC_0_9
46,0.0,46,Female,mc_prob_0.1_FC_0_9
47,0.0,47,Female,mc_prob_0.1_FC_0_9
48,0.0,48,Female,mc_prob_0.1_FC_0_9
49,0.0,49,Female,mc_prob_0.1_FC_0_9
50,0.0,50,Female,mc_prob_0.1_FC_0_9
51,5000.0,0,Male,mc_prob_0.1_FC_0_9
52,4418.0,1,Male,mc_prob_0.1_FC_0_9
53,4247.0,2,Male,mc_prob_0.1_FC_0_9
54,4256.0,3,Male,mc_prob_0.1_FC_0_9
55,4105.0,4,Male,mc_prob_0.1_FC_0_9
56,4100.0,5,Male,mc_prob_0.1_FC_0_9
57,3944.0,6,Male,mc_prob_0.1_FC_0_9
58,3904.0,7,Male,mc_prob_0.1_FC_0_9
59,3894.0,8,Male,mc_prob_0.1_FC_0_9
60,3773.0,9,Male,mc_prob_0.1_FC_0_9
61,3845.0,10,Male,mc_prob_0.1_FC_0_9
62,3651.0,11,Male,mc_prob_0.1_FC_0_9
63,3532.0,12,Male,mc_prob_0.1_FC_0_9
64,3570.0,13,Male,mc_prob_0.1_FC_0_9
65,3445.0,14,Male,mc_prob_0.1_FC_0_9
66,3000.0,15,Male,mc_prob_0.1_FC_0_9
67,1943.0,16,Male,mc_prob_0.1_FC_0_9
68,950.0,17,Male,mc_prob_0.1_FC_0_9
69,340.0,18,Male,mc_prob_0.1_FC_0_9
70,46.0,19,Male,mc_prob_0.1_FC_0_9
71,27.0,20,Male,mc_prob_0.1_FC_0_9
72,0.0,21,Male,mc_prob_0.1_FC_0_9
73,0.0,22,Male,mc_prob_0.1_FC_0_9
74,0.0,23,Male,mc_prob_0.1_FC_0_9
75,0.0,24,Male,mc_prob_0.1_FC_0_9
76,0.0,25,Male,mc_prob_0.1_FC_0_9
77,0.0,26,Male,mc_prob_0.1_FC_0_9
78,0.0,27,Male,mc_prob_0.1_FC_0_9
79,0.0,28,Male,mc_prob_0.1_FC_0_9
80,0.0,29,Male,mc_prob_0.1_FC_0_9
81,0.0,30,Male,mc_prob_0.1_FC_0_9
82,0.0,31,Male,mc_prob_0.1_FC_0_9
83,0.0,32,Male,mc_prob_0.1_FC_0_9
84,0.0,33,Male,mc_prob_0.1_FC_0_9
85,0.0,34,Male,mc_prob_0.1_FC_0_9
86,0.0,35,Male,mc_prob_0.1_FC_0_9
87,0.0,36,Male,mc_prob_0.1_FC_0_9
88,0.0,37,Male,mc_prob_0.1_FC_0_9
89,0.0,38,Male,mc_prob_0.1_FC_0_9
90,0.0,39,Male,mc_prob_0.1_FC_0_9
91,0.0,40,Male,mc_prob_0.1_FC_0_9
92,0.0,41,Male,mc_prob_0.1_FC_0_9
93,0.0,42,Male,mc_prob_0.1_FC_0_9
94,0.0,43,Male,mc_prob_0.1_FC_0_9
95,0.0,44,Male,mc_prob_0.1_FC_0_9
96,0.0,45,Male,mc_prob_0.1_FC_0_9
97,0.0,46,Male,mc_prob_0.1_FC_0_9
98,0.0,47,Male,mc_prob_0.1_FC_0_9
99,0.0,48,Male,mc_prob_0.1_FC_0_9
100,0.0,49,Male,mc_prob_0.1_FC_0_9
101,0.0,50,Male,mc_prob_0.1_FC_0_9
,Count,Generation,Sex,Run
0,7000.0,0,Female,mc_prob_0.1_FC_0_10
1,4273.0,1,Female,mc_prob_0.1_FC_0_10
2,4183.0,2,Female,mc_prob_0.1_FC_0_10
3,4166.0,3,Female,mc_prob_0.1_FC_0_10
4,4167.0,4,Female,mc_prob_0.1_FC_0_10
5,4137.0,5,Female,mc_prob_0.1_FC_0_10
6,4089.0,6,Female,mc_prob_0.1_FC_0_10
7,3815.0,7,Female,mc_prob_0.1_FC_0_10
8,3819.0,8,Female,mc_prob_0.1_FC_0_10
9,3768.0,9,Female,mc_prob_0.1_FC_0_10
10,3728.0,10,Female,mc_prob_0.1_FC_0_10
11,3602.0,11,Female,mc_prob_0.1_FC_0_10
12,3508.0,12,Female,mc_prob_0.1_FC_0_10
13,3514.0,13,Female,mc_prob_0.1_FC_0_10
14,3459.0,14,Female,mc_prob_0.1_FC_0_10
15,3374.0,15,Female,mc_prob_0.1_FC_0_10
16,2979.0,16,Female,mc_prob_0.1_FC_0_10
17,1895.0,17,Female,mc_prob_0.1_FC_0_10
18,878.0,18,Female,mc_prob_0.1_FC_0_10
19,265.0,19,Female,mc_prob_0.1_FC_0_10
20,48.0,20,Female,mc_prob_0.1_FC_0_10
21,0.0,21,Female,mc_prob_0.1_FC_0_10
22,0.0,22,Female,mc_prob_0.1_FC_0_10
23,0.0,23,Female,mc_prob_0.1_FC_0_10
24,0.0,24,Female,mc_prob_0.1_FC_0_10
25,0.0,25,Female,mc_prob_0.1_FC_0_10
26,0.0,26,Female,mc_prob_0.1_FC_0_10
27,0.0,27,Female,mc_prob_0.1_FC_0_10
28,0.0,28,Female,mc_prob_0.1_FC_0_10
29,0.0,29,Female,mc_prob_0.1_FC_0_10
30,0.0,30,Female,mc_prob_0.1_FC_0_10
31,0.0,31,Female,mc_prob_0.1_FC_0_10
32,0.0,32,Female,mc_prob_0.1_FC_0_10
33,0.0,33,Female,mc_prob_0.1_FC_0_10
34,0.0,34,Female,mc_prob_0.1_FC_0_10
35,0.0,35,Female,mc_prob_0.1_FC_0_10
36,0.0,36,Female,mc_prob_0.1_FC_0_10
37,0.0,37,Female,mc_prob_0.1_FC_0_10
38,0.0,38,Female,mc_prob_0.1_FC_0_10
39,0.0,39,Female,mc_prob_0.1_FC_0_10
40,0.0,40,Female,mc_prob_0.1_FC_0_10
41,0.0,41,Female,mc_prob_0.1_FC_0_10
42,0.0,42,Female,mc_prob_0.1_FC_0_10
43,0.0,43,Female,mc_prob_0.1_FC_0_10
44,0.0,44,Female,mc_prob_0.1_FC_0_10
45,0.0,45,Female,mc_prob_0.1_FC_0_10
46,0.0,46,Female,mc_prob_0.1_FC_0_10
47,0.0,47,Female,mc_prob_0.1_FC_0_10
48,0.0,48,Female,mc_prob_0.1_FC_0_10
49,0.0,49,Female,mc_prob_0.1_FC_0_10
50,0.0,50,Female,mc_prob_0.1_FC_0_10
51,5000.0,0,Male,mc_prob_0.1_FC_0_10
52,4337.0,1,Male,mc_prob_0.1_FC_0_10
53,4197.0,2,Male,mc_prob_0.1_FC_0_10
54,4228.0,3,Male,mc_prob_0.1_FC_0_10
55,4211.0,4,Male,mc_prob_0.1_FC_0_10
56,4148.0,5,Male,mc_prob_0.1_FC_0_10
57,4253.0,6,Male,mc_prob_0.1_FC_0_10
58,3937.0,7,Male,mc_prob_0.1_FC_0_10
59,3903.0,8,Male,mc_prob_0.1_FC_0_10
60,3776.0,9,Male,mc_prob_0.1_FC_0_10
61,3811.0,10,Male,mc_prob_0.1_FC_0_10
62,3605.0,11,Male,mc_prob_0.1_FC_0_10
63,3545.0,12,Male,mc_prob_0.1_FC_0_10
64,3522.0,13,Male,mc_prob_0.1_FC_0_10
65,3550.0,14,Male,mc_prob_0.1_FC_0_10
66,3417.0,15,Male,mc_prob_0.1_FC_0_10
67,3006.0,16,Male,mc_prob_0.1_FC_0_10
68,1932.0,17,Male,mc_prob_0.1_FC_0_10
69,881.0,18,Male,mc_prob_0.1_FC_0_10
70,270.0,19,Male,mc_prob_0.1_FC_0_10
71,62.0,20,Male,mc_prob_0.1_FC_0_10
72,0.0,21,Male,mc_prob_0.1_FC_0_10
73,0.0,22,Male,mc_prob_0.1_FC_0_10
74,0.0,23,Male,mc_prob_0.1_FC_0_10
75,0.0,24,Male,mc_prob_0.1_FC_0_10
76,0.0,25,Male,mc_prob_0.1_FC_0_10
77,0.0,26,Male,mc_prob_0.1_FC_0_10
78,0.0,27,Male,mc_prob_0.1_FC_0_10
79,0.0,28,Male,mc_prob_0.1_FC_0_10
80,0.0,29,Male,mc_prob_0.1_FC_0_10
81,0.0,30,Male,mc_prob_0.1_FC_0_10
82,0.0,31,Male,mc_prob_0.1_FC_0_10
83,0.0,32,Male,mc_prob_0.1_FC_0_10
84,0.0,33,Male,mc_prob_0.1_FC_0_10
85,0.0,34,Male,mc_prob_0.1_FC_0_10
86,0.0,35,Male,mc_prob_0.1_FC_0_10
87,0.0,36,Male,mc_prob_0.1_FC_0_10
88,0.0,37,Male,mc_prob_0.1_FC_0_10
89,0.0,38,Male,mc_prob_0.1_FC_0_10
90,0.0,39,Male,mc_prob_0.1_FC_0_10
91,0.0,40,Male,mc_prob_0.1_FC_0_10
92,0.0,41,Male,mc_prob_0.1_FC_0_10
93,0.0,42,Male,mc_prob_0.1_FC_0_10
94,0.0,43,Male,mc_prob_0.1_FC_0_10
95,0.0,44,Male,mc_prob_0.1_FC_0_10
96,0.0,45,Male,mc_prob_0.1_FC_0_10
97,0.0,46,Male,mc_prob_0.1_FC_0_10
98,0.0,47,Male,mc_prob_0.1_FC_0_10
99,0.0,48,Male,mc_prob_0.1_FC_0_10
100,0.0,49,Male,mc_prob_0.1_FC_0_10
101,0.0,50,Male,mc_prob_0.1_FC_0_10
,Count,Generation,Sex,Run
0,7000.0,0,Female,mc_prob_0.1_FC_0.05_1
1,4173.0,1,Female,mc_prob_0.1_FC_0.05_1
2,4077.0,2,Female,mc_prob_0.1_FC_0.05_1
3,4170.0,3,Female,mc_prob_0.1_FC_0.05_1
4,4139.0,4,Female,mc_prob_0.1_FC_0.05_1
5,4132.0,5,Female,mc_prob_0.1_FC_0.05_1
6,4052.0,6,Female,mc_prob_0.1_FC_0.05_1
7,4049.0,7,Female,mc_prob_0.1_FC_0.05_1
8,4103.0,8,Female,mc_prob_0.1_FC_0.05_1
9,4087.0,9,Female,mc_prob_0.1_FC_0.05_1
10,4041.0,10,Female,mc_prob_0.1_FC_0.05_1
11,3978.0,11,Female,mc_prob_0.1_FC_0.05_1
12,3929.0,12,Female,mc_prob_0.1_FC_0.05_1
13,3807.0,13,Female,mc_prob_0.1_FC_0.05_1
14,3724.0,14,Female,mc_prob_0.1_FC_0.05_1
15,3736.0,15,Female,mc_prob_0.1_FC_0.05_1
16,3693.0,16,Female,mc_prob_0.1_FC_0.05_1
17,3577.0,17,Female,mc_prob_0.1_FC_0.05_1
18,3316.0,18,Female,mc_prob_0.1_FC_0.05_1
19,3294.0,19,Female,mc_prob_0.1_FC_0.05_1
20,3319.0,20,Female,mc_prob_0.1_FC_0.05_1
21,3277.0,21,Female,mc_prob_0.1_FC_0.05_1
22,2827.0,22,Female,mc_prob_0.1_FC_0.05_1
23,2095.0,23,Female,mc_prob_0.1_FC_0.05_1
24,926.0,24,Female,mc_prob_0.1_FC_0.05_1
25,371.0,25,Female,mc_prob_0.1_FC_0.05_1
26,163.0,26,Female,mc_prob_0.1_FC_0.05_1
27,22.0,27,Female,mc_prob_0.1_FC_0.05_1
28,12.0,28,Female,mc_prob_0.1_FC_0.05_1
29,0.0,29,Female,mc_prob_0.1_FC_0.05_1
30,0.0,30,Female,mc_prob_0.1_FC_0.05_1
31,0.0,31,Female,mc_prob_0.1_FC_0.05_1
32,0.0,32,Female,mc_prob_0.1_FC_0.05_1
33,0.0,33,Female,mc_prob_0.1_FC_0.05_1
34,0.0,34,Female,mc_prob_0.1_FC_0.05_1
35,0.0,35,Female,mc_prob_0.1_FC_0.05_1
36,0.0,36,Female,mc_prob_0.1_FC_0.05_1
37,0.0,37,Female,mc_prob_0.1_FC_0.05_1
38,0.0,38,Female,mc_prob_0.1_FC_0.05_1
39,0.0,39,Female,mc_prob_0.1_FC_0.05_1
40,0.0,40,Female,mc_prob_0.1_FC_0.05_1
41,0.0,41,Female,mc_prob_0.1_FC_0.05_1
42,0.0,42,Female,mc_prob_0.1_FC_0.05_1
43,0.0,43,Female,mc_prob_0.1_FC_0.05_1
44,0.0,44,Female,mc_prob_0.1_FC_0.05_1
45,0.0,45,Female,mc_prob_0.1_FC_0.05_1
46,0.0,46,Female,mc_prob_0.1_FC_0.05_1
47,0.0,47,Female,mc_prob_0.1_FC_0.05_1
48,0.0,48,Female,mc_prob_0.1_FC_0.05_1
49,0.0,49,Female,mc_prob_0.1_FC_0.05_1
50,0.0,50,Female,mc_prob_0.1_FC_0.05_1
51,5000.0,0,Male,mc_prob_0.1_FC_0.05_1
52,4364.0,1,Male,mc_prob_0.1_FC_0.05_1
53,4111.0,2,Male,mc_prob_0.1_FC_0.05_1
54,4216.0,3,Male,mc_prob_0.1_FC_0.05_1
55,4210.0,4,Male,mc_prob_0.1_FC_0.05_1
56,4134.0,5,Male,mc_prob_0.1_FC_0.05_1
57,4213.0,6,Male,mc_prob_0.1_FC_0.05_1
58,4050.0,7,Male,mc_prob_0.1_FC_0.05_1
59,4103.0,8,Male,mc_prob_0.1_FC_0.05_1
60,4126.0,9,Male,mc_prob_0.1_FC_0.05_1
61,4090.0,10,Male,mc_prob_0.1_FC_0.05_1
62,4011.0,11,Male,mc_prob_0.1_FC_0.05_1
63,3935.0,12,Male,mc_prob_0.1_FC_0.05_1
64,3892.0,13,Male,mc_prob_0.1_FC_0.05_1
65,3732.0,14,Male,mc_prob_0.1_FC_0.05_1
66,3746.0,15,Male,mc_prob_0.1_FC_0.05_1
67,3706.0,16,Male,mc_prob_0.1_FC_0.05_1
68,3598.0,17,Male,mc_prob_0.1_FC_0.05_1
69,3426.0,18,Male,mc_prob_0.1_FC_0.05_1
70,3322.0,19,Male,mc_prob_0.1_FC_0.05_1
71,3322.0,20,Male,mc_prob_0.1_FC_0.05_1
72,3427.0,21,Male,mc_prob_0.1_FC_0.05_1
73,2860.0,22,Male,mc_prob_0.1_FC_0.05_1
74,2105.0,23,Male,mc_prob_0.1_FC_0.05_1
75,932.0,24,Male,mc_prob_0.1_FC_0.05_1
76,379.0,25,Male,mc_prob_0.1_FC_0.05_1
77,194.0,26,Male,mc_prob_0.1_FC_0.05_1
78,32.0,27,Male,mc_prob_0.1_FC_0.05_1
79,15.0,28,Male,mc_prob_0.1_FC_0.05_1
80,0.0,29,Male,mc_prob_0.1_FC_0.05_1
81,0.0,30,Male,mc_prob_0.1_FC_0.05_1
82,0.0,31,Male,mc_prob_0.1_FC_0.05_1
83,0.0,32,Male,mc_prob_0.1_FC_0.05_1
84,0.0,33,Male,mc_prob_0.1_FC_0.05_1
85,0.0,34,Male,mc_prob_0.1_FC_0.05_1
86,0.0,35,Male,mc_prob_0.1_FC_0.05_1
87,0.0,36,Male,mc_prob_0.1_FC_0.05_1
88,0.0,37,Male,mc_prob_0.1_FC_0.05_1
89,0.0,38,Male,mc_prob_0.1_FC_0.05_1
90,0.0,39,Male,mc_prob_0.1_FC_0.05_1
91,0.0,40,Male,mc_prob_0.1_FC_0.05_1
92,0.0,41,Male,mc_prob_0.1_FC_0.05_1
93,0.0,42,Male,mc_prob_0.1_FC_0.05_1
94,0.0,43,Male,mc_prob_0.1_FC_0.05_1
95,0.0,44,Male,mc_prob_0.1_FC_0.05_1
96,0.0,45,Male,mc_prob_0.1_FC_0.05_1
97,0.0,46,Male,mc_prob_0.1_FC_0.05_1
98,0.0,47,Male,mc_prob_0.1_FC_0.05_1
99,0.0,48,Male,mc_prob_0.1_FC_0.05_1
100,0.0,49,Male,mc_prob_0.1_FC_0.05_1
101,0.0,50,Male,mc_prob_0.1_FC_0.05_1
,Count,Generation,Sex,Run
0,7000.0,0,Female,mc_prob_0.1_FC_0.05_2
1,4223.0,1,Female,mc_prob_0.1_FC_0.05_2
2,4126.0,2,Female,mc_prob_0.1_FC_0.05_2
3,4222.0,3,Female,mc_prob_0.1_FC_0.05_2
4,3955.0,4,Female,mc_prob_0.1_FC_0.05_2
5,3953.0,5,Female,mc_prob_0.1_FC_0.05_2
6,4084.0,6,Female,mc_prob_0.1_FC_0.05_2
7,3967.0,7,Female,mc_prob_0.1_FC_0.05_2
8,3740.0,8,Female,mc_prob_0.1_FC_0.05_2
9,3899.0,9,Female,mc_prob_0.1_FC_0.05_2
10,3870.0,10,Female,mc_prob_0.1_FC_0.05_2
11,3658.0,11,Female,mc_prob_0.1_FC_0.05_2
12,3738.0,12,Female,mc_prob_0.1_FC_0.05_2
13,3612.0,13,Female,mc_prob_0.1_FC_0.05_2
14,3466.0,14,Female,mc_prob_0.1_FC_0.05_2
15,3593.0,15,Female,mc_prob_0.1_FC_0.05_2
16,3490.0,16,Female,mc_prob_0.1_FC_0.05_2
17,3406.0,17,Female,mc_prob_0.1_FC_0.05_2
18,3389.0,18,Female,mc_prob_0.1_FC_0.05_2
19,3346.0,19,Female,mc_prob_0.1_FC_0.05_2
20,3269.0,20,Female,mc_prob_0.1_FC_0.05_2
21,2958.0,21,Female,mc_prob_0.1_FC_0.05_2
22,1938.0,22,Female,mc_prob_0.1_FC_0.05_2
23,769.0,23,Female,mc_prob_0.1_FC_0.05_2
24,319.0,24,Female,mc_prob_0.1_FC_0.05_2
25,91.0,25,Female,mc_prob_0.1_FC_0.05_2
26,23.0,26,Female,mc_prob_0.1_FC_0.05_2
27,0.0,27,Female,mc_prob_0.1_FC_0.05_2
28,0.0,28,Female,mc_prob_0.1_FC_0.05_2
29,0.0,29,Female,mc_prob_0.1_FC_0.05_2
30,0.0,30,Female,mc_prob_0.1_FC_0.05_2
31,0.0,31,Female,mc_prob_0.1_FC_0.05_2
32,0.0,32,Female,mc_prob_0.1_FC_0.05_2
33,0.0,33,Female,mc_prob_0.1_FC_0.05_2
34,0.0,34,Female,mc_prob_0.1_FC_0.05_2
35,0.0,35,Female,mc_prob_0.1_FC_0.05_2
36,0.0,36,Female,mc_prob_0.1_FC_0.05_2
37,0.0,37,Female,mc_prob_0.1_FC_0.05_2
38,0.0,38,Female,mc_prob_0.1_FC_0.05_2
39,0.0,39,Female,mc_prob_0.1_FC_0.05_2
40,0.0,40,Female,mc_prob_0.1_FC_0.05_2
41,0.0,41,Female,mc_prob_0.1_FC_0.05_2
42,0.0,42,Female,mc_prob_0.1_FC_0.05_2
43,0.0,43,Female,mc_prob_0.1_FC_0.05_2
44,0.0,44,Female,mc_prob_0.1_FC_0.05_2
45,0.0,45,Female,mc_prob_0.1_FC_0.05_2
46,0.0,46,Female,mc_prob_0.1_FC_0.05_2
47,0.0,47,Female,mc_prob_0.1_FC_0.05_2
48,0.0,48,Female,mc_prob_0.1_FC_0.05_2
49,0.0,49,Female,mc_prob_0.1_FC_0.05_2
50,0.0,50,Female,mc_prob_0.1_FC_0.05_2
51,5000.0,0,Male,mc_prob_0.1_FC_0.05_2
52,4273.0,1,Male,mc_prob_0.1_FC_0.05_2
53,4182.0,2,Male,mc_prob_0.1_FC_0.05_2
54,4252.0,3,Male,mc_prob_0.1_FC_0.05_2
55,4153.0,4,Male,mc_prob_0.1_FC_0.05_2
56,3977.0,5,Male,mc_prob_0.1_FC_0.05_2
57,4108.0,6,Male,mc_prob_0.1_FC_0.05_2
58,4156.0,7,Male,mc_prob_0.1_FC_0.05_2
59,3943.0,8,Male,mc_prob_0.1_FC_0.05_2
60,3915.0,9,Male,mc_prob_0.1_FC_0.05_2
61,3983.0,10,Male,mc_prob_0.1_FC_0.05_2
62,3779.0,11,Male,mc_prob_0.1_FC_0.05_2
63,3847.0,12,Male,mc_prob_0.1_FC_0.05_2
64,3822.0,13,Male,mc_prob_0.1_FC_0.05_2
65,3671.0,14,Male,mc_prob_0.1_FC_0.05_2
66,3619.0,15,Male,mc_prob_0.1_FC_0.05_2
67,3546.0,16,Male,mc_prob_0.1_FC_0.05_2
68,3417.0,17,Male,mc_prob_0.1_FC_0.05_2
69,3401.0,18,Male,mc_prob_0.1_FC_0.05_2
70,3383.0,19,Male,mc_prob_0.1_FC_0.05_2
71,3285.0,20,Male,mc_prob_0.1_FC_0.05_2
72,3075.0,21,Male,mc_prob_0.1_FC_0.05_2
73,1975.0,22,Male,mc_prob_0.1_FC_0.05_2
74,802.0,23,Male,mc_prob_0.1_FC_0.05_2
75,345.0,24,Male,mc_prob_0.1_FC_0.05_2
76,95.0,25,Male,mc_prob_0.1_FC_0.05_2
77,24.0,26,Male,mc_prob_0.1_FC_0.05_2
78,0.0,27,Male,mc_prob_0.1_FC_0.05_2
79,0.0,28,Male,mc_prob_0.1_FC_0.05_2
80,0.0,29,Male,mc_prob_0.1_FC_0.05_2
81,0.0,30,Male,mc_prob_0.1_FC_0.05_2
82,0.0,31,Male,mc_prob_0.1_FC_0.05_2
83,0.0,32,Male,mc_prob_0.1_FC_0.05_2
84,0.0,33,Male,mc_prob_0.1_FC_0.05_2
85,0.0,34,Male,mc_prob_0.1_FC_0.05_2
86,0.0,35,Male,mc_prob_0.1_FC_0.05_2
87,0.0,36,Male,mc_prob_0.1_FC_0.05_2
88,0.0,37,Male,mc_prob_0.1_FC_0.05_2
89,0.0,38,Male,mc_prob_0.1_FC_0.05_2
90,0.0,39,Male,mc_prob_0.1_FC_0.05_2
91,0.0,40,Male,mc_prob_0.1_FC_0.05_2
92,0.0,41,Male,mc_prob_0.1_FC_0.05_2
93,0.0,42,Male,mc_prob_0.1_FC_0.05_2
94,0.0,43,Male,mc_prob_0.1_FC_0.05_2
95,0.0,44,Male,mc_prob_0.1_FC_0.05_2
96,0.0,45,Male,mc_prob_0.1_FC_0.05_2
97,0.0,46,Male,mc_prob_0.1_FC_0.05_2
98,0.0,47,Male,mc_prob_0.1_FC_0.05_2
99,0.0,48,Male,mc_prob_0.1_FC_0.05_2
100,0.0,49,Male,mc_prob_0.1_FC_0.05_2
101,0.0,50,Male,mc_prob_0.1_FC_0.05_2
,Count,Generation,Sex,Run
0,7000.0,0,Female,mc_prob_0.1_FC_0.05_3
1,4148.0,1,Female,mc_prob_0.1_FC_0.05_3
2,4053.0,2,Female,mc_prob_0.1_FC_0.05_3
3,4072.0,3,Female,mc_prob_0.1_FC_0.05_3
4,4190.0,4,Female,mc_prob_0.1_FC_0.05_3
5,4267.0,5,Female,mc_prob_0.1_FC_0.05_3
6,4049.0,6,Female,mc_prob_0.1_FC_0.05_3
7,3887.0,7,Female,mc_prob_0.1_FC_0.05_3
8,3932.0,8,Female,mc_prob_0.1_FC_0.05_3
9,3972.0,9,Female,mc_prob_0.1_FC_0.05_3
10,3923.0,10,Female,mc_prob_0.1_FC_0.05_3
11,3854.0,11,Female,mc_prob_0.1_FC_0.05_3
12,3796.0,12,Female,mc_prob_0.1_FC_0.05_3
13,3613.0,13,Female,mc_prob_0.1_FC_0.05_3
14,3567.0,14,Female,mc_prob_0.1_FC_0.05_3
15,3478.0,15,Female,mc_prob_0.1_FC_0.05_3
16,3476.0,16,Female,mc_prob_0.1_FC_0.05_3
17,3314.0,17,Female,mc_prob_0.1_FC_0.05_3
18,3344.0,18,Female,mc_prob_0.1_FC_0.05_3
19,3243.0,19,Female,mc_prob_0.1_FC_0.05_3
20,3213.0,20,Female,mc_prob_0.1_FC_0.05_3
21,2989.0,21,Female,mc_prob_0.1_FC_0.05_3
22,2387.0,22,Female,mc_prob_0.1_FC_0.05_3
23,1087.0,23,Female,mc_prob_0.1_FC_0.05_3
24,248.0,24,Female,mc_prob_0.1_FC_0.05_3
25,55.0,25,Female,mc_prob_0.1_FC_0.05_3
26,8.0,26,Female,mc_prob_0.1_FC_0.05_3
27,0.0,27,Female,mc_prob_0.1_FC_0.05_3
28,0.0,28,Female,mc_prob_0.1_FC_0.05_3
29,0.0,29,Female,mc_prob_0.1_FC_0.05_3
30,0.0,30,Female,mc_prob_0.1_FC_0.05_3
31,0.0,31,Female,mc_prob_0.1_FC_0.05_3
32,0.0,32,Female,mc_prob_0.1_FC_0.05_3
33,0.0,33,Female,mc_prob_0.1_FC_0.05_3
34,0.0,34,Female,mc_prob_0.1_FC_0.05_3
35,0.0,35,Female,mc_prob_0.1_FC_0.05_3
36,0.0,36,Female,mc_prob_0.1_FC_0.05_3
37,0.0,37,Female,mc_prob_0.1_FC_0.05_3
38,0.0,38,Female,mc_prob_0.1_FC_0.05_3
39,0.0,39,Female,mc_prob_0.1_FC_0.05_3
40,0.0,40,Female,mc_prob_0.1_FC_0.05_3
41,0.0,41,Female,mc_prob_0.1_FC_0.05_3
42,0.0,42,Female,mc_prob_0.1_FC_0.05_3
43,0.0,43,Female,mc_prob_0.1_FC_0.05_3
44,0.0,44,Female,mc_prob_0.1_FC_0.05_3
45,0.0,45,Female,mc_prob_0.1_FC_0.05_3
46,0.0,46,Female,mc_prob_0.1_FC_0.05_3
47,0.0,47,Female,mc_prob_0.1_FC_0.05_3
48,0.0,48,Female,mc_prob_0.1_FC_0.05_3
49,0.0,49,Female,mc_prob_0.1_FC_0.05_3
50,0.0,50,Female,mc_prob_0.1_FC_0.05_3
51,5000.0,0,Male,mc_prob_0.1_FC_0.05_3
52,4355.0,1,Male,mc_prob_0.1_FC_0.05_3
53,4067.0,2,Male,mc_prob_0.1_FC_0.05_3
54,4098.0,3,Male,mc_prob_0.1_FC_0.05_3
55,4344.0,4,Male,mc_prob_0.1_FC_0.05_3
56,4278.0,5,Male,mc_prob_0.1_FC_0.05_3
57,4232.0,6,Male,mc_prob_0.1_FC_0.05_3
58,3993.0,7,Male,mc_prob_0.1_FC_0.05_3
59,3975.0,8,Male,mc_prob_0.1_FC_0.05_3
60,3987.0,9,Male,mc_prob_0.1_FC_0.05_3
61,4007.0,10,Male,mc_prob_0.1_FC_0.05_3
62,3881.0,11,Male,mc_prob_0.1_FC_0.05_3
63,3839.0,12,Male,mc_prob_0.1_FC_0.05_3
64,3641.0,13,Male,mc_prob_0.1_FC_0.05_3
65,3690.0,14,Male,mc_prob_0.1_FC_0.05_3
66,3616.0,15,Male,mc_prob_0.1_FC_0.05_3
67,3516.0,16,Male,mc_prob_0.1_FC_0.05_3
68,3437.0,17,Male,mc_prob_0.1_FC_0.05_3
69,3355.0,18,Male,mc_prob_0.1_FC_0.05_3
70,3392.0,19,Male,mc_prob_0.1_FC_0.05_3
71,3277.0,20,Male,mc_prob_0.1_FC_0.05_3
72,3113.0,21,Male,mc_prob_0.1_FC_0.05_3
73,2390.0,22,Male,mc_prob_0.1_FC_0.05_3
74,1149.0,23,Male,mc_prob_0.1_FC_0.05_3
75,279.0,24,Male,mc_prob_0.1_FC_0.05_3
76,59.0,25,Male,mc_prob_0.1_FC_0.05_3
77,9.0,26,Male,mc_prob_0.1_FC_0.05_3
78,0.0,27,Male,mc_prob_0.1_FC_0.05_3
79,0.0,28,Male,mc_prob_0.1_FC_0.05_3
80,0.0,29,Male,mc_prob_0.1_FC_0.05_3
81,0.0,30,Male,mc_prob_0.1_FC_0.05_3
82,0.0,31,Male,mc_prob_0.1_FC_0.05_3
83,0.0,32,Male,mc_prob_0.1_FC_0.05_3
84,0.0,33,Male,mc_prob_0.1_FC_0.05_3
85,0.0,34,Male,mc_prob_0.1_FC_0.05_3
86,0.0,35,Male,mc_prob_0.1_FC_0.05_3
87,0.0,36,Male,mc_prob_0.1_FC_0.05_3
88,0.0,37,Male,mc_prob_0.1_FC_0.05_3
89,0.0,38,Male,mc_prob_0.1_FC_0.05_3
90,0.0,39,Male,mc_prob_0.1_FC_0.05_3
91,0.0,40,Male,mc_prob_0.1_FC_0.05_3
92,0.0,41,Male,mc_prob_0.1_FC_0.05_3
93,0.0,42,Male,mc_prob_0.1_FC_0.05_3
94,0.0,43,Male,mc_prob_0.1_FC_0.05_3
95,0.0,44,Male,mc_prob_0.1_FC_0.05_3
96,0.0,45,Male,mc_prob_0.1_FC_0.05_3
97,0.0,46,Male,mc_prob_0.1_FC_0.05_3
98,0.0,47,Male,mc_prob_0.1_FC_0.05_3
99,0.0,48,Male,mc_prob_0.1_FC_0.05_3
100,0.0,49,Male,mc_prob_0.1_FC_0.05_3
101,0.0,50,Male,mc_prob_0.1_FC_0.05_3
,Count,Generation,Sex,Run
0,7000.0,0,Female,mc_prob_0.1_FC_0.05_4
1,4128.0,1,Female,mc_prob_0.1_FC_0.05_4
2,4267.0,2,Female,mc_prob_0.1_FC_0.05_4
3,4175.0,3,Female,mc_prob_0.1_FC_0.05_4
4,4154.0,4,Female,mc_prob_0.1_FC_0.05_4
5,4293.0,5,Female,mc_prob_0.1_FC_0.05_4
6,4186.0,6,Female,mc_prob_0.1_FC_0.05_4
7,4197.0,7,Female,mc_prob_0.1_FC_0.05_4
8,4006.0,8,Female,mc_prob_0.1_FC_0.05_4
9,3983.0,9,Female,mc_prob_0.1_FC_0.05_4
10,4042.0,10,Female,mc_prob_0.1_FC_0.05_4
11,3984.0,11,Female,mc_prob_0.1_FC_0.05_4
12,3897.0,12,Female,mc_prob_0.1_FC_0.05_4
13,3947.0,13,Female,mc_prob_0.1_FC_0.05_4
14,3741.0,14,Female,mc_prob_0.1_FC_0.05_4
15,3824.0,15,Female,mc_prob_0.1_FC_0.05_4
16,3709.0,16,Female,mc_prob_0.1_FC_0.05_4
17,3655.0,17,Female,mc_prob_0.1_FC_0.05_4
18,3502.0,18,Female,mc_prob_0.1_FC_0.05_4
19,3388.0,19,Female,mc_prob_0.1_FC_0.05_4
20,3515.0,20,Female,mc_prob_0.1_FC_0.05_4
21,3335.0,21,Female,mc_prob_0.1_FC_0.05_4
22,3192.0,22,Female,mc_prob_0.1_FC_0.05_4
23,3151.0,23,Female,mc_prob_0.1_FC_0.05_4
24,2763.0,24,Female,mc_prob_0.1_FC_0.05_4
25,1616.0,25,Female,mc_prob_0.1_FC_0.05_4
26,608.0,26,Female,mc_prob_0.1_FC_0.05_4
27,302.0,27,Female,mc_prob_0.1_FC_0.05_4
28,25.0,28,Female,mc_prob_0.1_FC_0.05_4
29,11.0,29,Female,mc_prob_0.1_FC_0.05_4
30,11.0,30,Female,mc_prob_0.1_FC_0.05_4
31,0.0,31,Female,mc_prob_0.1_FC_0.05_4
32,0.0,32,Female,mc_prob_0.1_FC_0.05_4
33,0.0,33,Female,mc_prob_0.1_FC_0.05_4
34,0.0,34,Female,mc_prob_0.1_FC_0.05_4
35,0.0,35,Female,mc_prob_0.1_FC_0.05_4
36,0.0,36,Female,mc_prob_0.1_FC_0.05_4
37,0.0,37,Female,mc_prob_0.1_FC_0.05_4
38,0.0,38,Female,mc_prob_0.1_FC_0.05_4
39,0.0,39,Female,mc_prob_0.1_FC_0.05_4
40,0.0,40,Female,mc_prob_0.1_FC_0.05_4
41,0.0,41,Female,mc_prob_0.1_FC_0.05_4
42,0.0,42,Female,mc_prob_0.1_FC_0.05_4
43,0.0,43,Female,mc_prob_0.1_FC_0.05_4
44,0.0,44,Female,mc_prob_0.1_FC_0.05_4
45,0.0,45,Female,mc_prob_0.1_FC_0.05_4
46,0.0,46,Female,mc_prob_0.1_FC_0.05_4
47,0.0,47,Female,mc_prob_0.1_FC_0.05_4
48,0.0,48,Female,mc_prob_0.1_FC_0.05_4
49,0.0,49,Female,mc_prob_0.1_FC_0.05_4
50,0.0,50,Female,mc_prob_0.1_FC_0.05_4
51,5000.0,0,Male,mc_prob_0.1_FC_0.05_4
52,4236.0,1,Male,mc_prob_0.1_FC_0.05_4
53,4293.0,2,Male,mc_prob_0.1_FC_0.05_4
54,4274.0,3,Male,mc_prob_0.1_FC_0.05_4
55,4160.0,4,Male,mc_prob_0.1_FC_0.05_4
56,4297.0,5,Male,mc_prob_0.1_FC_0.05_4
57,4193.0,6,Male,mc_prob_0.1_FC_0.05_4
58,4254.0,7,Male,mc_prob_0.1_FC_0.05_4
59,4145.0,8,Male,mc_prob_0.1_FC_0.05_4
60,4020.0,9,Male,mc_prob_0.1_FC_0.05_4
61,4068.0,10,Male,mc_prob_0.1_FC_0.05_4
62,4004.0,11,Male,mc_prob_0.1_FC_0.05_4
63,3915.0,12,Male,mc_prob_0.1_FC_0.05_4
64,3977.0,13,Male,mc_prob_0.1_FC_0.05_4
65,3801.0,14,Male,mc_prob_0.1_FC_0.05_4
66,3849.0,15,Male,mc_prob_0.1_FC_0.05_4
67,3823.0,16,Male,mc_prob_0.1_FC_0.05_4
68,3671.0,17,Male,mc_prob_0.1_FC_0.05_4
69,3576.0,18,Male,mc_prob_0.1_FC_0.05_4
70,3452.0,19,Male,mc_prob_0.1_FC_0.05_4
71,3517.0,20,Male,mc_prob_0.1_FC_0.05_4
72,3460.0,21,Male,mc_prob_0.1_FC_0.05_4
73,3307.0,22,Male,mc_prob_0.1_FC_0.05_4
74,3248.0,23,Male,mc_prob_0.1_FC_0.05_4
75,2800.0,24,Male,mc_prob_0.1_FC_0.05_4
76,1647.0,25,Male,mc_prob_0.1_FC_0.05_4
77,655.0,26,Male,mc_prob_0.1_FC_0.05_4
78,322.0,27,Male,mc_prob_0.1_FC_0.05_4
79,30.0,28,Male,mc_prob_0.1_FC_0.05_4
80,11.0,29,Male,mc_prob_0.1_FC_0.05_4
81,11.0,30,Male,mc_prob_0.1_FC_0.05_4
82,0.0,31,Male,mc_prob_0.1_FC_0.05_4
83,0.0,32,Male,mc_prob_0.1_FC_0.05_4
84,0.0,33,Male,mc_prob_0.1_FC_0.05_4
85,0.0,34,Male,mc_prob_0.1_FC_0.05_4
86,0.0,35,Male,mc_prob_0.1_FC_0.05_4
87,0.0,36,Male,mc_prob_0.1_FC_0.05_4
88,0.0,37,Male,mc_prob_0.1_FC_0.05_4
89,0.0,38,Male,mc_prob_0.1_FC_0.05_4
90,0.0,39,Male,mc_prob_0.1_FC_0.05_4
91,0.0,40,Male,mc_prob_0.1_FC_0.05_4
92,0.0,41,Male,mc_prob_0.1_FC_0.05_4
93,0.0,42,Male,mc_prob_0.1_FC_0.05_4
94,0.0,43,Male,mc_prob_0.1_FC_0.05_4
95,0.0,44,Male,mc_prob_0.1_FC_0.05_4
96,0.0,45,Male,mc_prob_0.1_FC_0.05_4
97,0.0,46,Male,mc_prob_0.1_FC_0.05_4
98,0.0,47,Male,mc_prob_0.1_FC_0.05_4
99,0.0,48,Male,mc_prob_0.1_FC_0.05_4
100,0.0,49,Male,mc_prob_0.1_FC_0.05_4
101,0.0,50,Male,mc_prob_0.1_FC_0.05_4
,Count,Generation,Sex,Run
0,7000.0,0,Female,mc_prob_0.1_FC_0.05_5
1,4141.0,1,Female,mc_prob_0.1_FC_0.05_5
2,4133.0,2,Female,mc_prob_0.1_FC_0.05_5
3,4149.0,3,Female,mc_prob_0.1_FC_0.05_5
4,4082.0,4,Female,mc_prob_0.1_FC_0.05_5
5,4225.0,5,Female,mc_prob_0.1_FC_0.05_5
6,4217.0,6,Female,mc_prob_0.1_FC_0.05_5
7,4163.0,7,Female,mc_prob_0.1_FC_0.05_5
8,4080.0,8,Female,mc_prob_0.1_FC_0.05_5
9,3965.0,9,Female,mc_prob_0.1_FC_0.05_5
10,3915.0,10,Female,mc_prob_0.1_FC_0.05_5
11,3941.0,11,Female,mc_prob_0.1_FC_0.05_5
12,3959.0,12,Female,mc_prob_0.1_FC_0.05_5
13,3854.0,13,Female,mc_prob_0.1_FC_0.05_5
14,3904.0,14,Female,mc_prob_0.1_FC_0.05_5
15,3809.0,15,Female,mc_prob_0.1_FC_0.05_5
16,3813.0,16,Female,mc_prob_0.1_FC_0.05_5
17,3640.0,17,Female,mc_prob_0.1_FC_0.05_5
18,3553.0,18,Female,mc_prob_0.1_FC_0.05_5
19,3631.0,19,Female,mc_prob_0.1_FC_0.05_5
20,3446.0,20,Female,mc_prob_0.1_FC_0.05_5
21,3470.0,21,Female,mc_prob_0.1_FC_0.05_5
22,3253.0,22,Female,mc_prob_0.1_FC_0.05_5
23,3214.0,23,Female,mc_prob_0.1_FC_0.05_5
24,3114.0,24,Female,mc_prob_0.1_FC_0.05_5
25,2427.0,25,Female,mc_prob_0.1_FC_0.05_5
26,1419.0,26,Female,mc_prob_0.1_FC_0.05_5
27,521.0,27,Female,mc_prob_0.1_FC_0.05_5
28,91.0,28,Female,mc_prob_0.1_FC_0.05_5
29,20.0,29,Female,mc_prob_0.1_FC_0.05_5
30,6.0,30,Female,mc_prob_0.1_FC_0.05_5
31,0.0,31,Female,mc_prob_0.1_FC_0.05_5
32,0.0,32,Female,mc_prob_0.1_FC_0.05_5
33,0.0,33,Female,mc_prob_0.1_FC_0.05_5
34,0.0,34,Female,mc_prob_0.1_FC_0.05_5
35,0.0,35,Female,mc_prob_0.1_FC_0.05_5
36,0.0,36,Female,mc_prob_0.1_FC_0.05_5
37,0.0,37,Female,mc_prob_0.1_FC_0.05_5
38,0.0,38,Female,mc_prob_0.1_FC_0.05_5
39,0.0,39,Female,mc_prob_0.1_FC_0.05_5
40,0.0,40,Female,mc_prob_0.1_FC_0.05_5
41,0.0,41,Female,mc_prob_0.1_FC_0.05_5
42,0.0,42,Female,mc_prob_0.1_FC_0.05_5
43,0.0,43,Female,mc_prob_0.1_FC_0.05_5
44,0.0,44,Female,mc_prob_0.1_FC_0.05_5
45,0.0,45,Female,mc_prob_0.1_FC_0.05_5
46,0.0,46,Female,mc_prob_0.1_FC_0.05_5
47,0.0,47,Female,mc_prob_0.1_FC_0.05_5
48,0.0,48,Female,mc_prob_0.1_FC_0.05_5
49,0.0,49,Female,mc_prob_0.1_FC_0.05_5
50,0.0,50,Female,mc_prob_0.1_FC_0.05_5
51,5000.0,0,Male,mc_prob_0.1_FC_0.05_5
52,4218.0,1,Male,mc_prob_0.1_FC_0.05_5
53,4182.0,2,Male,mc_prob_0.1_FC_0.05_5
54,4155.0,3,Male,mc_prob_0.1_FC_0.05_5
55,4127.0,4,Male,mc_prob_0.1_FC_0.05_5
56,4232.0,5,Male,mc_prob_0.1_FC_0.05_5
57,4228.0,6,Male,mc_prob_0.1_FC_0.05_5
58,4208.0,7,Male,mc_prob_0.1_FC_0.05_5
59,4174.0,8,Male,mc_prob_0.1_FC_0.05_5
60,4161.0,9,Male,mc_prob_0.1_FC_0.05_5
61,3975.0,10,Male,mc_prob_0.1_FC_0.05_5
62,3946.0,11,Male,mc_prob_0.1_FC_0.05_5
63,4047.0,12,Male,mc_prob_0.1_FC_0.05_5
64,3899.0,13,Male,mc_prob_0.1_FC_0.05_5
65,4004.0,14,Male,mc_prob_0.1_FC_0.05_5
66,3915.0,15,Male,mc_prob_0.1_FC_0.05_5
67,3857.0,16,Male,mc_prob_0.1_FC_0.05_5
68,3735.0,17,Male,mc_prob_0.1_FC_0.05_5
69,3564.0,18,Male,mc_prob_0.1_FC_0.05_5
70,3712.0,19,Male,mc_prob_0.1_FC_0.05_5
71,3505.0,20,Male,mc_prob_0.1_FC_0.05_5
72,3513.0,21,Male,mc_prob_0.1_FC_0.05_5
73,3367.0,22,Male,mc_prob_0.1_FC_0.05_5
74,3300.0,23,Male,mc_prob_0.1_FC_0.05_5
75,3156.0,24,Male,mc_prob_0.1_FC_0.05_5
76,2532.0,25,Male,mc_prob_0.1_FC_0.05_5
77,1465.0,26,Male,mc_prob_0.1_FC_0.05_5
78,524.0,27,Male,mc_prob_0.1_FC_0.05_5
79,102.0,28,Male,mc_prob_0.1_FC_0.05_5
80,26.0,29,Male,mc_prob_0.1_FC_0.05_5
81,7.0,30,Male,mc_prob_0.1_FC_0.05_5
82,0.0,31,Male,mc_prob_0.1_FC_0.05_5
83,0.0,32,Male,mc_prob_0.1_FC_0.05_5
84,0.0,33,Male,mc_prob_0.1_FC_0.05_5
85,0.0,34,Male,mc_prob_0.1_FC_0.05_5
86,0.0,35,Male,mc_prob_0.1_FC_0.05_5
87,0.0,36,Male,mc_prob_0.1_FC_0.05_5
88,0.0,37,Male,mc_prob_0.1_FC_0.05_5
89,0.0,38,Male,mc_prob_0.1_FC_0.05_5
90,0.0,39,Male,mc_prob_0.1_FC_0.05_5
91,0.0,40,Male,mc_prob_0.1_FC_0.05_5
92,0.0,41,Male,mc_prob_0.1_FC_0.05_5
93,0.0,42,Male,mc_prob_0.1_FC_0.05_5
94,0.0,43,Male,mc_prob_0.1_FC_0.05_5
95,0.0,44,Male,mc_prob_0.1_FC_0.05_5
96,0.0,45,Male,mc_prob_0.1_FC_0.05_5
97,0.0,46,Male,mc_prob_0.1_FC_0.05_5
98,0.0,47,Male,mc_prob_0.1_FC_0.05_5
99,0.0,48,Male,mc_prob_0.1_FC_0.05_5
100,0.0,49,Male,mc_prob_0.1_FC_0.05_5
101,0.0,50,Male,mc_prob_0.1_FC_0.05_5
,Count,Generation,Sex,Run
0,7000.0,0,Female,mc_prob_0.1_FC_0.05_6
1,4179.0,1,Female,mc_prob_0.1_FC_0.05_6
2,4057.0,2,Female,mc_prob_0.1_FC_0.05_6
3,4064.0,3,Female,mc_prob_0.1_FC_0.05_6
4,4003.0,4,Female,mc_prob_0.1_FC_0.05_6
5,4222.0,5,Female,mc_prob_0.1_FC_0.05_6
6,4126.0,6,Female,mc_prob_0.1_FC_0.05_6
7,4140.0,7,Female,mc_prob_0.1_FC_0.05_6
8,3949.0,8,Female,mc_prob_0.1_FC_0.05_6
9,3813.0,9,Female,mc_prob_0.1_FC_0.05_6
10,3844.0,10,Female,mc_prob_0.1_FC_0.05_6
11,3723.0,11,Female,mc_prob_0.1_FC_0.05_6
12,3623.0,12,Female,mc_prob_0.1_FC_0.05_6
13,3611.0,13,Female,mc_prob_0.1_FC_0.05_6
14,3520.0,14,Female,mc_prob_0.1_FC_0.05_6
15,3480.0,15,Female,mc_prob_0.1_FC_0.05_6
16,3494.0,16,Female,mc_prob_0.1_FC_0.05_6
17,3413.0,17,Female,mc_prob_0.1_FC_0.05_6
18,3455.0,18,Female,mc_prob_0.1_FC_0.05_6
19,3337.0,19,Female,mc_prob_0.1_FC_0.05_6
20,3158.0,20,Female,mc_prob_0.1_FC_0.05_6
21,2532.0,21,Female,mc_prob_0.1_FC_0.05_6
22,1529.0,22,Female,mc_prob_0.1_FC_0.05_6
23,422.0,23,Female,mc_prob_0.1_FC_0.05_6
24,145.0,24,Female,mc_prob_0.1_FC_0.05_6
25,41.0,25,Female,mc_prob_0.1_FC_0.05_6
26,0.0,26,Female,mc_prob_0.1_FC_0.05_6
27,0.0,27,Female,mc_prob_0.1_FC_0.05_6
28,0.0,28,Female,mc_prob_0.1_FC_0.05_6
29,0.0,29,Female,mc_prob_0.1_FC_0.05_6
30,0.0,30,Female,mc_prob_0.1_FC_0.05_6
31,0.0,31,Female,mc_prob_0.1_FC_0.05_6
32,0.0,32,Female,mc_prob_0.1_FC_0.05_6
33,0.0,33,Female,mc_prob_0.1_FC_0.05_6
34,0.0,34,Female,mc_prob_0.1_FC_0.05_6
35,0.0,35,Female,mc_prob_0.1_FC_0.05_6
36,0.0,36,Female,mc_prob_0.1_FC_0.05_6
37,0.0,37,Female,mc_prob_0.1_FC_0.05_6
38,0.0,38,Female,mc_prob_0.1_FC_0.05_6
39,0.0,39,Female,mc_prob_0.1_FC_0.05_6
40,0.0,40,Female,mc_prob_0.1_FC_0.05_6
41,0.0,41,Female,mc_prob_0.1_FC_0.05_6
42,0.0,42,Female,mc_prob_0.1_FC_0.05_6
43,0.0,43,Female,mc_prob_0.1_FC_0.05_6
44,0.0,44,Female,mc_prob_0.1_FC_0.05_6
45,0.0,45,Female,mc_prob_0.1_FC_0.05_6
46,0.0,46,Female,mc_prob_0.1_FC_0.05_6
47,0.0,47,Female,mc_prob_0.1_FC_0.05_6
48,0.0,48,Female,mc_prob_0.1_FC_0.05_6
49,0.0,49,Female,mc_prob_0.1_FC_0.05_6
50,0.0,50,Female,mc_prob_0.1_FC_0.05_6
51,5000.0,0,Male,mc_prob_0.1_FC_0.05_6
52,4284.0,1,Male,mc_prob_0.1_FC_0.05_6
53,4225.0,2,Male,mc_prob_0.1_FC_0.05_6
54,4128.0,3,Male,mc_prob_0.1_FC_0.05_6
55,4069.0,4,Male,mc_prob_0.1_FC_0.05_6
56,4249.0,5,Male,mc_prob_0.1_FC_0.05_6
57,4152.0,6,Male,mc_prob_0.1_FC_0.05_6
58,4166.0,7,Male,mc_prob_0.1_FC_0.05_6
59,4082.0,8,Male,mc_prob_0.1_FC_0.05_6
60,3904.0,9,Male,mc_prob_0.1_FC_0.05_6
61,4020.0,10,Male,mc_prob_0.1_FC_0.05_6
62,3834.0,11,Male,mc_prob_0.1_FC_0.05_6
63,3638.0,12,Male,mc_prob_0.1_FC_0.05_6
64,3724.0,13,Male,mc_prob_0.1_FC_0.05_6
65,3626.0,14,Male,mc_prob_0.1_FC_0.05_6
66,3492.0,15,Male,mc_prob_0.1_FC_0.05_6
67,3498.0,16,Male,mc_prob_0.1_FC_0.05_6
68,3436.0,17,Male,mc_prob_0.1_FC_0.05_6
69,3486.0,18,Male,mc_prob_0.1_FC_0.05_6
70,3511.0,19,Male,mc_prob_0.1_FC_0.05_6
71,3236.0,20,Male,mc_prob_0.1_FC_0.05_6
72,2533.0,21,Male,mc_prob_0.1_FC_0.05_6
73,1568.0,22,Male,mc_prob_0.1_FC_0.05_6
74,449.0,23,Male,mc_prob_0.1_FC_0.05_6
75,172.0,24,Male,mc_prob_0.1_FC_0.05_6
76,47.0,25,Male,mc_prob_0.1_FC_0.05_6
77,0.0,26,Male,mc_prob_0.1_FC_0.05_6
78,0.0,27,Male,mc_prob_0.1_FC_0.05_6
79,0.0,28,Male,mc_prob_0.1_FC_0.05_6
80,0.0,29,Male,mc_prob_0.1_FC_0.05_6
81,0.0,30,Male,mc_prob_0.1_FC_0.05_6
82,0.0,31,Male,mc_prob_0.1_FC_0.05_6
83,0.0,32,Male,mc_prob_0.1_FC_0.05_6
84,0.0,33,Male,mc_prob_0.1_FC_0.05_6
85,0.0,34,Male,mc_prob_0.1_FC_0.05_6
86,0.0,35,Male,mc_prob_0.1_FC_0.05_6
87,0.0,36,Male,mc_prob_0.1_FC_0.05_6
88,0.0,37,Male,mc_prob_0.1_FC_0.05_6
89,0.0,38,Male,mc_prob_0.1_FC_0.05_6
90,0.0,39,Male,mc_prob_0.1_FC_0.05_6
91,0.0,40,Male,mc_prob_0.1_FC_0.05_6
92,0.0,41,Male,mc_prob_0.1_FC_0.05_6
93,0.0,42,Male,mc_prob_0.1_FC_0.05_6
94,0.0,43,Male,mc_prob_0.1_FC_0.05_6
95,0.0,44,Male,mc_prob_0.1_FC_0.05_6
96,0.0,45,Male,mc_prob_0.1_FC_0.05_6
97,0.0,46,Male,mc_prob_0.1_FC_0.05_6
98,0.0,47,Male,mc_prob_0.1_FC_0.05_6
99,0.0,48,Male,mc_prob_0.1_FC_0.05_6
100,0.0,49,Male,mc_prob_0.1_FC_0.05_6
101,0.0,50,Male,mc_prob_0.1_FC_0.05_6
,Count,Generation,Sex,Run
0,7000.0,0,Female,mc_prob_0.1_FC_0.05_7
1,4261.0,1,Female,mc_prob_0.1_FC_0.05_7
2,4208.0,2,Female,mc_prob_0.1_FC_0.05_7
3,4218.0,3,Female,mc_prob_0.1_FC_0.05_7
4,4217.0,4,Female,mc_prob_0.1_FC_0.05_7
5,3996.0,5,Female,mc_prob_0.1_FC_0.05_7
6,4111.0,6,Female,mc_prob_0.1_FC_0.05_7
7,3989.0,7,Female,mc_prob_0.1_FC_0.05_7
8,4014.0,8,Female,mc_prob_0.1_FC_0.05_7
9,4006.0,9,Female,mc_prob_0.1_FC_0.05_7
10,3948.0,10,Female,mc_prob_0.1_FC_0.05_7
11,3918.0,11,Female,mc_prob_0.1_FC_0.05_7
12,3974.0,12,Female,mc_prob_0.1_FC_0.05_7
13,3822.0,13,Female,mc_prob_0.1_FC_0.05_7
14,3701.0,14,Female,mc_prob_0.1_FC_0.05_7
15,3722.0,15,Female,mc_prob_0.1_FC_0.05_7
16,3640.0,16,Female,mc_prob_0.1_FC_0.05_7
17,3505.0,17,Female,mc_prob_0.1_FC_0.05_7
18,3456.0,18,Female,mc_prob_0.1_FC_0.05_7
19,3491.0,19,Female,mc_prob_0.1_FC_0.05_7
20,3305.0,20,Female,mc_prob_0.1_FC_0.05_7
21,3264.0,21,Female,mc_prob_0.1_FC_0.05_7
22,3016.0,22,Female,mc_prob_0.1_FC_0.05_7
23,2347.0,23,Female,mc_prob_0.1_FC_0.05_7
24,1231.0,24,Female,mc_prob_0.1_FC_0.05_7
25,436.0,25,Female,mc_prob_0.1_FC_0.05_7
26,95.0,26,Female,mc_prob_0.1_FC_0.05_7
27,19.0,27,Female,mc_prob_0.1_FC_0.05_7
28,0.0,28,Female,mc_prob_0.1_FC_0.05_7
29,0.0,29,Female,mc_prob_0.1_FC_0.05_7
30,0.0,30,Female,mc_prob_0.1_FC_0.05_7
31,0.0,31,Female,mc_prob_0.1_FC_0.05_7
32,0.0,32,Female,mc_prob_0.1_FC_0.05_7
33,0.0,33,Female,mc_prob_0.1_FC_0.05_7
34,0.0,34,Female,mc_prob_0.1_FC_0.05_7
35,0.0,35,Female,mc_prob_0.1_FC_0.05_7
36,0.0,36,Female,mc_prob_0.1_FC_0.05_7
37,0.0,37,Female,mc_prob_0.1_FC_0.05_7
38,0.0,38,Female,mc_prob_0.1_FC_0.05_7
39,0.0,39,Female,mc_prob_0.1_FC_0.05_7
40,0.0,40,Female,mc_prob_0.1_FC_0.05_7
41,0.0,41,Female,mc_prob_0.1_FC_0.05_7
42,0.0,42,Female,mc_prob_0.1_FC_0.05_7
43,0.0,43,Female,mc_prob_0.1_FC_0.05_7
44,0.0,44,Female,mc_prob_0.1_FC_0.05_7
45,0.0,45,Female,mc_prob_0.1_FC_0.05_7
46,0.0,46,Female,mc_prob_0.1_FC_0.05_7
47,0.0,47,Female,mc_prob_0.1_FC_0.05_7
48,0.0,48,Female,mc_prob_0.1_FC_0.05_7
49,0.0,49,Female,mc_prob_0.1_FC_0.05_7
50,0.0,50,Female,mc_prob_0.1_FC_0.05_7
51,5000.0,0,Male,mc_prob_0.1_FC_0.05_7
52,4316.0,1,Male,mc_prob_0.1_FC_0.05_7
53,4257.0,2,Male,mc_prob_0.1_FC_0.05_7
54,4259.0,3,Male,mc_prob_0.1_FC_0.05_7
55,4302.0,4,Male,mc_prob_0.1_FC_0.05_7
56,4175.0,5,Male,mc_prob_0.1_FC_0.05_7
57,4185.0,6,Male,mc_prob_0.1_FC_0.05_7
58,4065.0,7,Male,mc_prob_0.1_FC_0.05_7
59,4037.0,8,Male,mc_prob_0.1_FC_0.05_7
60,4019.0,9,Male,mc_prob_0.1_FC_0.05_7
61,4009.0,10,Male,mc_prob_0.1_FC_0.05_7
62,3983.0,11,Male,mc_prob_0.1_FC_0.05_7
63,4016.0,12,Male,mc_prob_0.1_FC_0.05_7
64,3865.0,13,Male,mc_prob_0.1_FC_0.05_7
65,3844.0,14,Male,mc_prob_0.1_FC_0.05_7
66,3746.0,15,Male,mc_prob_0.1_FC_0.05_7
67,3670.0,16,Male,mc_prob_0.1_FC_0.05_7
68,3625.0,17,Male,mc_prob_0.1_FC_0.05_7
69,3481.0,18,Male,mc_prob_0.1_FC_0.05_7
70,3514.0,19,Male,mc_prob_0.1_FC_0.05_7
71,3382.0,20,Male,mc_prob_0.1_FC_0.05_7
72,3382.0,21,Male,mc_prob_0.1_FC_0.05_7
73,3140.0,22,Male,mc_prob_0.1_FC_0.05_7
74,2405.0,23,Male,mc_prob_0.1_FC_0.05_7
75,1258.0,24,Male,mc_prob_0.1_FC_0.05_7
76,452.0,25,Male,mc_prob_0.1_FC_0.05_7
77,98.0,26,Male,mc_prob_0.1_FC_0.05_7
78,20.0,27,Male,mc_prob_0.1_FC_0.05_7
79,0.0,28,Male,mc_prob_0.1_FC_0.05_7
80,0.0,29,Male,mc_prob_0.1_FC_0.05_7
81,0.0,30,Male,mc_prob_0.1_FC_0.05_7
82,0.0,31,Male,mc_prob_0.1_FC_0.05_7
83,0.0,32,Male,mc_prob_0.1_FC_0.05_7
84,0.0,33,Male,mc_prob_0.1_FC_0.05_7
85,0.0,34,Male,mc_prob_0.1_FC_0.05_7
86,0.0,35,Male,mc_prob_0.1_FC_0.05_7
87,0.0,36,Male,mc_prob_0.1_FC_0.05_7
88,0.0,37,Male,mc_prob_0.1_FC_0.05_7
89,0.0,38,Male,mc_prob_0.1_FC_0.05_7
90,0.0,39,Male,mc_prob_0.1_FC_0.05_7
91,0.0,40,Male,mc_prob_0.1_FC_0.05_7
92,0.0,41,Male,mc_prob_0.1_FC_0.05_7
93,0.0,42,Male,mc_prob_0.1_FC_0.05_7
94,0.0,43,Male,mc_prob_0.1_FC_0.05_7
95,0.0,44,Male,mc_prob_0.1_FC_0.05_7
96,0.0,45,Male,mc_prob_0.1_FC_0.05_7
97,0.0,46,Male,mc_prob_0.1_FC_0.05_7
98,0.0,47,Male,mc_prob_0.1_FC_0.05_7
99,0.0,48,Male,mc_prob_0.1_FC_0.05_7
100,0.0,49,Male,mc_prob_0.1_FC_0.05_7
101,0.0,50,Male,mc_prob_0.1_FC_0.05_7
,Count,Generation,Sex,Run
0,7000.0,0,Female,mc_prob_0.1_FC_0.05_8
1,4311.0,1,Female,mc_prob_0.1_FC_0.05_8
2,4122.0,2,Female,mc_prob_0.1_FC_0.05_8
3,4146.0,3,Female,mc_prob_0.1_FC_0.05_8
4,4234.0,4,Female,mc_prob_0.1_FC_0.05_8
5,4087.0,5,Female,mc_prob_0.1_FC_0.05_8
6,4069.0,6,Female,mc_prob_0.1_FC_0.05_8
7,3997.0,7,Female,mc_prob_0.1_FC_0.05_8
8,3998.0,8,Female,mc_prob_0.1_FC_0.05_8
9,3966.0,9,Female,mc_prob_0.1_FC_0.05_8
10,3982.0,10,Female,mc_prob_0.1_FC_0.05_8
11,3861.0,11,Female,mc_prob_0.1_FC_0.05_8
12,3906.0,12,Female,mc_prob_0.1_FC_0.05_8
13,3730.0,13,Female,mc_prob_0.1_FC_0.05_8
14,3681.0,14,Female,mc_prob_0.1_FC_0.05_8
15,3685.0,15,Female,mc_prob_0.1_FC_0.05_8
16,3575.0,16,Female,mc_prob_0.1_FC_0.05_8
17,3361.0,17,Female,mc_prob_0.1_FC_0.05_8
18,3355.0,18,Female,mc_prob_0.1_FC_0.05_8
19,3460.0,19,Female,mc_prob_0.1_FC_0.05_8
20,3407.0,20,Female,mc_prob_0.1_FC_0.05_8
21,3296.0,21,Female,mc_prob_0.1_FC_0.05_8
22,3166.0,22,Female,mc_prob_0.1_FC_0.05_8
23,2667.0,23,Female,mc_prob_0.1_FC_0.05_8
24,1794.0,24,Female,mc_prob_0.1_FC_0.05_8
25,649.0,25,Female,mc_prob_0.1_FC_0.05_8
26,77.0,26,Female,mc_prob_0.1_FC_0.05_8
27,5.0,27,Female,mc_prob_0.1_FC_0.05_8
28,0.0,28,Female,mc_prob_0.1_FC_0.05_8
29,0.0,29,Female,mc_prob_0.1_FC_0.05_8
30,0.0,30,Female,mc_prob_0.1_FC_0.05_8
31,0.0,31,Female,mc_prob_0.1_FC_0.05_8
32,0.0,32,Female,mc_prob_0.1_FC_0.05_8
33,0.0,33,Female,mc_prob_0.1_FC_0.05_8
34,0.0,34,Female,mc_prob_0.1_FC_0.05_8
35,0.0,35,Female,mc_prob_0.1_FC_0.05_8
36,0.0,36,Female,mc_prob_0.1_FC_0.05_8
37,0.0,37,Female,mc_prob_0.1_FC_0.05_8
38,0.0,38,Female,mc_prob_0.1_FC_0.05_8
39,0.0,39,Female,mc_prob_0.1_FC_0.05_8
40,0.0,40,Female,mc_prob_0.1_FC_0.05_8
41,0.0,41,Female,mc_prob_0.1_FC_0.05_8
42,0.0,42,Female,mc_prob_0.1_FC_0.05_8
43,0.0,43,Female,mc_prob_0.1_FC_0.05_8
44,0.0,44,Female,mc_prob_0.1_FC_0.05_8
45,0.0,45,Female,mc_prob_0.1_FC_0.05_8
46,0.0,46,Female,mc_prob_0.1_FC_0.05_8
47,0.0,47,Female,mc_prob_0.1_FC_0.05_8
48,0.0,48,Female,mc_prob_0.1_FC_0.05_8
49,0.0,49,Female,mc_prob_0.1_FC_0.05_8
50,0.0,50,Female,mc_prob_0.1_FC_0.05_8
51,5000.0,0,Male,mc_prob_0.1_FC_0.05_8
52,4337.0,1,Male,mc_prob_0.1_FC_0.05_8
53,4161.0,2,Male,mc_prob_0.1_FC_0.05_8
54,4166.0,3,Male,mc_prob_0.1_FC_0.05_8
55,4248.0,4,Male,mc_prob_0.1_FC_0.05_8
56,4199.0,5,Male,mc_prob_0.1_FC_0.05_8
57,4100.0,6,Male,mc_prob_0.1_FC_0.05_8
58,4075.0,7,Male,mc_prob_0.1_FC_0.05_8
59,4021.0,8,Male,mc_prob_0.1_FC_0.05_8
60,4105.0,9,Male,mc_prob_0.1_FC_0.05_8
61,3988.0,10,Male,mc_prob_0.1_FC_0.05_8
62,3880.0,11,Male,mc_prob_0.1_FC_0.05_8
63,3975.0,12,Male,mc_prob_0.1_FC_0.05_8
64,3873.0,13,Male,mc_prob_0.1_FC_0.05_8
65,3719.0,14,Male,mc_prob_0.1_FC_0.05_8
66,3772.0,15,Male,mc_prob_0.1_FC_0.05_8
67,3654.0,16,Male,mc_prob_0.1_FC_0.05_8
68,3568.0,17,Male,mc_prob_0.1_FC_0.05_8
69,3389.0,18,Male,mc_prob_0.1_FC_0.05_8
70,3474.0,19,Male,mc_prob_0.1_FC_0.05_8
71,3428.0,20,Male,mc_prob_0.1_FC_0.05_8
72,3376.0,21,Male,mc_prob_0.1_FC_0.05_8
73,3191.0,22,Male,mc_prob_0.1_FC_0.05_8
74,2692.0,23,Male,mc_prob_0.1_FC_0.05_8
75,1898.0,24,Male,mc_prob_0.1_FC_0.05_8
76,669.0,25,Male,mc_prob_0.1_FC_0.05_8
77,77.0,26,Male,mc_prob_0.1_FC_0.05_8
78,5.0,27,Male,mc_prob_0.1_FC_0.05_8
79,0.0,28,Male,mc_prob_0.1_FC_0.05_8
80,0.0,29,Male,mc_prob_0.1_FC_0.05_8
81,0.0,30,Male,mc_prob_0.1_FC_0.05_8
82,0.0,31,Male,mc_prob_0.1_FC_0.05_8
83,0.0,32,Male,mc_prob_0.1_FC_0.05_8
84,0.0,33,Male,mc_prob_0.1_FC_0.05_8
85,0.0,34,Male,mc_prob_0.1_FC_0.05_8
86,0.0,35,Male,mc_prob_0.1_FC_0.05_8
87,0.0,36,Male,mc_prob_0.1_FC_0.05_8
88,0.0,37,Male,mc_prob_0.1_FC_0.05_8
89,0.0,38,Male,mc_prob_0.1_FC_0.05_8
90,0.0,39,Male,mc_prob_0.1_FC_0.05_8
91,0.0,40,Male,mc_prob_0.1_FC_0.05_8
92,0.0,41,Male,mc_prob_0.1_FC_0.05_8
93,0.0,42,Male,mc_prob_0.1_FC_0.05_8
94,0.0,43,Male,mc_prob_0.1_FC_0.05_8
95,0.0,44,Male,mc_prob_0.1_FC_0.05_8
96,0.0,45,Male,mc_prob_0.1_FC_0.05_8
97,0.0,46,Male,mc_prob_0.1_FC_0.05_8
98,0.0,47,Male,mc_prob_0.1_FC_0.05_8
99,0.0,48,Male,mc_prob_0.1_FC_0.05_8
100,0.0,49,Male,mc_prob_0.1_FC_0.05_8
101,0.0,50,Male,mc_prob_0.1_FC_0.05_8
,Count,Generation,Sex,Run
0,7000.0,0,Female,mc_prob_0.1_FC_0.05_9
1,4262.0,1,Female,mc_prob_0.1_FC_0.05_9
2,4089.0,2,Female,mc_prob_0.1_FC_0.05_9
3,4247.0,3,Female,mc_prob_0.1_FC_0.05_9
4,4393.0,4,Female,mc_prob_0.1_FC_0.05_9
5,4286.0,5,Female,mc_prob_0.1_FC_0.05_9
6,4078.0,6,Female,mc_prob_0.1_FC_0.05_9
7,3995.0,7,Female,mc_prob_0.1_FC_0.05_9
8,4123.0,8,Female,mc_prob_0.1_FC_0.05_9
9,4228.0,9,Female,mc_prob_0.1_FC_0.05_9
10,4069.0,10,Female,mc_prob_0.1_FC_0.05_9
11,3989.0,11,Female,mc_prob_0.1_FC_0.05_9
12,3932.0,12,Female,mc_prob_0.1_FC_0.05_9
13,3859.0,13,Female,mc_prob_0.1_FC_0.05_9
14,3848.0,14,Female,mc_prob_0.1_FC_0.05_9
15,3758.0,15,Female,mc_prob_0.1_FC_0.05_9
16,3752.0,16,Female,mc_prob_0.1_FC_0.05_9
17,3631.0,17,Female,mc_prob_0.1_FC_0.05_9
18,3655.0,18,Female,mc_prob_0.1_FC_0.05_9
19,3565.0,19,Female,mc_prob_0.1_FC_0.05_9
20,3521.0,20,Female,mc_prob_0.1_FC_0.05_9
21,3422.0,21,Female,mc_prob_0.1_FC_0.05_9
22,3210.0,22,Female,mc_prob_0.1_FC_0.05_9
23,3210.0,23,Female,mc_prob_0.1_FC_0.05_9
24,3081.0,24,Female,mc_prob_0.1_FC_0.05_9
25,2182.0,25,Female,mc_prob_0.1_FC_0.05_9
26,1055.0,26,Female,mc_prob_0.1_FC_0.05_9
27,599.0,27,Female,mc_prob_0.1_FC_0.05_9
28,119.0,28,Female,mc_prob_0.1_FC_0.05_9
29,29.0,29,Female,mc_prob_0.1_FC_0.05_9
30,11.0,30,Female,mc_prob_0.1_FC_0.05_9
31,0.0,31,Female,mc_prob_0.1_FC_0.05_9
32,0.0,32,Female,mc_prob_0.1_FC_0.05_9
33,0.0,33,Female,mc_prob_0.1_FC_0.05_9
34,0.0,34,Female,mc_prob_0.1_FC_0.05_9
35,0.0,35,Female,mc_prob_0.1_FC_0.05_9
36,0.0,36,Female,mc_prob_0.1_FC_0.05_9
37,0.0,37,Female,mc_prob_0.1_FC_0.05_9
38,0.0,38,Female,mc_prob_0.1_FC_0.05_9
39,0.0,39,Female,mc_prob_0.1_FC_0.05_9
40,0.0,40,Female,mc_prob_0.1_FC_0.05_9
41,0.0,41,Female,mc_prob_0.1_FC_0.05_9
42,0.0,42,Female,mc_prob_0.1_FC_0.05_9
43,0.0,43,Female,mc_prob_0.1_FC_0.05_9
44,0.0,44,Female,mc_prob_0.1_FC_0.05_9
45,0.0,45,Female,mc_prob_0.1_FC_0.05_9
46,0.0,46,Female,mc_prob_0.1_FC_0.05_9
47,0.0,47,Female,mc_prob_0.1_FC_0.05_9
48,0.0,48,Female,mc_prob_0.1_FC_0.05_9
49,0.0,49,Female,mc_prob_0.1_FC_0.05_9
50,0.0,50,Female,mc_prob_0.1_FC_0.05_9
51,5000.0,0,Male,mc_prob_0.1_FC_0.05_9
52,4347.0,1,Male,mc_prob_0.1_FC_0.05_9
53,4127.0,2,Male,mc_prob_0.1_FC_0.05_9
54,4289.0,3,Male,mc_prob_0.1_FC_0.05_9
55,4407.0,4,Male,mc_prob_0.1_FC_0.05_9
56,4359.0,5,Male,mc_prob_0.1_FC_0.05_9
57,4217.0,6,Male,mc_prob_0.1_FC_0.05_9
58,4091.0,7,Male,mc_prob_0.1_FC_0.05_9
59,4143.0,8,Male,mc_prob_0.1_FC_0.05_9
60,4271.0,9,Male,mc_prob_0.1_FC_0.05_9
61,4116.0,10,Male,mc_prob_0.1_FC_0.05_9
62,4079.0,11,Male,mc_prob_0.1_FC_0.05_9
63,4023.0,12,Male,mc_prob_0.1_FC_0.05_9
64,3863.0,13,Male,mc_prob_0.1_FC_0.05_9
65,3901.0,14,Male,mc_prob_0.1_FC_0.05_9
66,3829.0,15,Male,mc_prob_0.1_FC_0.05_9
67,3886.0,16,Male,mc_prob_0.1_FC_0.05_9
68,3649.0,17,Male,mc_prob_0.1_FC_0.05_9
69,3677.0,18,Male,mc_prob_0.1_FC_0.05_9
70,3601.0,19,Male,mc_prob_0.1_FC_0.05_9
71,3527.0,20,Male,mc_prob_0.1_FC_0.05_9
72,3487.0,21,Male,mc_prob_0.1_FC_0.05_9
73,3380.0,22,Male,mc_prob_0.1_FC_0.05_9
74,3225.0,23,Male,mc_prob_0.1_FC_0.05_9
75,3093.0,24,Male,mc_prob_0.1_FC_0.05_9
76,2298.0,25,Male,mc_prob_0.1_FC_0.05_9
77,1096.0,26,Male,mc_prob_0.1_FC_0.05_9
78,685.0,27,Male,mc_prob_0.1_FC_0.05_9
79,138.0,28,Male,mc_prob_0.1_FC_0.05_9
80,30.0,29,Male,mc_prob_0.1_FC_0.05_9
81,12.0,30,Male,mc_prob_0.1_FC_0.05_9
82,0.0,31,Male,mc_prob_0.1_FC_0.05_9
83,0.0,32,Male,mc_prob_0.1_FC_0.05_9
84,0.0,33,Male,mc_prob_0.1_FC_0.05_9
85,0.0,34,Male,mc_prob_0.1_FC_0.05_9
86,0.0,35,Male,mc_prob_0.1_FC_0.05_9
87,0.0,36,Male,mc_prob_0.1_FC_0.05_9
88,0.0,37,Male,mc_prob_0.1_FC_0.05_9
89,0.0,38,Male,mc_prob_0.1_FC_0.05_9
90,0.0,39,Male,mc_prob_0.1_FC_0.05_9
91,0.0,40,Male,mc_prob_0.1_FC_0.05_9
92,0.0,41,Male,mc_prob_0.1_FC_0.05_9
93,0.0,42,Male,mc_prob_0.1_FC_0.05_9
94,0.0,43,Male,mc_prob_0.1_FC_0.05_9
95,0.0,44,Male,mc_prob_0.1_FC_0.05_9
96,0.0,45,Male,mc_prob_0.1_FC_0.05_9
97,0.0,46,Male,mc_prob_0.1_FC_0.05_9
98,0.0,47,Male,mc_prob_0.1_FC_0.05_9
99,0.0,48,Male,mc_prob_0.1_FC_0.05_9
100,0.0,49,Male,mc_prob_0.1_FC_0.05_9
101,0.0,50,Male,mc_prob_0.1_FC_0.05_9
,Count,Generation,Sex,Run
0,7000.0,0,Female,mc_prob_0.1_FC_0.05_10
1,4293.0,1,Female,mc_prob_0.1_FC_0.05_10
2,4153.0,2,Female,mc_prob_0.1_FC_0.05_10
3,4212.0,3,Female,mc_prob_0.1_FC_0.05_10
4,4206.0,4,Female,mc_prob_0.1_FC_0.05_10
5,4063.0,5,Female,mc_prob_0.1_FC_0.05_10
6,4124.0,6,Female,mc_prob_0.1_FC_0.05_10
7,4091.0,7,Female,mc_prob_0.1_FC_0.05_10
8,4072.0,8,Female,mc_prob_0.1_FC_0.05_10
9,4081.0,9,Female,mc_prob_0.1_FC_0.05_10
10,4034.0,10,Female,mc_prob_0.1_FC_0.05_10
11,3915.0,11,Female,mc_prob_0.1_FC_0.05_10
12,3889.0,12,Female,mc_prob_0.1_FC_0.05_10
13,3908.0,13,Female,mc_prob_0.1_FC_0.05_10
14,3944.0,14,Female,mc_prob_0.1_FC_0.05_10
15,3791.0,15,Female,mc_prob_0.1_FC_0.05_10
16,3654.0,16,Female,mc_prob_0.1_FC_0.05_10
17,3626.0,17,Female,mc_prob_0.1_FC_0.05_10
18,3637.0,18,Female,mc_prob_0.1_FC_0.05_10
19,3470.0,19,Female,mc_prob_0.1_FC_0.05_10
20,3322.0,20,Female,mc_prob_0.1_FC_0.05_10
21,3452.0,21,Female,mc_prob_0.1_FC_0.05_10
22,3263.0,22,Female,mc_prob_0.1_FC_0.05_10
23,3254.0,23,Female,mc_prob_0.1_FC_0.05_10
24,3218.0,24,Female,mc_prob_0.1_FC_0.05_10
25,2478.0,25,Female,mc_prob_0.1_FC_0.05_10
26,1317.0,26,Female,mc_prob_0.1_FC_0.05_10
27,488.0,27,Female,mc_prob_0.1_FC_0.05_10
28,130.0,28,Female,mc_prob_0.1_FC_0.05_10
29,14.0,29,Female,mc_prob_0.1_FC_0.05_10
30,0.0,30,Female,mc_prob_0.1_FC_0.05_10
31,0.0,31,Female,mc_prob_0.1_FC_0.05_10
32,0.0,32,Female,mc_prob_0.1_FC_0.05_10
33,0.0,33,Female,mc_prob_0.1_FC_0.05_10
34,0.0,34,Female,mc_prob_0.1_FC_0.05_10
35,0.0,35,Female,mc_prob_0.1_FC_0.05_10
36,0.0,36,Female,mc_prob_0.1_FC_0.05_10
37,0.0,37,Female,mc_prob_0.1_FC_0.05_10
38,0.0,38,Female,mc_prob_0.1_FC_0.05_10
39,0.0,39,Female,mc_prob_0.1_FC_0.05_10
40,0.0,40,Female,mc_prob_0.1_FC_0.05_10
41,0.0,41,Female,mc_prob_0.1_FC_0.05_10
42,0.0,42,Female,mc_prob_0.1_FC_0.05_10
43,0.0,43,Female,mc_prob_0.1_FC_0.05_10
44,0.0,44,Female,mc_prob_0.1_FC_0.05_10
45,0.0,45,Female,mc_prob_0.1_FC_0.05_10
46,0.0,46,Female,mc_prob_0.1_FC_0.05_10
47,0.0,47,Female,mc_prob_0.1_FC_0.05_10
48,0.0,48,Female,mc_prob_0.1_FC_0.05_10
49,0.0,49,Female,mc_prob_0.1_FC_0.05_10
50,0.0,50,Female,mc_prob_0.1_FC_0.05_10
51,5000.0,0,Male,mc_prob_0.1_FC_0.05_10
52,4308.0,1,Male,mc_prob_0.1_FC_0.05_10
53,4234.0,2,Male,mc_prob_0.1_FC_0.05_10
54,4220.0,3,Male,mc_prob_0.1_FC_0.05_10
55,4271.0,4,Male,mc_prob_0.1_FC_0.05_10
56,4124.0,5,Male,mc_prob_0.1_FC_0.05_10
57,4245.0,6,Male,mc_prob_0.1_FC_0.05_10
58,4173.0,7,Male,mc_prob_0.1_FC_0.05_10
59,4102.0,8,Male,mc_prob_0.1_FC_0.05_10
60,4088.0,9,Male,mc_prob_0.1_FC_0.05_10
61,4049.0,10,Male,mc_prob_0.1_FC_0.05_10
62,4090.0,11,Male,mc_prob_0.1_FC_0.05_10
63,3934.0,12,Male,mc_prob_0.1_FC_0.05_10
64,3919.0,13,Male,mc_prob_0.1_FC_0.05_10
65,3968.0,14,Male,mc_prob_0.1_FC_0.05_10
66,3812.0,15,Male,mc_prob_0.1_FC_0.05_10
67,3723.0,16,Male,mc_prob_0.1_FC_0.05_10
68,3654.0,17,Male,mc_prob_0.1_FC_0.05_10
69,3704.0,18,Male,mc_prob_0.1_FC_0.05_10
70,3661.0,19,Male,mc_prob_0.1_FC_0.05_10
71,3347.0,20,Male,mc_prob_0.1_FC_0.05_10
72,3499.0,21,Male,mc_prob_0.1_FC_0.05_10
73,3392.0,22,Male,mc_prob_0.1_FC_0.05_10
74,3270.0,23,Male,mc_prob_0.1_FC_0.05_10
75,3225.0,24,Male,mc_prob_0.1_FC_0.05_10
76,2520.0,25,Male,mc_prob_0.1_FC_0.05_10
77,1353.0,26,Male,mc_prob_0.1_FC_0.05_10
78,523.0,27,Male,mc_prob_0.1_FC_0.05_10
79,144.0,28,Male,mc_prob_0.1_FC_0.05_10
80,19.0,29,Male,mc_prob_0.1_FC_0.05_10
81,0.0,30,Male,mc_prob_0.1_FC_0.05_10
82,0.0,31,Male,mc_prob_0.1_FC_0.05_10
83,0.0,32,Male,mc_prob_0.1_FC_0.05_10
84,0.0,33,Male,mc_prob_0.1_FC_0.05_10
85,0.0,34,Male,mc_prob_0.1_FC_0.05_10
86,0.0,35,Male,mc_prob_0.1_FC_0.05_10
87,0.0,36,Male,mc_prob_0.1_FC_0.05_10
88,0.0,37,Male,mc_prob_0.1_FC_0.05_10
89,0.0,38,Male,mc_prob_0.1_FC_0.05_10
90,0.0,39,Male,mc_prob_0.1_FC_0.05_10
91,0.0,40,Male,mc_prob_0.1_FC_0.05_10
92,0.0,41,Male,mc_prob_0.1_FC_0.05_10
93,0.0,42,Male,mc_prob_0.1_FC_0.05_10
94,0.0,43,Male,mc_prob_0.1_FC_0.05_10
95,0.0,44,Male,mc_prob_0.1_FC_0.05_10
96,0.0,45,Male,mc_prob_0.1_FC_0.05_10
97,0.0,46,Male,mc_prob_0.1_FC_0.05_10
98,0.0,47,Male,mc_prob_0.1_FC_0.05_10
99,0.0,48,Male,mc_prob_0.1_FC_0.05_10
100,0.0,49,Male,mc_prob_0.1_FC_0.05_10
101,0.0,50,Male,mc_prob_0.1_FC_0.05_10
,Count,Generation,Sex,Run
0,7000,0,Female,mc_prob_0.1_FC_0.1_1
1,4138,1,Female,mc_prob_0.1_FC_0.1_1
2,4202,2,Female,mc_prob_0.1_FC_0.1_1
3,4094,3,Female,mc_prob_0.1_FC_0.1_1
4,4115,4,Female,mc_prob_0.1_FC_0.1_1
5,4179,5,Female,mc_prob_0.1_FC_0.1_1
6,4056,6,Female,mc_prob_0.1_FC_0.1_1
7,4137,7,Female,mc_prob_0.1_FC_0.1_1
8,4147,8,Female,mc_prob_0.1_FC_0.1_1
9,4209,9,Female,mc_prob_0.1_FC_0.1_1
10,4166,10,Female,mc_prob_0.1_FC_0.1_1
11,4214,11,Female,mc_prob_0.1_FC_0.1_1
12,4173,12,Female,mc_prob_0.1_FC_0.1_1
13,4252,13,Female,mc_prob_0.1_FC_0.1_1
14,4153,14,Female,mc_prob_0.1_FC_0.1_1
15,4294,15,Female,mc_prob_0.1_FC_0.1_1
16,4257,16,Female,mc_prob_0.1_FC_0.1_1
17,4274,17,Female,mc_prob_0.1_FC_0.1_1
18,4271,18,Female,mc_prob_0.1_FC_0.1_1
19,4341,19,Female,mc_prob_0.1_FC_0.1_1
20,4331,20,Female,mc_prob_0.1_FC_0.1_1
21,4384,21,Female,mc_prob_0.1_FC_0.1_1
22,4418,22,Female,mc_prob_0.1_FC_0.1_1
23,4440,23,Female,mc_prob_0.1_FC_0.1_1
24,4497,24,Female,mc_prob_0.1_FC_0.1_1
25,4429,25,Female,mc_prob_0.1_FC_0.1_1
26,4468,26,Female,mc_prob_0.1_FC_0.1_1
27,4438,27,Female,mc_prob_0.1_FC_0.1_1
28,4604,28,Female,mc_prob_0.1_FC_0.1_1
29,4589,29,Female,mc_prob_0.1_FC_0.1_1
30,4587,30,Female,mc_prob_0.1_FC_0.1_1
31,4568,31,Female,mc_prob_0.1_FC_0.1_1
32,4562,32,Female,mc_prob_0.1_FC_0.1_1
33,4645,33,Female,mc_prob_0.1_FC_0.1_1
34,4622,34,Female,mc_prob_0.1_FC_0.1_1
35,4759,35,Female,mc_prob_0.1_FC_0.1_1
36,4738,36,Female,mc_prob_0.1_FC_0.1_1
37,4688,37,Female,mc_prob_0.1_FC_0.1_1
38,4608,38,Female,mc_prob_0.1_FC_0.1_1
39,4782,39,Female,mc_prob_0.1_FC_0.1_1
40,4798,40,Female,mc_prob_0.1_FC_0.1_1
41,4797,41,Female,mc_prob_0.1_FC_0.1_1
42,4823,42,Female,mc_prob_0.1_FC_0.1_1
43,4712,43,Female,mc_prob_0.1_FC_0.1_1
44,4781,44,Female,mc_prob_0.1_FC_0.1_1
45,4707,45,Female,mc_prob_0.1_FC_0.1_1
46,4765,46,Female,mc_prob_0.1_FC_0.1_1
47,4834,47,Female,mc_prob_0.1_FC_0.1_1
48,4767,48,Female,mc_prob_0.1_FC_0.1_1
49,4885,49,Female,mc_prob_0.1_FC_0.1_1
50,4799,50,Female,mc_prob_0.1_FC_0.1_1
51,5000,0,Male,mc_prob_0.1_FC_0.1_1
52,4174,1,Male,mc_prob_0.1_FC_0.1_1
53,4258,2,Male,mc_prob_0.1_FC_0.1_1
54,4165,3,Male,mc_prob_0.1_FC_0.1_1
55,4164,4,Male,mc_prob_0.1_FC_0.1_1
56,4254,5,Male,mc_prob_0.1_FC_0.1_1
57,4110,6,Male,mc_prob_0.1_FC_0.1_1
58,4169,7,Male,mc_prob_0.1_FC_0.1_1
59,4170,8,Male,mc_prob_0.1_FC_0.1_1
60,4272,9,Male,mc_prob_0.1_FC_0.1_1
61,4232,10,Male,mc_prob_0.1_FC_0.1_1
62,4243,11,Male,mc_prob_0.1_FC_0.1_1
63,4244,12,Male,mc_prob_0.1_FC_0.1_1
64,4325,13,Male,mc_prob_0.1_FC_0.1_1
65,4289,14,Male,mc_prob_0.1_FC_0.1_1
66,4296,15,Male,mc_prob_0.1_FC_0.1_1
67,4310,16,Male,mc_prob_0.1_FC_0.1_1
68,4278,17,Male,mc_prob_0.1_FC_0.1_1
69,4372,18,Male,mc_prob_0.1_FC_0.1_1
70,4374,19,Male,mc_prob_0.1_FC_0.1_1
71,4373,20,Male,mc_prob_0.1_FC_0.1_1
72,4461,21,Male,mc_prob_0.1_FC_0.1_1
73,4466,22,Male,mc_prob_0.1_FC_0.1_1
74,4456,23,Male,mc_prob_0.1_FC_0.1_1
75,4545,24,Male,mc_prob_0.1_FC_0.1_1
76,4500,25,Male,mc_prob_0.1_FC_0.1_1
77,4551,26,Male,mc_prob_0.1_FC_0.1_1
78,4549,27,Male,mc_prob_0.1_FC_0.1_1
79,4613,28,Male,mc_prob_0.1_FC_0.1_1
80,4608,29,Male,mc_prob_0.1_FC_0.1_1
81,4615,30,Male,mc_prob_0.1_FC_0.1_1
82,4701,31,Male,mc_prob_0.1_FC_0.1_1
83,4666,32,Male,mc_prob_0.1_FC_0.1_1
84,4678,33,Male,mc_prob_0.1_FC_0.1_1
85,4656,34,Male,mc_prob_0.1_FC_0.1_1
86,4759,35,Male,mc_prob_0.1_FC_0.1_1
87,4754,36,Male,mc_prob_0.1_FC_0.1_1
88,4739,37,Male,mc_prob_0.1_FC_0.1_1
89,4683,38,Male,mc_prob_0.1_FC_0.1_1
90,4782,39,Male,mc_prob_0.1_FC_0.1_1
91,4872,40,Male,mc_prob_0.1_FC_0.1_1
92,4812,41,Male,mc_prob_0.1_FC_0.1_1
93,4867,42,Male,mc_prob_0.1_FC_0.1_1
94,4713,43,Male,mc_prob_0.1_FC_0.1_1
95,4790,44,Male,mc_prob_0.1_FC_0.1_1
96,4774,45,Male,mc_prob_0.1_FC_0.1_1
97,4765,46,Male,mc_prob_0.1_FC_0.1_1
98,4978,47,Male,mc_prob_0.1_FC_0.1_1
99,4832,48,Male,mc_prob_0.1_FC_0.1_1
100,4895,49,Male,mc_prob_0.1_FC_0.1_1
101,4936,50,Male,mc_prob_0.1_FC_0.1_1
,Count,Generation,Sex,Run
0,7000,0,Female,mc_prob_0.1_FC_0.1_2
1,4221,1,Female,mc_prob_0.1_FC_0.1_2
2,4086,2,Female,mc_prob_0.1_FC_0.1_2
3,4212,3,Female,mc_prob_0.1_FC_0.1_2
4,4116,4,Female,mc_prob_0.1_FC_0.1_2
5,4015,5,Female,mc_prob_0.1_FC_0.1_2
6,3998,6,Female,mc_prob_0.1_FC_0.1_2
7,4056,7,Female,mc_prob_0.1_FC_0.1_2
8,4088,8,Female,mc_prob_0.1_FC_0.1_2
9,4175,9,Female,mc_prob_0.1_FC_0.1_2
10,4244,10,Female,mc_prob_0.1_FC_0.1_2
11,4242,11,Female,mc_prob_0.1_FC_0.1_2
12,4179,12,Female,mc_prob_0.1_FC_0.1_2
13,4201,13,Female,mc_prob_0.1_FC_0.1_2
14,4326,14,Female,mc_prob_0.1_FC_0.1_2
15,4356,15,Female,mc_prob_0.1_FC_0.1_2
16,4310,16,Female,mc_prob_0.1_FC_0.1_2
17,4272,17,Female,mc_prob_0.1_FC_0.1_2
18,4435,18,Female,mc_prob_0.1_FC_0.1_2
19,4356,19,Female,mc_prob_0.1_FC_0.1_2
20,4384,20,Female,mc_prob_0.1_FC_0.1_2
21,4397,21,Female,mc_prob_0.1_FC_0.1_2
22,4369,22,Female,mc_prob_0.1_FC_0.1_2
23,4403,23,Female,mc_prob_0.1_FC_0.1_2
24,4473,24,Female,mc_prob_0.1_FC_0.1_2
25,4467,25,Female,mc_prob_0.1_FC_0.1_2
26,4516,26,Female,mc_prob_0.1_FC_0.1_2
27,4341,27,Female,mc_prob_0.1_FC_0.1_2
28,4465,28,Female,mc_prob_0.1_FC_0.1_2
29,4529,29,Female,mc_prob_0.1_FC_0.1_2
30,4529,30,Female,mc_prob_0.1_FC_0.1_2
31,4681,31,Female,mc_prob_0.1_FC_0.1_2
32,4549,32,Female,mc_prob_0.1_FC_0.1_2
33,4599,33,Female,mc_prob_0.1_FC_0.1_2
34,4614,34,Female,mc_prob_0.1_FC_0.1_2
35,4746,35,Female,mc_prob_0.1_FC_0.1_2
36,4768,36,Female,mc_prob_0.1_FC_0.1_2
37,4873,37,Female,mc_prob_0.1_FC_0.1_2
38,4776,38,Female,mc_prob_0.1_FC_0.1_2
39,4797,39,Female,mc_prob_0.1_FC_0.1_2
40,4815,40,Female,mc_prob_0.1_FC_0.1_2
41,4836,41,Female,mc_prob_0.1_FC_0.1_2
42,4773,42,Female,mc_prob_0.1_FC_0.1_2
43,4900,43,Female,mc_prob_0.1_FC_0.1_2
44,4820,44,Female,mc_prob_0.1_FC_0.1_2
45,4949,45,Female,mc_prob_0.1_FC_0.1_2
46,4916,46,Female,mc_prob_0.1_FC_0.1_2
47,4719,47,Female,mc_prob_0.1_FC_0.1_2
48,4696,48,Female,mc_prob_0.1_FC_0.1_2
49,4805,49,Female,mc_prob_0.1_FC_0.1_2
50,4946,50,Female,mc_prob_0.1_FC_0.1_2
51,5000,0,Male,mc_prob_0.1_FC_0.1_2
52,4262,1,Male,mc_prob_0.1_FC_0.1_2
53,4148,2,Male,mc_prob_0.1_FC_0.1_2
54,4251,3,Male,mc_prob_0.1_FC_0.1_2
55,4153,4,Male,mc_prob_0.1_FC_0.1_2
56,4226,5,Male,mc_prob_0.1_FC_0.1_2
57,4043,6,Male,mc_prob_0.1_FC_0.1_2
58,4245,7,Male,mc_prob_0.1_FC_0.1_2
59,4200,8,Male,mc_prob_0.1_FC_0.1_2
60,4247,9,Male,mc_prob_0.1_FC_0.1_2
61,4254,10,Male,mc_prob_0.1_FC_0.1_2
62,4311,11,Male,mc_prob_0.1_FC_0.1_2
63,4260,12,Male,mc_prob_0.1_FC_0.1_2
64,4329,13,Male,mc_prob_0.1_FC_0.1_2
65,4333,14,Male,mc_prob_0.1_FC_0.1_2
66,4358,15,Male,mc_prob_0.1_FC_0.1_2
67,4318,16,Male,mc_prob_0.1_FC_0.1_2
68,4412,17,Male,mc_prob_0.1_FC_0.1_2
69,4443,18,Male,mc_prob_0.1_FC_0.1_2
70,4393,19,Male,mc_prob_0.1_FC_0.1_2
71,4442,20,Male,mc_prob_0.1_FC_0.1_2
72,4487,21,Male,mc_prob_0.1_FC_0.1_2
73,4505,22,Male,mc_prob_0.1_FC_0.1_2
74,4508,23,Male,mc_prob_0.1_FC_0.1_2
75,4481,24,Male,mc_prob_0.1_FC_0.1_2
76,4555,25,Male,mc_prob_0.1_FC_0.1_2
77,4578,26,Male,mc_prob_0.1_FC_0.1_2
78,4492,27,Male,mc_prob_0.1_FC_0.1_2
79,4467,28,Male,mc_prob_0.1_FC_0.1_2
80,4670,29,Male,mc_prob_0.1_FC_0.1_2
81,4569,30,Male,mc_prob_0.1_FC_0.1_2
82,4850,31,Male,mc_prob_0.1_FC_0.1_2
83,4638,32,Male,mc_prob_0.1_FC_0.1_2
84,4700,33,Male,mc_prob_0.1_FC_0.1_2
85,4657,34,Male,mc_prob_0.1_FC_0.1_2
86,4754,35,Male,mc_prob_0.1_FC_0.1_2
87,4834,36,Male,mc_prob_0.1_FC_0.1_2
88,4877,37,Male,mc_prob_0.1_FC_0.1_2
89,4831,38,Male,mc_prob_0.1_FC_0.1_2
90,4822,39,Male,mc_prob_0.1_FC_0.1_2
91,4852,40,Male,mc_prob_0.1_FC_0.1_2
92,4957,41,Male,mc_prob_0.1_FC_0.1_2
93,4913,42,Male,mc_prob_0.1_FC_0.1_2
94,4964,43,Male,mc_prob_0.1_FC_0.1_2
95,4899,44,Male,mc_prob_0.1_FC_0.1_2
96,5031,45,Male,mc_prob_0.1_FC_0.1_2
97,4922,46,Male,mc_prob_0.1_FC_0.1_2
98,5018,47,Male,mc_prob_0.1_FC_0.1_2
99,4797,48,Male,mc_prob_0.1_FC_0.1_2
100,4853,49,Male,mc_prob_0.1_FC_0.1_2
101,4955,50,Male,mc_prob_0.1_FC_0.1_2
,Count,Generation,Sex,Run
0,7000,0,Female,mc_prob_0.1_FC_0.1_3
1,4165,1,Female,mc_prob_0.1_FC_0.1_3
2,4146,2,Female,mc_prob_0.1_FC_0.1_3
3,4057,3,Female,mc_prob_0.1_FC_0.1_3
4,4096,4,Female,mc_prob_0.1_FC_0.1_3
5,4053,5,Female,mc_prob_0.1_FC_0.1_3
6,4161,6,Female,mc_prob_0.1_FC_0.1_3
7,4291,7,Female,mc_prob_0.1_FC_0.1_3
8,4152,8,Female,mc_prob_0.1_FC_0.1_3
9,4369,9,Female,mc_prob_0.1_FC_0.1_3
10,4343,10,Female,mc_prob_0.1_FC_0.1_3
11,4350,11,Female,mc_prob_0.1_FC_0.1_3
12,4353,12,Female,mc_prob_0.1_FC_0.1_3
13,4428,13,Female,mc_prob_0.1_FC_0.1_3
14,4478,14,Female,mc_prob_0.1_FC_0.1_3
15,4503,15,Female,mc_prob_0.1_FC_0.1_3
16,4479,16,Female,mc_prob_0.1_FC_0.1_3
17,4372,17,Female,mc_prob_0.1_FC_0.1_3
18,4301,18,Female,mc_prob_0.1_FC_0.1_3
19,4364,19,Female,mc_prob_0.1_FC_0.1_3
20,4479,20,Female,mc_prob_0.1_FC_0.1_3
21,4479,21,Female,mc_prob_0.1_FC_0.1_3
22,4425,22,Female,mc_prob_0.1_FC_0.1_3
23,4525,23,Female,mc_prob_0.1_FC_0.1_3
24,4546,24,Female,mc_prob_0.1_FC_0.1_3
25,4531,25,Female,mc_prob_0.1_FC_0.1_3
26,4541,26,Female,mc_prob_0.1_FC_0.1_3
27,4544,27,Female,mc_prob_0.1_FC_0.1_3
28,4774,28,Female,mc_prob_0.1_FC_0.1_3
29,4663,29,Female,mc_prob_0.1_FC_0.1_3
30,4634,30,Female,mc_prob_0.1_FC_0.1_3
31,4664,31,Female,mc_prob_0.1_FC_0.1_3
32,4644,32,Female,mc_prob_0.1_FC_0.1_3
33,4824,33,Female,mc_prob_0.1_FC_0.1_3
34,4776,34,Female,mc_prob_0.1_FC_0.1_3
35,4883,35,Female,mc_prob_0.1_FC_0.1_3
36,4891,36,Female,mc_prob_0.1_FC_0.1_3
37,4810,37,Female,mc_prob_0.1_FC_0.1_3
38,4808,38,Female,mc_prob_0.1_FC_0.1_3
39,4915,39,Female,mc_prob_0.1_FC_0.1_3
40,4871,40,Female,mc_prob_0.1_FC_0.1_3
41,4890,41,Female,mc_prob_0.1_FC_0.1_3
42,4810,42,Female,mc_prob_0.1_FC_0.1_3
43,4820,43,Female,mc_prob_0.1_FC_0.1_3
44,4766,44,Female,mc_prob_0.1_FC_0.1_3
45,4751,45,Female,mc_prob_0.1_FC_0.1_3
46,4742,46,Female,mc_prob_0.1_FC_0.1_3
47,4718,47,Female,mc_prob_0.1_FC_0.1_3
48,4773,48,Female,mc_prob_0.1_FC_0.1_3
49,4862,49,Female,mc_prob_0.1_FC_0.1_3
50,4895,50,Female,mc_prob_0.1_FC_0.1_3
51,5000,0,Male,mc_prob_0.1_FC_0.1_3
52,4215,1,Male,mc_prob_0.1_FC_0.1_3
53,4198,2,Male,mc_prob_0.1_FC_0.1_3
54,4164,3,Male,mc_prob_0.1_FC_0.1_3
55,4147,4,Male,mc_prob_0.1_FC_0.1_3
56,4212,5,Male,mc_prob_0.1_FC_0.1_3
57,4238,6,Male,mc_prob_0.1_FC_0.1_3
58,4395,7,Male,mc_prob_0.1_FC_0.1_3
59,4204,8,Male,mc_prob_0.1_FC_0.1_3
60,4404,9,Male,mc_prob_0.1_FC_0.1_3
61,4416,10,Male,mc_prob_0.1_FC_0.1_3
62,4391,11,Male,mc_prob_0.1_FC_0.1_3
63,4449,12,Male,mc_prob_0.1_FC_0.1_3
64,4434,13,Male,mc_prob_0.1_FC_0.1_3
65,4599,14,Male,mc_prob_0.1_FC_0.1_3
66,4514,15,Male,mc_prob_0.1_FC_0.1_3
67,4484,16,Male,mc_prob_0.1_FC_0.1_3
68,4629,17,Male,mc_prob_0.1_FC_0.1_3
69,4373,18,Male,mc_prob_0.1_FC_0.1_3
70,4402,19,Male,mc_prob_0.1_FC_0.1_3
71,4633,20,Male,mc_prob_0.1_FC_0.1_3
72,4585,21,Male,mc_prob_0.1_FC_0.1_3
73,4613,22,Male,mc_prob_0.1_FC_0.1_3
74,4548,23,Male,mc_prob_0.1_FC_0.1_3
75,4660,24,Male,mc_prob_0.1_FC_0.1_3
76,4634,25,Male,mc_prob_0.1_FC_0.1_3
77,4559,26,Male,mc_prob_0.1_FC_0.1_3
78,4646,27,Male,mc_prob_0.1_FC_0.1_3
79,4774,28,Male,mc_prob_0.1_FC_0.1_3
80,4731,29,Male,mc_prob_0.1_FC_0.1_3
81,4734,30,Male,mc_prob_0.1_FC_0.1_3
82,4676,31,Male,mc_prob_0.1_FC_0.1_3
83,4662,32,Male,mc_prob_0.1_FC_0.1_3
84,4840,33,Male,mc_prob_0.1_FC_0.1_3
85,4810,34,Male,mc_prob_0.1_FC_0.1_3
86,4943,35,Male,mc_prob_0.1_FC_0.1_3
87,4920,36,Male,mc_prob_0.1_FC_0.1_3
88,4844,37,Male,mc_prob_0.1_FC_0.1_3
89,4813,38,Male,mc_prob_0.1_FC_0.1_3
90,5007,39,Male,mc_prob_0.1_FC_0.1_3
91,4885,40,Male,mc_prob_0.1_FC_0.1_3
92,5015,41,Male,mc_prob_0.1_FC_0.1_3
93,4830,42,Male,mc_prob_0.1_FC_0.1_3
94,4908,43,Male,mc_prob_0.1_FC_0.1_3
95,4809,44,Male,mc_prob_0.1_FC_0.1_3
96,5007,45,Male,mc_prob_0.1_FC_0.1_3
97,4823,46,Male,mc_prob_0.1_FC_0.1_3
98,4846,47,Male,mc_prob_0.1_FC_0.1_3
99,4920,48,Male,mc_prob_0.1_FC_0.1_3
100,4885,49,Male,mc_prob_0.1_FC_0.1_3
101,5002,50,Male,mc_prob_0.1_FC_0.1_3
,Count,Generation,Sex,Run
0,7000,0,Female,mc_prob_0.1_FC_0.1_4
1,4111,1,Female,mc_prob_0.1_FC_0.1_4
2,4073,2,Female,mc_prob_0.1_FC_0.1_4
3,4150,3,Female,mc_prob_0.1_FC_0.1_4
4,4228,4,Female,mc_prob_0.1_FC_0.1_4
5,4304,5,Female,mc_prob_0.1_FC_0.1_4
6,4215,6,Female,mc_prob_0.1_FC_0.1_4
7,4179,7,Female,mc_prob_0.1_FC_0.1_4
8,4234,8,Female,mc_prob_0.1_FC_0.1_4
9,4177,9,Female,mc_prob_0.1_FC_0.1_4
10,4193,10,Female,mc_prob_0.1_FC_0.1_4
11,4307,11,Female,mc_prob_0.1_FC_0.1_4
12,4311,12,Female,mc_prob_0.1_FC_0.1_4
13,4420,13,Female,mc_prob_0.1_FC_0.1_4
14,4402,14,Female,mc_prob_0.1_FC_0.1_4
15,4412,15,Female,mc_prob_0.1_FC_0.1_4
16,4283,16,Female,mc_prob_0.1_FC_0.1_4
17,4468,17,Female,mc_prob_0.1_FC_0.1_4
18,4601,18,Female,mc_prob_0.1_FC_0.1_4
19,4517,19,Female,mc_prob_0.1_FC_0.1_4
20,4611,20,Female,mc_prob_0.1_FC_0.1_4
21,4541,21,Female,mc_prob_0.1_FC_0.1_4
22,4633,22,Female,mc_prob_0.1_FC_0.1_4
23,4652,23,Female,mc_prob_0.1_FC_0.1_4
24,4575,24,Female,mc_prob_0.1_FC_0.1_4
25,4534,25,Female,mc_prob_0.1_FC_0.1_4
26,4646,26,Female,mc_prob_0.1_FC_0.1_4
27,4724,27,Female,mc_prob_0.1_FC_0.1_4
28,4636,28,Female,mc_prob_0.1_FC_0.1_4
29,4618,29,Female,mc_prob_0.1_FC_0.1_4
30,4680,30,Female,mc_prob_0.1_FC_0.1_4
31,4667,31,Female,mc_prob_0.1_FC_0.1_4
32,4721,32,Female,mc_prob_0.1_FC_0.1_4
33,4783,33,Female,mc_prob_0.1_FC_0.1_4
34,4732,34,Female,mc_prob_0.1_FC_0.1_4
35,4841,35,Female,mc_prob_0.1_FC_0.1_4
36,4750,36,Female,mc_prob_0.1_FC_0.1_4
37,4812,37,Female,mc_prob_0.1_FC_0.1_4
38,4794,38,Female,mc_prob_0.1_FC_0.1_4
39,4793,39,Female,mc_prob_0.1_FC_0.1_4
40,4908,40,Female,mc_prob_0.1_FC_0.1_4
41,4975,41,Female,mc_prob_0.1_FC_0.1_4
42,4826,42,Female,mc_prob_0.1_FC_0.1_4
43,4888,43,Female,mc_prob_0.1_FC_0.1_4
44,4894,44,Female,mc_prob_0.1_FC_0.1_4
45,4879,45,Female,mc_prob_0.1_FC_0.1_4
46,4897,46,Female,mc_prob_0.1_FC_0.1_4
47,4987,47,Female,mc_prob_0.1_FC_0.1_4
48,4909,48,Female,mc_prob_0.1_FC_0.1_4
49,4928,49,Female,mc_prob_0.1_FC_0.1_4
50,4960,50,Female,mc_prob_0.1_FC_0.1_4
51,5000,0,Male,mc_prob_0.1_FC_0.1_4
52,4303,1,Male,mc_prob_0.1_FC_0.1_4
53,4126,2,Male,mc_prob_0.1_FC_0.1_4
54,4157,3,Male,mc_prob_0.1_FC_0.1_4
55,4290,4,Male,mc_prob_0.1_FC_0.1_4
56,4314,5,Male,mc_prob_0.1_FC_0.1_4
57,4305,6,Male,mc_prob_0.1_FC_0.1_4
58,4181,7,Male,mc_prob_0.1_FC_0.1_4
59,4300,8,Male,mc_prob_0.1_FC_0.1_4
60,4303,9,Male,mc_prob_0.1_FC_0.1_4
61,4297,10,Male,mc_prob_0.1_FC_0.1_4
62,4331,11,Male,mc_prob_0.1_FC_0.1_4
63,4328,12,Male,mc_prob_0.1_FC_0.1_4
64,4461,13,Male,mc_prob_0.1_FC_0.1_4
65,4406,14,Male,mc_prob_0.1_FC_0.1_4
66,4485,15,Male,mc_prob_0.1_FC_0.1_4
67,4427,16,Male,mc_prob_0.1_FC_0.1_4
68,4498,17,Male,mc_prob_0.1_FC_0.1_4
69,4624,18,Male,mc_prob_0.1_FC_0.1_4
70,4563,19,Male,mc_prob_0.1_FC_0.1_4
71,4643,20,Male,mc_prob_0.1_FC_0.1_4
72,4549,21,Male,mc_prob_0.1_FC_0.1_4
73,4670,22,Male,mc_prob_0.1_FC_0.1_4
74,4656,23,Male,mc_prob_0.1_FC_0.1_4
75,4756,24,Male,mc_prob_0.1_FC_0.1_4
76,4599,25,Male,mc_prob_0.1_FC_0.1_4
77,4657,26,Male,mc_prob_0.1_FC_0.1_4
78,4800,27,Male,mc_prob_0.1_FC_0.1_4
79,4782,28,Male,mc_prob_0.1_FC_0.1_4
80,4680,29,Male,mc_prob_0.1_FC_0.1_4
81,4725,30,Male,mc_prob_0.1_FC_0.1_4
82,4769,31,Male,mc_prob_0.1_FC_0.1_4
83,4796,32,Male,mc_prob_0.1_FC_0.1_4
84,4805,33,Male,mc_prob_0.1_FC_0.1_4
85,4817,34,Male,mc_prob_0.1_FC_0.1_4
86,4849,35,Male,mc_prob_0.1_FC_0.1_4
87,4793,36,Male,mc_prob_0.1_FC_0.1_4
88,4963,37,Male,mc_prob_0.1_FC_0.1_4
89,4843,38,Male,mc_prob_0.1_FC_0.1_4
90,4826,39,Male,mc_prob_0.1_FC_0.1_4
91,4953,40,Male,mc_prob_0.1_FC_0.1_4
92,5009,41,Male,mc_prob_0.1_FC_0.1_4
93,4967,42,Male,mc_prob_0.1_FC_0.1_4
94,4954,43,Male,mc_prob_0.1_FC_0.1_4
95,4924,44,Male,mc_prob_0.1_FC_0.1_4
96,4948,45,Male,mc_prob_0.1_FC_0.1_4
97,5014,46,Male,mc_prob_0.1_FC_0.1_4
98,4993,47,Male,mc_prob_0.1_FC_0.1_4
99,4961,48,Male,mc_prob_0.1_FC_0.1_4
100,4966,49,Male,mc_prob_0.1_FC_0.1_4
101,4976,50,Male,mc_prob_0.1_FC_0.1_4
,Count,Generation,Sex,Run
0,7000,0,Female,mc_prob_0.1_FC_0.1_5
1,4161,1,Female,mc_prob_0.1_FC_0.1_5
2,4231,2,Female,mc_prob_0.1_FC_0.1_5
3,4192,3,Female,mc_prob_0.1_FC_0.1_5
4,4207,4,Female,mc_prob_0.1_FC_0.1_5
5,4258,5,Female,mc_prob_0.1_FC_0.1_5
6,4182,6,Female,mc_prob_0.1_FC_0.1_5
7,4069,7,Female,mc_prob_0.1_FC_0.1_5
8,4120,8,Female,mc_prob_0.1_FC_0.1_5
9,4076,9,Female,mc_prob_0.1_FC_0.1_5
10,4204,10,Female,mc_prob_0.1_FC_0.1_5
11,4202,11,Female,mc_prob_0.1_FC_0.1_5
12,4168,12,Female,mc_prob_0.1_FC_0.1_5
13,4149,13,Female,mc_prob_0.1_FC_0.1_5
14,4195,14,Female,mc_prob_0.1_FC_0.1_5
15,4150,15,Female,mc_prob_0.1_FC_0.1_5
16,4088,16,Female,mc_prob_0.1_FC_0.1_5
17,4237,17,Female,mc_prob_0.1_FC_0.1_5
18,4271,18,Female,mc_prob_0.1_FC_0.1_5
19,4279,19,Female,mc_prob_0.1_FC_0.1_5
20,4224,20,Female,mc_prob_0.1_FC_0.1_5
21,4263,21,Female,mc_prob_0.1_FC_0.1_5
22,4305,22,Female,mc_prob_0.1_FC_0.1_5
23,4281,23,Female,mc_prob_0.1_FC_0.1_5
24,4368,24,Female,mc_prob_0.1_FC_0.1_5
25,4361,25,Female,mc_prob_0.1_FC_0.1_5
26,4316,26,Female,mc_prob_0.1_FC_0.1_5
27,4442,27,Female,mc_prob_0.1_FC_0.1_5
28,4305,28,Female,mc_prob_0.1_FC_0.1_5
29,4298,29,Female,mc_prob_0.1_FC_0.1_5
30,4358,30,Female,mc_prob_0.1_FC_0.1_5
31,4426,31,Female,mc_prob_0.1_FC_0.1_5
32,4497,32,Female,mc_prob_0.1_FC_0.1_5
33,4519,33,Female,mc_prob_0.1_FC_0.1_5
34,4468,34,Female,mc_prob_0.1_FC_0.1_5
35,4468,35,Female,mc_prob_0.1_FC_0.1_5
36,4623,36,Female,mc_prob_0.1_FC_0.1_5
37,4614,37,Female,mc_prob_0.1_FC_0.1_5
38,4596,38,Female,mc_prob_0.1_FC_0.1_5
39,4602,39,Female,mc_prob_0.1_FC_0.1_5
40,4707,40,Female,mc_prob_0.1_FC_0.1_5
41,4677,41,Female,mc_prob_0.1_FC_0.1_5
42,4623,42,Female,mc_prob_0.1_FC_0.1_5
43,4855,43,Female,mc_prob_0.1_FC_0.1_5
44,4792,44,Female,mc_prob_0.1_FC_0.1_5
45,4720,45,Female,mc_prob_0.1_FC_0.1_5
46,4796,46,Female,mc_prob_0.1_FC_0.1_5
47,4717,47,Female,mc_prob_0.1_FC_0.1_5
48,4799,48,Female,mc_prob_0.1_FC_0.1_5
49,4775,49,Female,mc_prob_0.1_FC_0.1_5
50,4794,50,Female,mc_prob_0.1_FC_0.1_5
51,5000,0,Male,mc_prob_0.1_FC_0.1_5
52,4203,1,Male,mc_prob_0.1_FC_0.1_5
53,4234,2,Male,mc_prob_0.1_FC_0.1_5
54,4237,3,Male,mc_prob_0.1_FC_0.1_5
55,4231,4,Male,mc_prob_0.1_FC_0.1_5
56,4304,5,Male,mc_prob_0.1_FC_0.1_5
57,4264,6,Male,mc_prob_0.1_FC_0.1_5
58,4172,7,Male,mc_prob_0.1_FC_0.1_5
59,4162,8,Male,mc_prob_0.1_FC_0.1_5
60,4210,9,Male,mc_prob_0.1_FC_0.1_5
61,4220,10,Male,mc_prob_0.1_FC_0.1_5
62,4377,11,Male,mc_prob_0.1_FC_0.1_5
63,4251,12,Male,mc_prob_0.1_FC_0.1_5
64,4221,13,Male,mc_prob_0.1_FC_0.1_5
65,4219,14,Male,mc_prob_0.1_FC_0.1_5
66,4299,15,Male,mc_prob_0.1_FC_0.1_5
67,4128,16,Male,mc_prob_0.1_FC_0.1_5
68,4340,17,Male,mc_prob_0.1_FC_0.1_5
69,4287,18,Male,mc_prob_0.1_FC_0.1_5
70,4314,19,Male,mc_prob_0.1_FC_0.1_5
71,4279,20,Male,mc_prob_0.1_FC_0.1_5
72,4311,21,Male,mc_prob_0.1_FC_0.1_5
73,4372,22,Male,mc_prob_0.1_FC_0.1_5
74,4410,23,Male,mc_prob_0.1_FC_0.1_5
75,4384,24,Male,mc_prob_0.1_FC_0.1_5
76,4372,25,Male,mc_prob_0.1_FC_0.1_5
77,4466,26,Male,mc_prob_0.1_FC_0.1_5
78,4479,27,Male,mc_prob_0.1_FC_0.1_5
79,4445,28,Male,mc_prob_0.1_FC_0.1_5
80,4384,29,Male,mc_prob_0.1_FC_0.1_5
81,4409,30,Male,mc_prob_0.1_FC_0.1_5
82,4441,31,Male,mc_prob_0.1_FC_0.1_5
83,4585,32,Male,mc_prob_0.1_FC_0.1_5
84,4533,33,Male,mc_prob_0.1_FC_0.1_5
85,4660,34,Male,mc_prob_0.1_FC_0.1_5
86,4502,35,Male,mc_prob_0.1_FC_0.1_5
87,4688,36,Male,mc_prob_0.1_FC_0.1_5
88,4677,37,Male,mc_prob_0.1_FC_0.1_5
89,4632,38,Male,mc_prob_0.1_FC_0.1_5
90,4617,39,Male,mc_prob_0.1_FC_0.1_5
91,4731,40,Male,mc_prob_0.1_FC_0.1_5
92,4764,41,Male,mc_prob_0.1_FC_0.1_5
93,4674,42,Male,mc_prob_0.1_FC_0.1_5
94,4863,43,Male,mc_prob_0.1_FC_0.1_5
95,4860,44,Male,mc_prob_0.1_FC_0.1_5
96,4730,45,Male,mc_prob_0.1_FC_0.1_5
97,4816,46,Male,mc_prob_0.1_FC_0.1_5
98,4737,47,Male,mc_prob_0.1_FC_0.1_5
99,4800,48,Male,mc_prob_0.1_FC_0.1_5
100,4872,49,Male,mc_prob_0.1_FC_0.1_5
101,4825,50,Male,mc_prob_0.1_FC_0.1_5
,Count,Generation,Sex,Run
0,7000,0,Female,mc_prob_0.1_FC_0.1_6
1,4154,1,Female,mc_prob_0.1_FC_0.1_6
2,3989,2,Female,mc_prob_0.1_FC_0.1_6
3,4034,3,Female,mc_prob_0.1_FC_0.1_6
4,4065,4,Female,mc_prob_0.1_FC_0.1_6
5,4145,5,Female,mc_prob_0.1_FC_0.1_6
6,4113,6,Female,mc_prob_0.1_FC_0.1_6
7,4095,7,Female,mc_prob_0.1_FC_0.1_6
8,4169,8,Female,mc_prob_0.1_FC_0.1_6
9,4277,9,Female,mc_prob_0.1_FC_0.1_6
10,4236,10,Female,mc_prob_0.1_FC_0.1_6
11,4278,11,Female,mc_prob_0.1_FC_0.1_6
12,4277,12,Female,mc_prob_0.1_FC_0.1_6
13,4243,13,Female,mc_prob_0.1_FC_0.1_6
14,4265,14,Female,mc_prob_0.1_FC_0.1_6
15,4276,15,Female,mc_prob_0.1_FC_0.1_6
16,4279,16,Female,mc_prob_0.1_FC_0.1_6
17,4347,17,Female,mc_prob_0.1_FC_0.1_6
18,4435,18,Female,mc_prob_0.1_FC_0.1_6
19,4337,19,Female,mc_prob_0.1_FC_0.1_6
20,4303,20,Female,mc_prob_0.1_FC_0.1_6
21,4305,21,Female,mc_prob_0.1_FC_0.1_6
22,4381,22,Female,mc_prob_0.1_FC_0.1_6
23,4399,23,Female,mc_prob_0.1_FC_0.1_6
24,4532,24,Female,mc_prob_0.1_FC_0.1_6
25,4531,25,Female,mc_prob_0.1_FC_0.1_6
26,4627,26,Female,mc_prob_0.1_FC_0.1_6
27,4537,27,Female,mc_prob_0.1_FC_0.1_6
28,4602,28,Female,mc_prob_0.1_FC_0.1_6
29,4605,29,Female,mc_prob_0.1_FC_0.1_6
30,4623,30,Female,mc_prob_0.1_FC_0.1_6
31,4594,31,Female,mc_prob_0.1_FC_0.1_6
32,4711,32,Female,mc_prob_0.1_FC_0.1_6
33,4575,33,Female,mc_prob_0.1_FC_0.1_6
34,4725,34,Female,mc_prob_0.1_FC_0.1_6
35,4790,35,Female,mc_prob_0.1_FC_0.1_6
36,4725,36,Female,mc_prob_0.1_FC_0.1_6
37,4690,37,Female,mc_prob_0.1_FC_0.1_6
38,4716,38,Female,mc_prob_0.1_FC_0.1_6
39,4891,39,Female,mc_prob_0.1_FC_0.1_6
40,4736,40,Female,mc_prob_0.1_FC_0.1_6
41,4863,41,Female,mc_prob_0.1_FC_0.1_6
42,4763,42,Female,mc_prob_0.1_FC_0.1_6
43,4851,43,Female,mc_prob_0.1_FC_0.1_6
44,4935,44,Female,mc_prob_0.1_FC_0.1_6
45,4939,45,Female,mc_prob_0.1_FC_0.1_6
46,4772,46,Female,mc_prob_0.1_FC_0.1_6
47,4814,47,Female,mc_prob_0.1_FC_0.1_6
48,4918,48,Female,mc_prob_0.1_FC_0.1_6
49,4808,49,Female,mc_prob_0.1_FC_0.1_6
50,4799,50,Female,mc_prob_0.1_FC_0.1_6
51,5000,0,Male,mc_prob_0.1_FC_0.1_6
52,4213,1,Male,mc_prob_0.1_FC_0.1_6
53,4114,2,Male,mc_prob_0.1_FC_0.1_6
54,4115,3,Male,mc_prob_0.1_FC_0.1_6
55,4149,4,Male,mc_prob_0.1_FC_0.1_6
56,4162,5,Male,mc_prob_0.1_FC_0.1_6
57,4294,6,Male,mc_prob_0.1_FC_0.1_6
58,4149,7,Male,mc_prob_0.1_FC_0.1_6
59,4173,8,Male,mc_prob_0.1_FC_0.1_6
60,4337,9,Male,mc_prob_0.1_FC_0.1_6
61,4251,10,Male,mc_prob_0.1_FC_0.1_6
62,4293,11,Male,mc_prob_0.1_FC_0.1_6
63,4350,12,Male,mc_prob_0.1_FC_0.1_6
64,4243,13,Male,mc_prob_0.1_FC_0.1_6
65,4303,14,Male,mc_prob_0.1_FC_0.1_6
66,4292,15,Male,mc_prob_0.1_FC_0.1_6
67,4304,16,Male,mc_prob_0.1_FC_0.1_6
68,4362,17,Male,mc_prob_0.1_FC_0.1_6
69,4455,18,Male,mc_prob_0.1_FC_0.1_6
70,4399,19,Male,mc_prob_0.1_FC_0.1_6
71,4378,20,Male,mc_prob_0.1_FC_0.1_6
72,4508,21,Male,mc_prob_0.1_FC_0.1_6
73,4418,22,Male,mc_prob_0.1_FC_0.1_6
74,4413,23,Male,mc_prob_0.1_FC_0.1_6
75,4582,24,Male,mc_prob_0.1_FC_0.1_6
76,4631,25,Male,mc_prob_0.1_FC_0.1_6
77,4656,26,Male,mc_prob_0.1_FC_0.1_6
78,4542,27,Male,mc_prob_0.1_FC_0.1_6
79,4620,28,Male,mc_prob_0.1_FC_0.1_6
80,4665,29,Male,mc_prob_0.1_FC_0.1_6
81,4732,30,Male,mc_prob_0.1_FC_0.1_6
82,4636,31,Male,mc_prob_0.1_FC_0.1_6
83,4768,32,Male,mc_prob_0.1_FC_0.1_6
84,4625,33,Male,mc_prob_0.1_FC_0.1_6
85,4808,34,Male,mc_prob_0.1_FC_0.1_6
86,4814,35,Male,mc_prob_0.1_FC_0.1_6
87,4730,36,Male,mc_prob_0.1_FC_0.1_6
88,4693,37,Male,mc_prob_0.1_FC_0.1_6
89,4857,38,Male,mc_prob_0.1_FC_0.1_6
90,4920,39,Male,mc_prob_0.1_FC_0.1_6
91,4779,40,Male,mc_prob_0.1_FC_0.1_6
92,4932,41,Male,mc_prob_0.1_FC_0.1_6
93,4916,42,Male,mc_prob_0.1_FC_0.1_6
94,4875,43,Male,mc_prob_0.1_FC_0.1_6
95,4952,44,Male,mc_prob_0.1_FC_0.1_6
96,4944,45,Male,mc_prob_0.1_FC_0.1_6
97,4918,46,Male,mc_prob_0.1_FC_0.1_6
98,4832,47,Male,mc_prob_0.1_FC_0.1_6
99,4974,48,Male,mc_prob_0.1_FC_0.1_6
100,4919,49,Male,mc_prob_0.1_FC_0.1_6
101,4823,50,Male,mc_prob_0.1_FC_0.1_6
,Count,Generation,Sex,Run
0,7000,0,Female,mc_prob_0.1_FC_0.1_7
1,4149,1,Female,mc_prob_0.1_FC_0.1_7
2,4093,2,Female,mc_prob_0.1_FC_0.1_7
3,4109,3,Female,mc_prob_0.1_FC_0.1_7
4,4119,4,Female,mc_prob_0.1_FC_0.1_7
5,4155,5,Female,mc_prob_0.1_FC_0.1_7
6,4299,6,Female,mc_prob_0.1_FC_0.1_7
7,4147,7,Female,mc_prob_0.1_FC_0.1_7
8,4098,8,Female,mc_prob_0.1_FC_0.1_7
9,4133,9,Female,mc_prob_0.1_FC_0.1_7
10,4260,10,Female,mc_prob_0.1_FC_0.1_7
11,4222,11,Female,mc_prob_0.1_FC_0.1_7
12,4228,12,Female,mc_prob_0.1_FC_0.1_7
13,4110,13,Female,mc_prob_0.1_FC_0.1_7
14,4235,14,Female,mc_prob_0.1_FC_0.1_7
15,4251,15,Female,mc_prob_0.1_FC_0.1_7
16,4330,16,Female,mc_prob_0.1_FC_0.1_7
17,4371,17,Female,mc_prob_0.1_FC_0.1_7
18,4322,18,Female,mc_prob_0.1_FC_0.1_7
19,4329,19,Female,mc_prob_0.1_FC_0.1_7
20,4348,20,Female,mc_prob_0.1_FC_0.1_7
21,4290,21,Female,mc_prob_0.1_FC_0.1_7
22,4342,22,Female,mc_prob_0.1_FC_0.1_7
23,4368,23,Female,mc_prob_0.1_FC_0.1_7
24,4514,24,Female,mc_prob_0.1_FC_0.1_7
25,4333,25,Female,mc_prob_0.1_FC_0.1_7
26,4392,26,Female,mc_prob_0.1_FC_0.1_7
27,4392,27,Female,mc_prob_0.1_FC_0.1_7
28,4436,28,Female,mc_prob_0.1_FC_0.1_7
29,4443,29,Female,mc_prob_0.1_FC_0.1_7
30,4453,30,Female,mc_prob_0.1_FC_0.1_7
31,4483,31,Female,mc_prob_0.1_FC_0.1_7
32,4630,32,Female,mc_prob_0.1_FC_0.1_7
33,4498,33,Female,mc_prob_0.1_FC_0.1_7
34,4555,34,Female,mc_prob_0.1_FC_0.1_7
35,4489,35,Female,mc_prob_0.1_FC_0.1_7
36,4599,36,Female,mc_prob_0.1_FC_0.1_7
37,4544,37,Female,mc_prob_0.1_FC_0.1_7
38,4614,38,Female,mc_prob_0.1_FC_0.1_7
39,4589,39,Female,mc_prob_0.1_FC_0.1_7
40,4607,40,Female,mc_prob_0.1_FC_0.1_7
41,4503,41,Female,mc_prob_0.1_FC_0.1_7
42,4644,42,Female,mc_prob_0.1_FC_0.1_7
43,4628,43,Female,mc_prob_0.1_FC_0.1_7
44,4771,44,Female,mc_prob_0.1_FC_0.1_7
45,4790,45,Female,mc_prob_0.1_FC_0.1_7
46,4754,46,Female,mc_prob_0.1_FC_0.1_7
47,4873,47,Female,mc_prob_0.1_FC_0.1_7
48,4838,48,Female,mc_prob_0.1_FC_0.1_7
49,4753,49,Female,mc_prob_0.1_FC_0.1_7
50,4835,50,Female,mc_prob_0.1_FC_0.1_7
51,5000,0,Male,mc_prob_0.1_FC_0.1_7
52,4309,1,Male,mc_prob_0.1_FC_0.1_7
53,4180,2,Male,mc_prob_0.1_FC_0.1_7
54,4135,3,Male,mc_prob_0.1_FC_0.1_7
55,4120,4,Male,mc_prob_0.1_FC_0.1_7
56,4181,5,Male,mc_prob_0.1_FC_0.1_7
57,4300,6,Male,mc_prob_0.1_FC_0.1_7
58,4170,7,Male,mc_prob_0.1_FC_0.1_7
59,4144,8,Male,mc_prob_0.1_FC_0.1_7
60,4136,9,Male,mc_prob_0.1_FC_0.1_7
61,4320,10,Male,mc_prob_0.1_FC_0.1_7
62,4235,11,Male,mc_prob_0.1_FC_0.1_7
63,4326,12,Male,mc_prob_0.1_FC_0.1_7
64,4159,13,Male,mc_prob_0.1_FC_0.1_7
65,4314,14,Male,mc_prob_0.1_FC_0.1_7
66,4287,15,Male,mc_prob_0.1_FC_0.1_7
67,4347,16,Male,mc_prob_0.1_FC_0.1_7
68,4410,17,Male,mc_prob_0.1_FC_0.1_7
69,4416,18,Male,mc_prob_0.1_FC_0.1_7
70,4374,19,Male,mc_prob_0.1_FC_0.1_7
71,4471,20,Male,mc_prob_0.1_FC_0.1_7
72,4503,21,Male,mc_prob_0.1_FC_0.1_7
73,4488,22,Male,mc_prob_0.1_FC_0.1_7
74,4414,23,Male,mc_prob_0.1_FC_0.1_7
75,4521,24,Male,mc_prob_0.1_FC_0.1_7
76,4353,25,Male,mc_prob_0.1_FC_0.1_7
77,4472,26,Male,mc_prob_0.1_FC_0.1_7
78,4464,27,Male,mc_prob_0.1_FC_0.1_7
79,4461,28,Male,mc_prob_0.1_FC_0.1_7
80,4453,29,Male,mc_prob_0.1_FC_0.1_7
81,4564,30,Male,mc_prob_0.1_FC_0.1_7
82,4486,31,Male,mc_prob_0.1_FC_0.1_7
83,4639,32,Male,mc_prob_0.1_FC_0.1_7
84,4551,33,Male,mc_prob_0.1_FC_0.1_7
85,4558,34,Male,mc_prob_0.1_FC_0.1_7
86,4562,35,Male,mc_prob_0.1_FC_0.1_7
87,4690,36,Male,mc_prob_0.1_FC_0.1_7
88,4671,37,Male,mc_prob_0.1_FC_0.1_7
89,4633,38,Male,mc_prob_0.1_FC_0.1_7
90,4691,39,Male,mc_prob_0.1_FC_0.1_7
91,4743,40,Male,mc_prob_0.1_FC_0.1_7
92,4574,41,Male,mc_prob_0.1_FC_0.1_7
93,4752,42,Male,mc_prob_0.1_FC_0.1_7
94,4669,43,Male,mc_prob_0.1_FC_0.1_7
95,4776,44,Male,mc_prob_0.1_FC_0.1_7
96,4798,45,Male,mc_prob_0.1_FC_0.1_7
97,4873,46,Male,mc_prob_0.1_FC_0.1_7
98,4907,47,Male,mc_prob_0.1_FC_0.1_7
99,4974,48,Male,mc_prob_0.1_FC_0.1_7
100,4774,49,Male,mc_prob_0.1_FC_0.1_7
101,4847,50,Male,mc_prob_0.1_FC_0.1_7
,Count,Generation,Sex,Run
0,7000,0,Female,mc_prob_0.1_FC_0.1_8
1,4202,1,Female,mc_prob_0.1_FC_0.1_8
2,4093,2,Female,mc_prob_0.1_FC_0.1_8
3,4140,3,Female,mc_prob_0.1_FC_0.1_8
4,4296,4,Female,mc_prob_0.1_FC_0.1_8
5,4257,5,Female,mc_prob_0.1_FC_0.1_8
6,4215,6,Female,mc_prob_0.1_FC_0.1_8
7,4218,7,Female,mc_prob_0.1_FC_0.1_8
8,4160,8,Female,mc_prob_0.1_FC_0.1_8
9,4348,9,Female,mc_prob_0.1_FC_0.1_8
10,4239,10,Female,mc_prob_0.1_FC_0.1_8
11,4303,11,Female,mc_prob_0.1_FC_0.1_8
12,4393,12,Female,mc_prob_0.1_FC_0.1_8
13,4389,13,Female,mc_prob_0.1_FC_0.1_8
14,4394,14,Female,mc_prob_0.1_FC_0.1_8
15,4441,15,Female,mc_prob_0.1_FC_0.1_8
16,4494,16,Female,mc_prob_0.1_FC_0.1_8
17,4484,17,Female,mc_prob_0.1_FC_0.1_8
18,4432,18,Female,mc_prob_0.1_FC_0.1_8
19,4517,19,Female,mc_prob_0.1_FC_0.1_8
20,4382,20,Female,mc_prob_0.1_FC_0.1_8
21,4527,21,Female,mc_prob_0.1_FC_0.1_8
22,4656,22,Female,mc_prob_0.1_FC_0.1_8
23,4696,23,Female,mc_prob_0.1_FC_0.1_8
24,4583,24,Female,mc_prob_0.1_FC_0.1_8
25,4648,25,Female,mc_prob_0.1_FC_0.1_8
26,4638,26,Female,mc_prob_0.1_FC_0.1_8
27,4634,27,Female,mc_prob_0.1_FC_0.1_8
28,4615,28,Female,mc_prob_0.1_FC_0.1_8
29,4456,29,Female,mc_prob_0.1_FC_0.1_8
30,4622,30,Female,mc_prob_0.1_FC_0.1_8
31,4784,31,Female,mc_prob_0.1_FC_0.1_8
32,4976,32,Female,mc_prob_0.1_FC_0.1_8
33,4826,33,Female,mc_prob_0.1_FC_0.1_8
34,4860,34,Female,mc_prob_0.1_FC_0.1_8
35,4828,35,Female,mc_prob_0.1_FC_0.1_8
36,4764,36,Female,mc_prob_0.1_FC_0.1_8
37,4790,37,Female,mc_prob_0.1_FC_0.1_8
38,4949,38,Female,mc_prob_0.1_FC_0.1_8
39,4812,39,Female,mc_prob_0.1_FC_0.1_8
40,4786,40,Female,mc_prob_0.1_FC_0.1_8
41,4765,41,Female,mc_prob_0.1_FC_0.1_8
42,4850,42,Female,mc_prob_0.1_FC_0.1_8
43,4758,43,Female,mc_prob_0.1_FC_0.1_8
44,4898,44,Female,mc_prob_0.1_FC_0.1_8
45,4884,45,Female,mc_prob_0.1_FC_0.1_8
46,4826,46,Female,mc_prob_0.1_FC_0.1_8
47,4924,47,Female,mc_prob_0.1_FC_0.1_8
48,4954,48,Female,mc_prob_0.1_FC_0.1_8
49,4977,49,Female,mc_prob_0.1_FC_0.1_8
50,5010,50,Female,mc_prob_0.1_FC_0.1_8
51,5000,0,Male,mc_prob_0.1_FC_0.1_8
52,4231,1,Male,mc_prob_0.1_FC_0.1_8
53,4123,2,Male,mc_prob_0.1_FC_0.1_8
54,4204,3,Male,mc_prob_0.1_FC_0.1_8
55,4429,4,Male,mc_prob_0.1_FC_0.1_8
56,4274,5,Male,mc_prob_0.1_FC_0.1_8
57,4224,6,Male,mc_prob_0.1_FC_0.1_8
58,4394,7,Male,mc_prob_0.1_FC_0.1_8
59,4195,8,Male,mc_prob_0.1_FC_0.1_8
60,4369,9,Male,mc_prob_0.1_FC_0.1_8
61,4268,10,Male,mc_prob_0.1_FC_0.1_8
62,4337,11,Male,mc_prob_0.1_FC_0.1_8
63,4474,12,Male,mc_prob_0.1_FC_0.1_8
64,4451,13,Male,mc_prob_0.1_FC_0.1_8
65,4434,14,Male,mc_prob_0.1_FC_0.1_8
66,4499,15,Male,mc_prob_0.1_FC_0.1_8
67,4574,16,Male,mc_prob_0.1_FC_0.1_8
68,4494,17,Male,mc_prob_0.1_FC_0.1_8
69,4526,18,Male,mc_prob_0.1_FC_0.1_8
70,4563,19,Male,mc_prob_0.1_FC_0.1_8
71,4453,20,Male,mc_prob_0.1_FC_0.1_8
72,4531,21,Male,mc_prob_0.1_FC_0.1_8
73,4660,22,Male,mc_prob_0.1_FC_0.1_8
74,4783,23,Male,mc_prob_0.1_FC_0.1_8
75,4620,24,Male,mc_prob_0.1_FC_0.1_8
76,4663,25,Male,mc_prob_0.1_FC_0.1_8
77,4699,26,Male,mc_prob_0.1_FC_0.1_8
78,4749,27,Male,mc_prob_0.1_FC_0.1_8
79,4804,28,Male,mc_prob_0.1_FC_0.1_8
80,4640,29,Male,mc_prob_0.1_FC_0.1_8
81,4676,30,Male,mc_prob_0.1_FC_0.1_8
82,4794,31,Male,mc_prob_0.1_FC_0.1_8
83,4991,32,Male,mc_prob_0.1_FC_0.1_8
84,4862,33,Male,mc_prob_0.1_FC_0.1_8
85,4863,34,Male,mc_prob_0.1_FC_0.1_8
86,4949,35,Male,mc_prob_0.1_FC_0.1_8
87,4910,36,Male,mc_prob_0.1_FC_0.1_8
88,4791,37,Male,mc_prob_0.1_FC_0.1_8
89,4949,38,Male,mc_prob_0.1_FC_0.1_8
90,4867,39,Male,mc_prob_0.1_FC_0.1_8
91,4924,40,Male,mc_prob_0.1_FC_0.1_8
92,4799,41,Male,mc_prob_0.1_FC_0.1_8
93,4855,42,Male,mc_prob_0.1_FC_0.1_8
94,4964,43,Male,mc_prob_0.1_FC_0.1_8
95,4924,44,Male,mc_prob_0.1_FC_0.1_8
96,4912,45,Male,mc_prob_0.1_FC_0.1_8
97,4861,46,Male,mc_prob_0.1_FC_0.1_8
98,5057,47,Male,mc_prob_0.1_FC_0.1_8
99,4976,48,Male,mc_prob_0.1_FC_0.1_8
100,5005,49,Male,mc_prob_0.1_FC_0.1_8
101,5058,50,Male,mc_prob_0.1_FC_0.1_8
,Count,Generation,Sex,Run
0,7000,0,Female,mc_prob_0.1_FC_0.1_9
1,4265,1,Female,mc_prob_0.1_FC_0.1_9
2,4130,2,Female,mc_prob_0.1_FC_0.1_9
3,4167,3,Female,mc_prob_0.1_FC_0.1_9
4,4185,4,Female,mc_prob_0.1_FC_0.1_9
5,4170,5,Female,mc_prob_0.1_FC_0.1_9
6,4098,6,Female,mc_prob_0.1_FC_0.1_9
7,4281,7,Female,mc_prob_0.1_FC_0.1_9
8,4136,8,Female,mc_prob_0.1_FC_0.1_9
9,4300,9,Female,mc_prob_0.1_FC_0.1_9
10,4285,10,Female,mc_prob_0.1_FC_0.1_9
11,4169,11,Female,mc_prob_0.1_FC_0.1_9
12,4141,12,Female,mc_prob_0.1_FC_0.1_9
13,4151,13,Female,mc_prob_0.1_FC_0.1_9
14,4220,14,Female,mc_prob_0.1_FC_0.1_9
15,4275,15,Female,mc_prob_0.1_FC_0.1_9
16,4279,16,Female,mc_prob_0.1_FC_0.1_9
17,4383,17,Female,mc_prob_0.1_FC_0.1_9
18,4313,18,Female,mc_prob_0.1_FC_0.1_9
19,4408,19,Female,mc_prob_0.1_FC_0.1_9
20,4356,20,Female,mc_prob_0.1_FC_0.1_9
21,4378,21,Female,mc_prob_0.1_FC_0.1_9
22,4415,22,Female,mc_prob_0.1_FC_0.1_9
23,4512,23,Female,mc_prob_0.1_FC_0.1_9
24,4505,24,Female,mc_prob_0.1_FC_0.1_9
25,4612,25,Female,mc_prob_0.1_FC_0.1_9
26,4691,26,Female,mc_prob_0.1_FC_0.1_9
27,4555,27,Female,mc_prob_0.1_FC_0.1_9
28,4630,28,Female,mc_prob_0.1_FC_0.1_9
29,4490,29,Female,mc_prob_0.1_FC_0.1_9
30,4678,30,Female,mc_prob_0.1_FC_0.1_9
31,4593,31,Female,mc_prob_0.1_FC_0.1_9
32,4633,32,Female,mc_prob_0.1_FC_0.1_9
33,4774,33,Female,mc_prob_0.1_FC_0.1_9
34,4754,34,Female,mc_prob_0.1_FC_0.1_9
35,4657,35,Female,mc_prob_0.1_FC_0.1_9
36,4641,36,Female,mc_prob_0.1_FC_0.1_9
37,4724,37,Female,mc_prob_0.1_FC_0.1_9
38,4813,38,Female,mc_prob_0.1_FC_0.1_9
39,4768,39,Female,mc_prob_0.1_FC_0.1_9
40,4884,40,Female,mc_prob_0.1_FC_0.1_9
41,4844,41,Female,mc_prob_0.1_FC_0.1_9
42,4921,42,Female,mc_prob_0.1_FC_0.1_9
43,4898,43,Female,mc_prob_0.1_FC_0.1_9
44,4897,44,Female,mc_prob_0.1_FC_0.1_9
45,4789,45,Female,mc_prob_0.1_FC_0.1_9
46,4781,46,Female,mc_prob_0.1_FC_0.1_9
47,4907,47,Female,mc_prob_0.1_FC_0.1_9
48,4906,48,Female,mc_prob_0.1_FC_0.1_9
49,4959,49,Female,mc_prob_0.1_FC_0.1_9
50,4984,50,Female,mc_prob_0.1_FC_0.1_9
51,5000,0,Male,mc_prob_0.1_FC_0.1_9
52,4315,1,Male,mc_prob_0.1_FC_0.1_9
53,4137,2,Male,mc_prob_0.1_FC_0.1_9
54,4259,3,Male,mc_prob_0.1_FC_0.1_9
55,4233,4,Male,mc_prob_0.1_FC_0.1_9
56,4294,5,Male,mc_prob_0.1_FC_0.1_9
57,4134,6,Male,mc_prob_0.1_FC_0.1_9
58,4310,7,Male,mc_prob_0.1_FC_0.1_9
59,4229,8,Male,mc_prob_0.1_FC_0.1_9
60,4311,9,Male,mc_prob_0.1_FC_0.1_9
61,4355,10,Male,mc_prob_0.1_FC_0.1_9
62,4255,11,Male,mc_prob_0.1_FC_0.1_9
63,4263,12,Male,mc_prob_0.1_FC_0.1_9
64,4186,13,Male,mc_prob_0.1_FC_0.1_9
65,4239,14,Male,mc_prob_0.1_FC_0.1_9
66,4453,15,Male,mc_prob_0.1_FC_0.1_9
67,4361,16,Male,mc_prob_0.1_FC_0.1_9
68,4394,17,Male,mc_prob_0.1_FC_0.1_9
69,4436,18,Male,mc_prob_0.1_FC_0.1_9
70,4517,19,Male,mc_prob_0.1_FC_0.1_9
71,4443,20,Male,mc_prob_0.1_FC_0.1_9
72,4404,21,Male,mc_prob_0.1_FC_0.1_9
73,4422,22,Male,mc_prob_0.1_FC_0.1_9
74,4545,23,Male,mc_prob_0.1_FC_0.1_9
75,4592,24,Male,mc_prob_0.1_FC_0.1_9
76,4647,25,Male,mc_prob_0.1_FC_0.1_9
77,4754,26,Male,mc_prob_0.1_FC_0.1_9
78,4561,27,Male,mc_prob_0.1_FC_0.1_9
79,4863,28,Male,mc_prob_0.1_FC_0.1_9
80,4491,29,Male,mc_prob_0.1_FC_0.1_9
81,4751,30,Male,mc_prob_0.1_FC_0.1_9
82,4666,31,Male,mc_prob_0.1_FC_0.1_9
83,4687,32,Male,mc_prob_0.1_FC_0.1_9
84,4851,33,Male,mc_prob_0.1_FC_0.1_9
85,4803,34,Male,mc_prob_0.1_FC_0.1_9
86,4877,35,Male,mc_prob_0.1_FC_0.1_9
87,4739,36,Male,mc_prob_0.1_FC_0.1_9
88,4758,37,Male,mc_prob_0.1_FC_0.1_9
89,4818,38,Male,mc_prob_0.1_FC_0.1_9
90,4805,39,Male,mc_prob_0.1_FC_0.1_9
91,4914,40,Male,mc_prob_0.1_FC_0.1_9
92,4922,41,Male,mc_prob_0.1_FC_0.1_9
93,4937,42,Male,mc_prob_0.1_FC_0.1_9
94,4984,43,Male,mc_prob_0.1_FC_0.1_9
95,4902,44,Male,mc_prob_0.1_FC_0.1_9
96,5021,45,Male,mc_prob_0.1_FC_0.1_9
97,4804,46,Male,mc_prob_0.1_FC_0.1_9
98,4965,47,Male,mc_prob_0.1_FC_0.1_9
99,4945,48,Male,mc_prob_0.1_FC_0.1_9
100,4965,49,Male,mc_prob_0.1_FC_0.1_9
101,5005,50,Male,mc_prob_0.1_FC_0.1_9
,Count,Generation,Sex,Run
0,7000,0,Female,mc_prob_0.1_FC_0.1_10
1,4124,1,Female,mc_prob_0.1_FC_0.1_10
2,4226,2,Female,mc_prob_0.1_FC_0.1_10
3,4186,3,Female,mc_prob_0.1_FC_0.1_10
4,4241,4,Female,mc_prob_0.1_FC_0.1_10
5,4240,5,Female,mc_prob_0.1_FC_0.1_10
6,4302,6,Female,mc_prob_0.1_FC_0.1_10
7,4109,7,Female,mc_prob_0.1_FC_0.1_10
8,4071,8,Female,mc_prob_0.1_FC_0.1_10
9,4226,9,Female,mc_prob_0.1_FC_0.1_10
10,4187,10,Female,mc_prob_0.1_FC_0.1_10
11,4282,11,Female,mc_prob_0.1_FC_0.1_10
12,4382,12,Female,mc_prob_0.1_FC_0.1_10
13,4367,13,Female,mc_prob_0.1_FC_0.1_10
14,4275,14,Female,mc_prob_0.1_FC_0.1_10
15,4357,15,Female,mc_prob_0.1_FC_0.1_10
16,4463,16,Female,mc_prob_0.1_FC_0.1_10
17,4372,17,Female,mc_prob_0.1_FC_0.1_10
18,4377,18,Female,mc_prob_0.1_FC_0.1_10
19,4428,19,Female,mc_prob_0.1_FC_0.1_10
20,4545,20,Female,mc_prob_0.1_FC_0.1_10
21,4432,21,Female,mc_prob_0.1_FC_0.1_10
22,4529,22,Female,mc_prob_0.1_FC_0.1_10
23,4532,23,Female,mc_prob_0.1_FC_0.1_10
24,4659,24,Female,mc_prob_0.1_FC_0.1_10
25,4488,25,Female,mc_prob_0.1_FC_0.1_10
26,4464,26,Female,mc_prob_0.1_FC_0.1_10
27,4515,27,Female,mc_prob_0.1_FC_0.1_10
28,4496,28,Female,mc_prob_0.1_FC_0.1_10
29,4653,29,Female,mc_prob_0.1_FC_0.1_10
30,4662,30,Female,mc_prob_0.1_FC_0.1_10
31,4714,31,Female,mc_prob_0.1_FC_0.1_10
32,4626,32,Female,mc_prob_0.1_FC_0.1_10
33,4720,33,Female,mc_prob_0.1_FC_0.1_10
34,4625,34,Female,mc_prob_0.1_FC_0.1_10
35,4617,35,Female,mc_prob_0.1_FC_0.1_10
36,4564,36,Female,mc_prob_0.1_FC_0.1_10
37,4794,37,Female,mc_prob_0.1_FC_0.1_10
38,4735,38,Female,mc_prob_0.1_FC_0.1_10
39,4839,39,Female,mc_prob_0.1_FC_0.1_10
40,4867,40,Female,mc_prob_0.1_FC_0.1_10
41,4902,41,Female,mc_prob_0.1_FC_0.1_10
42,4761,42,Female,mc_prob_0.1_FC_0.1_10
43,4687,43,Female,mc_prob_0.1_FC_0.1_10
44,4881,44,Female,mc_prob_0.1_FC_0.1_10
45,4818,45,Female,mc_prob_0.1_FC_0.1_10
46,4700,46,Female,mc_prob_0.1_FC_0.1_10
47,4819,47,Female,mc_prob_0.1_FC_0.1_10
48,4798,48,Female,mc_prob_0.1_FC_0.1_10
49,4926,49,Female,mc_prob_0.1_FC_0.1_10
50,4849,50,Female,mc_prob_0.1_FC_0.1_10
51,5000,0,Male,mc_prob_0.1_FC_0.1_10
52,4186,1,Male,mc_prob_0.1_FC_0.1_10
53,4255,2,Male,mc_prob_0.1_FC_0.1_10
54,4215,3,Male,mc_prob_0.1_FC_0.1_10
55,4292,4,Male,mc_prob_0.1_FC_0.1_10
56,4278,5,Male,mc_prob_0.1_FC_0.1_10
57,4394,6,Male,mc_prob_0.1_FC_0.1_10
58,4221,7,Male,mc_prob_0.1_FC_0.1_10
59,4168,8,Male,mc_prob_0.1_FC_0.1_10
60,4234,9,Male,mc_prob_0.1_FC_0.1_10
61,4301,10,Male,mc_prob_0.1_FC_0.1_10
62,4314,11,Male,mc_prob_0.1_FC_0.1_10
63,4399,12,Male,mc_prob_0.1_FC_0.1_10
64,4387,13,Male,mc_prob_0.1_FC_0.1_10
65,4354,14,Male,mc_prob_0.1_FC_0.1_10
66,4360,15,Male,mc_prob_0.1_FC_0.1_10
67,4502,16,Male,mc_prob_0.1_FC_0.1_10
68,4382,17,Male,mc_prob_0.1_FC_0.1_10
69,4413,18,Male,mc_prob_0.1_FC_0.1_10
70,4448,19,Male,mc_prob_0.1_FC_0.1_10
71,4547,20,Male,mc_prob_0.1_FC_0.1_10
72,4527,21,Male,mc_prob_0.1_FC_0.1_10
73,4567,22,Male,mc_prob_0.1_FC_0.1_10
74,4551,23,Male,mc_prob_0.1_FC_0.1_10
75,4682,24,Male,mc_prob_0.1_FC_0.1_10
76,4775,25,Male,mc_prob_0.1_FC_0.1_10
77,4529,26,Male,mc_prob_0.1_FC_0.1_10
78,4720,27,Male,mc_prob_0.1_FC_0.1_10
79,4582,28,Male,mc_prob_0.1_FC_0.1_10
80,4690,29,Male,mc_prob_0.1_FC_0.1_10
81,4686,30,Male,mc_prob_0.1_FC_0.1_10
82,4763,31,Male,mc_prob_0.1_FC_0.1_10
83,4675,32,Male,mc_prob_0.1_FC_0.1_10
84,4921,33,Male,mc_prob_0.1_FC_0.1_10
85,4693,34,Male,mc_prob_0.1_FC_0.1_10
86,4852,35,Male,mc_prob_0.1_FC_0.1_10
87,4708,36,Male,mc_prob_0.1_FC_0.1_10
88,4820,37,Male,mc_prob_0.1_FC_0.1_10
89,4854,38,Male,mc_prob_0.1_FC_0.1_10
90,4853,39,Male,mc_prob_0.1_FC_0.1_10
91,4946,40,Male,mc_prob_0.1_FC_0.1_10
92,4933,41,Male,mc_prob_0.1_FC_0.1_10
93,4925,42,Male,mc_prob_0.1_FC_0.1_10
94,4779,43,Male,mc_prob_0.1_FC_0.1_10
95,4911,44,Male,mc_prob_0.1_FC_0.1_10
96,4913,45,Male,mc_prob_0.1_FC_0.1_10
97,4824,46,Male,mc_prob_0.1_FC_0.1_10
98,4888,47,Male,mc_prob_0.1_FC_0.1_10
99,4816,48,Male,mc_prob_0.1_FC_0.1_10
100,4965,49,Male,mc_prob_0.1_FC_0.1_10
101,4983,50,Male,mc_prob_0.1_FC_0.1_10
,Count,Generation,Sex,Run
0,7000,0,Female,mc_prob_0.1_FC_0.15_1
1,4150,1,Female,mc_prob_0.1_FC_0.15_1
2,4177,2,Female,mc_prob_0.1_FC_0.15_1
3,4266,3,Female,mc_prob_0.1_FC_0.15_1
4,4217,4,Female,mc_prob_0.1_FC_0.15_1
5,4299,5,Female,mc_prob_0.1_FC_0.15_1
6,4436,6,Female,mc_prob_0.1_FC_0.15_1
7,4500,7,Female,mc_prob_0.1_FC_0.15_1
8,4463,8,Female,mc_prob_0.1_FC_0.15_1
9,4384,9,Female,mc_prob_0.1_FC_0.15_1
10,4549,10,Female,mc_prob_0.1_FC_0.15_1
11,4582,11,Female,mc_prob_0.1_FC_0.15_1
12,4635,12,Female,mc_prob_0.1_FC_0.15_1
13,4664,13,Female,mc_prob_0.1_FC_0.15_1
14,4687,14,Female,mc_prob_0.1_FC_0.15_1
15,4688,15,Female,mc_prob_0.1_FC_0.15_1
16,4549,16,Female,mc_prob_0.1_FC_0.15_1
17,4795,17,Female,mc_prob_0.1_FC_0.15_1
18,4843,18,Female,mc_prob_0.1_FC_0.15_1
19,4785,19,Female,mc_prob_0.1_FC_0.15_1
20,4823,20,Female,mc_prob_0.1_FC_0.15_1
21,4853,21,Female,mc_prob_0.1_FC_0.15_1
22,4815,22,Female,mc_prob_0.1_FC_0.15_1
23,4870,23,Female,mc_prob_0.1_FC_0.15_1
24,4806,24,Female,mc_prob_0.1_FC_0.15_1
25,4871,25,Female,mc_prob_0.1_FC_0.15_1
26,4937,26,Female,mc_prob_0.1_FC_0.15_1
27,4845,27,Female,mc_prob_0.1_FC_0.15_1
28,4987,28,Female,mc_prob_0.1_FC_0.15_1
29,5032,29,Female,mc_prob_0.1_FC_0.15_1
30,4927,30,Female,mc_prob_0.1_FC_0.15_1
31,4768,31,Female,mc_prob_0.1_FC_0.15_1
32,4868,32,Female,mc_prob_0.1_FC_0.15_1
33,4987,33,Female,mc_prob_0.1_FC_0.15_1
34,5119,34,Female,mc_prob_0.1_FC_0.15_1
35,4982,35,Female,mc_prob_0.1_FC_0.15_1
36,4848,36,Female,mc_prob_0.1_FC_0.15_1
37,4822,37,Female,mc_prob_0.1_FC_0.15_1
38,4802,38,Female,mc_prob_0.1_FC_0.15_1
39,4722,39,Female,mc_prob_0.1_FC_0.15_1
40,4796,40,Female,mc_prob_0.1_FC_0.15_1
41,4834,41,Female,mc_prob_0.1_FC_0.15_1
42,4982,42,Female,mc_prob_0.1_FC_0.15_1
43,4899,43,Female,mc_prob_0.1_FC_0.15_1
44,4916,44,Female,mc_prob_0.1_FC_0.15_1
45,4968,45,Female,mc_prob_0.1_FC_0.15_1
46,4919,46,Female,mc_prob_0.1_FC_0.15_1
47,4987,47,Female,mc_prob_0.1_FC_0.15_1
48,5107,48,Female,mc_prob_0.1_FC_0.15_1
49,5000,49,Female,mc_prob_0.1_FC_0.15_1
50,5024,50,Female,mc_prob_0.1_FC_0.15_1
51,5000,0,Male,mc_prob_0.1_FC_0.15_1
52,4168,1,Male,mc_prob_0.1_FC_0.15_1
53,4215,2,Male,mc_prob_0.1_FC_0.15_1
54,4300,3,Male,mc_prob_0.1_FC_0.15_1
55,4308,4,Male,mc_prob_0.1_FC_0.15_1
56,4305,5,Male,mc_prob_0.1_FC_0.15_1
57,4460,6,Male,mc_prob_0.1_FC_0.15_1
58,4556,7,Male,mc_prob_0.1_FC_0.15_1
59,4681,8,Male,mc_prob_0.1_FC_0.15_1
60,4394,9,Male,mc_prob_0.1_FC_0.15_1
61,4600,10,Male,mc_prob_0.1_FC_0.15_1
62,4712,11,Male,mc_prob_0.1_FC_0.15_1
63,4680,12,Male,mc_prob_0.1_FC_0.15_1
64,4664,13,Male,mc_prob_0.1_FC_0.15_1
65,4767,14,Male,mc_prob_0.1_FC_0.15_1
66,4909,15,Male,mc_prob_0.1_FC_0.15_1
67,4665,16,Male,mc_prob_0.1_FC_0.15_1
68,4806,17,Male,mc_prob_0.1_FC_0.15_1
69,4850,18,Male,mc_prob_0.1_FC_0.15_1
70,4848,19,Male,mc_prob_0.1_FC_0.15_1
71,4881,20,Male,mc_prob_0.1_FC_0.15_1
72,4882,21,Male,mc_prob_0.1_FC_0.15_1
73,4885,22,Male,mc_prob_0.1_FC_0.15_1
74,4927,23,Male,mc_prob_0.1_FC_0.15_1
75,4830,24,Male,mc_prob_0.1_FC_0.15_1
76,4960,25,Male,mc_prob_0.1_FC_0.15_1
77,5013,26,Male,mc_prob_0.1_FC_0.15_1
78,4925,27,Male,mc_prob_0.1_FC_0.15_1
79,4997,28,Male,mc_prob_0.1_FC_0.15_1
80,5101,29,Male,mc_prob_0.1_FC_0.15_1
81,4971,30,Male,mc_prob_0.1_FC_0.15_1
82,4945,31,Male,mc_prob_0.1_FC_0.15_1
83,4870,32,Male,mc_prob_0.1_FC_0.15_1
84,4991,33,Male,mc_prob_0.1_FC_0.15_1
85,5136,34,Male,mc_prob_0.1_FC_0.15_1
86,4990,35,Male,mc_prob_0.1_FC_0.15_1
87,4923,36,Male,mc_prob_0.1_FC_0.15_1
88,5079,37,Male,mc_prob_0.1_FC_0.15_1
89,4965,38,Male,mc_prob_0.1_FC_0.15_1
90,4971,39,Male,mc_prob_0.1_FC_0.15_1
91,4835,40,Male,mc_prob_0.1_FC_0.15_1
92,4942,41,Male,mc_prob_0.1_FC_0.15_1
93,4995,42,Male,mc_prob_0.1_FC_0.15_1
94,4967,43,Male,mc_prob_0.1_FC_0.15_1
95,4934,44,Male,mc_prob_0.1_FC_0.15_1
96,5018,45,Male,mc_prob_0.1_FC_0.15_1
97,4934,46,Male,mc_prob_0.1_FC_0.15_1
98,5023,47,Male,mc_prob_0.1_FC_0.15_1
99,5166,48,Male,mc_prob_0.1_FC_0.15_1
100,5048,49,Male,mc_prob_0.1_FC_0.15_1
101,5062,50,Male,mc_prob_0.1_FC_0.15_1
,Count,Generation,Sex,Run
0,7000,0,Female,mc_prob_0.1_FC_0.15_2
1,4092,1,Female,mc_prob_0.1_FC_0.15_2
2,4089,2,Female,mc_prob_0.1_FC_0.15_2
3,4177,3,Female,mc_prob_0.1_FC_0.15_2
4,4241,4,Female,mc_prob_0.1_FC_0.15_2
5,4171,5,Female,mc_prob_0.1_FC_0.15_2
6,4244,6,Female,mc_prob_0.1_FC_0.15_2
7,4307,7,Female,mc_prob_0.1_FC_0.15_2
8,4370,8,Female,mc_prob_0.1_FC_0.15_2
9,4412,9,Female,mc_prob_0.1_FC_0.15_2
10,4503,10,Female,mc_prob_0.1_FC_0.15_2
11,4595,11,Female,mc_prob_0.1_FC_0.15_2
12,4652,12,Female,mc_prob_0.1_FC_0.15_2
13,4622,13,Female,mc_prob_0.1_FC_0.15_2
14,4640,14,Female,mc_prob_0.1_FC_0.15_2
15,4544,15,Female,mc_prob_0.1_FC_0.15_2
16,4593,16,Female,mc_prob_0.1_FC_0.15_2
17,4757,17,Female,mc_prob_0.1_FC_0.15_2
18,4814,18,Female,mc_prob_0.1_FC_0.15_2
19,4820,19,Female,mc_prob_0.1_FC_0.15_2
20,4882,20,Female,mc_prob_0.1_FC_0.15_2
21,5018,21,Female,mc_prob_0.1_FC_0.15_2
22,4949,22,Female,mc_prob_0.1_FC_0.15_2
23,4910,23,Female,mc_prob_0.1_FC_0.15_2
24,4818,24,Female,mc_prob_0.1_FC_0.15_2
25,4772,25,Female,mc_prob_0.1_FC_0.15_2
26,4872,26,Female,mc_prob_0.1_FC_0.15_2
27,5005,27,Female,mc_prob_0.1_FC_0.15_2
28,5121,28,Female,mc_prob_0.1_FC_0.15_2
29,4891,29,Female,mc_prob_0.1_FC_0.15_2
30,4979,30,Female,mc_prob_0.1_FC_0.15_2
31,4941,31,Female,mc_prob_0.1_FC_0.15_2
32,4999,32,Female,mc_prob_0.1_FC_0.15_2
33,4994,33,Female,mc_prob_0.1_FC_0.15_2
34,5024,34,Female,mc_prob_0.1_FC_0.15_2
35,5054,35,Female,mc_prob_0.1_FC_0.15_2
36,5040,36,Female,mc_prob_0.1_FC_0.15_2
37,5000,37,Female,mc_prob_0.1_FC_0.15_2
38,4911,38,Female,mc_prob_0.1_FC_0.15_2
39,4901,39,Female,mc_prob_0.1_FC_0.15_2
40,4938,40,Female,mc_prob_0.1_FC_0.15_2
41,4900,41,Female,mc_prob_0.1_FC_0.15_2
42,4909,42,Female,mc_prob_0.1_FC_0.15_2
43,4912,43,Female,mc_prob_0.1_FC_0.15_2
44,4927,44,Female,mc_prob_0.1_FC_0.15_2
45,4942,45,Female,mc_prob_0.1_FC_0.15_2
46,4901,46,Female,mc_prob_0.1_FC_0.15_2
47,4877,47,Female,mc_prob_0.1_FC_0.15_2
48,4896,48,Female,mc_prob_0.1_FC_0.15_2
49,4976,49,Female,mc_prob_0.1_FC_0.15_2
50,4990,50,Female,mc_prob_0.1_FC_0.15_2
51,5000,0,Male,mc_prob_0.1_FC_0.15_2
52,4146,1,Male,mc_prob_0.1_FC_0.15_2
53,4102,2,Male,mc_prob_0.1_FC_0.15_2
54,4221,3,Male,mc_prob_0.1_FC_0.15_2
55,4244,4,Male,mc_prob_0.1_FC_0.15_2
56,4273,5,Male,mc_prob_0.1_FC_0.15_2
57,4288,6,Male,mc_prob_0.1_FC_0.15_2
58,4377,7,Male,mc_prob_0.1_FC_0.15_2
59,4423,8,Male,mc_prob_0.1_FC_0.15_2
60,4457,9,Male,mc_prob_0.1_FC_0.15_2
61,4515,10,Male,mc_prob_0.1_FC_0.15_2
62,4648,11,Male,mc_prob_0.1_FC_0.15_2
63,4706,12,Male,mc_prob_0.1_FC_0.15_2
64,4640,13,Male,mc_prob_0.1_FC_0.15_2
65,4723,14,Male,mc_prob_0.1_FC_0.15_2
66,4747,15,Male,mc_prob_0.1_FC_0.15_2
67,4702,16,Male,mc_prob_0.1_FC_0.15_2
68,4766,17,Male,mc_prob_0.1_FC_0.15_2
69,4862,18,Male,mc_prob_0.1_FC_0.15_2
70,4963,19,Male,mc_prob_0.1_FC_0.15_2
71,4883,20,Male,mc_prob_0.1_FC_0.15_2
72,5032,21,Male,mc_prob_0.1_FC_0.15_2
73,5016,22,Male,mc_prob_0.1_FC_0.15_2
74,4912,23,Male,mc_prob_0.1_FC_0.15_2
75,4915,24,Male,mc_prob_0.1_FC_0.15_2
76,5021,25,Male,mc_prob_0.1_FC_0.15_2
77,4892,26,Male,mc_prob_0.1_FC_0.15_2
78,5006,27,Male,mc_prob_0.1_FC_0.15_2
79,5124,28,Male,mc_prob_0.1_FC_0.15_2
80,4917,29,Male,mc_prob_0.1_FC_0.15_2
81,5066,30,Male,mc_prob_0.1_FC_0.15_2
82,4947,31,Male,mc_prob_0.1_FC_0.15_2
83,5019,32,Male,mc_prob_0.1_FC_0.15_2
84,5002,33,Male,mc_prob_0.1_FC_0.15_2
85,5061,34,Male,mc_prob_0.1_FC_0.15_2
86,5104,35,Male,mc_prob_0.1_FC_0.15_2
87,5075,36,Male,mc_prob_0.1_FC_0.15_2
88,5066,37,Male,mc_prob_0.1_FC_0.15_2
89,4994,38,Male,mc_prob_0.1_FC_0.15_2
90,4979,39,Male,mc_prob_0.1_FC_0.15_2
91,4967,40,Male,mc_prob_0.1_FC_0.15_2
92,4911,41,Male,mc_prob_0.1_FC_0.15_2
93,5011,42,Male,mc_prob_0.1_FC_0.15_2
94,4936,43,Male,mc_prob_0.1_FC_0.15_2
95,5007,44,Male,mc_prob_0.1_FC_0.15_2
96,5074,45,Male,mc_prob_0.1_FC_0.15_2
97,4991,46,Male,mc_prob_0.1_FC_0.15_2
98,4943,47,Male,mc_prob_0.1_FC_0.15_2
99,4934,48,Male,mc_prob_0.1_FC_0.15_2
100,4980,49,Male,mc_prob_0.1_FC_0.15_2
101,5072,50,Male,mc_prob_0.1_FC_0.15_2
,Count,Generation,Sex,Run
0,7000,0,Female,mc_prob_0.1_FC_0.15_3
1,4097,1,Female,mc_prob_0.1_FC_0.15_3
2,4070,2,Female,mc_prob_0.1_FC_0.15_3
3,3975,3,Female,mc_prob_0.1_FC_0.15_3
4,4081,4,Female,mc_prob_0.1_FC_0.15_3
5,4252,5,Female,mc_prob_0.1_FC_0.15_3
6,4378,6,Female,mc_prob_0.1_FC_0.15_3
7,4459,7,Female,mc_prob_0.1_FC_0.15_3
8,4471,8,Female,mc_prob_0.1_FC_0.15_3
9,4388,9,Female,mc_prob_0.1_FC_0.15_3
10,4397,10,Female,mc_prob_0.1_FC_0.15_3
11,4471,11,Female,mc_prob_0.1_FC_0.15_3
12,4461,12,Female,mc_prob_0.1_FC_0.15_3
13,4508,13,Female,mc_prob_0.1_FC_0.15_3
14,4625,14,Female,mc_prob_0.1_FC_0.15_3
15,4564,15,Female,mc_prob_0.1_FC_0.15_3
16,4668,16,Female,mc_prob_0.1_FC_0.15_3
17,4717,17,Female,mc_prob_0.1_FC_0.15_3
18,4806,18,Female,mc_prob_0.1_FC_0.15_3
19,4738,19,Female,mc_prob_0.1_FC_0.15_3
20,4712,20,Female,mc_prob_0.1_FC_0.15_3
21,4833,21,Female,mc_prob_0.1_FC_0.15_3
22,4830,22,Female,mc_prob_0.1_FC_0.15_3
23,4950,23,Female,mc_prob_0.1_FC_0.15_3
24,4965,24,Female,mc_prob_0.1_FC_0.15_3
25,4924,25,Female,mc_prob_0.1_FC_0.15_3
26,4898,26,Female,mc_prob_0.1_FC_0.15_3
27,4969,27,Female,mc_prob_0.1_FC_0.15_3
28,5026,28,Female,mc_prob_0.1_FC_0.15_3
29,5010,29,Female,mc_prob_0.1_FC_0.15_3
30,4959,30,Female,mc_prob_0.1_FC_0.15_3
31,4964,31,Female,mc_prob_0.1_FC_0.15_3
32,4796,32,Female,mc_prob_0.1_FC_0.15_3
33,4796,33,Female,mc_prob_0.1_FC_0.15_3
34,4938,34,Female,mc_prob_0.1_FC_0.15_3
35,4832,35,Female,mc_prob_0.1_FC_0.15_3
36,5026,36,Female,mc_prob_0.1_FC_0.15_3
37,4977,37,Female,mc_prob_0.1_FC_0.15_3
38,4894,38,Female,mc_prob_0.1_FC_0.15_3
39,4840,39,Female,mc_prob_0.1_FC_0.15_3
40,4821,40,Female,mc_prob_0.1_FC_0.15_3
41,4784,41,Female,mc_prob_0.1_FC_0.15_3
42,4811,42,Female,mc_prob_0.1_FC_0.15_3
43,4972,43,Female,mc_prob_0.1_FC_0.15_3
44,4873,44,Female,mc_prob_0.1_FC_0.15_3
45,5119,45,Female,mc_prob_0.1_FC_0.15_3
46,4954,46,Female,mc_prob_0.1_FC_0.15_3
47,4968,47,Female,mc_prob_0.1_FC_0.15_3
48,4992,48,Female,mc_prob_0.1_FC_0.15_3
49,4901,49,Female,mc_prob_0.1_FC_0.15_3
50,4993,50,Female,mc_prob_0.1_FC_0.15_3
51,5000,0,Male,mc_prob_0.1_FC_0.15_3
52,4137,1,Male,mc_prob_0.1_FC_0.15_3
53,4095,2,Male,mc_prob_0.1_FC_0.15_3
54,4233,3,Male,mc_prob_0.1_FC_0.15_3
55,4107,4,Male,mc_prob_0.1_FC_0.15_3
56,4267,5,Male,mc_prob_0.1_FC_0.15_3
57,4503,6,Male,mc_prob_0.1_FC_0.15_3
58,4539,7,Male,mc_prob_0.1_FC_0.15_3
59,4473,8,Male,mc_prob_0.1_FC_0.15_3
60,4607,9,Male,mc_prob_0.1_FC_0.15_3
61,4554,10,Male,mc_prob_0.1_FC_0.15_3
62,4517,11,Male,mc_prob_0.1_FC_0.15_3
63,4625,12,Male,mc_prob_0.1_FC_0.15_3
64,4525,13,Male,mc_prob_0.1_FC_0.15_3
65,4702,14,Male,mc_prob_0.1_FC_0.15_3
66,4703,15,Male,mc_prob_0.1_FC_0.15_3
67,4817,16,Male,mc_prob_0.1_FC_0.15_3
68,4833,17,Male,mc_prob_0.1_FC_0.15_3
69,4841,18,Male,mc_prob_0.1_FC_0.15_3
70,4775,19,Male,mc_prob_0.1_FC_0.15_3
71,4746,20,Male,mc_prob_0.1_FC_0.15_3
72,4856,21,Male,mc_prob_0.1_FC_0.15_3
73,4840,22,Male,mc_prob_0.1_FC_0.15_3
74,4950,23,Male,mc_prob_0.1_FC_0.15_3
75,5037,24,Male,mc_prob_0.1_FC_0.15_3
76,5014,25,Male,mc_prob_0.1_FC_0.15_3
77,4960,26,Male,mc_prob_0.1_FC_0.15_3
78,4999,27,Male,mc_prob_0.1_FC_0.15_3
79,5037,28,Male,mc_prob_0.1_FC_0.15_3
80,5075,29,Male,mc_prob_0.1_FC_0.15_3
81,4983,30,Male,mc_prob_0.1_FC_0.15_3
82,5041,31,Male,mc_prob_0.1_FC_0.15_3
83,4960,32,Male,mc_prob_0.1_FC_0.15_3
84,4928,33,Male,mc_prob_0.1_FC_0.15_3
85,4954,34,Male,mc_prob_0.1_FC_0.15_3
86,4902,35,Male,mc_prob_0.1_FC_0.15_3
87,5046,36,Male,mc_prob_0.1_FC_0.15_3
88,4984,37,Male,mc_prob_0.1_FC_0.15_3
89,5026,38,Male,mc_prob_0.1_FC_0.15_3
90,4888,39,Male,mc_prob_0.1_FC_0.15_3
91,5108,40,Male,mc_prob_0.1_FC_0.15_3
92,4908,41,Male,mc_prob_0.1_FC_0.15_3
93,4921,42,Male,mc_prob_0.1_FC_0.15_3
94,5006,43,Male,mc_prob_0.1_FC_0.15_3
95,4933,44,Male,mc_prob_0.1_FC_0.15_3
96,5176,45,Male,mc_prob_0.1_FC_0.15_3
97,5109,46,Male,mc_prob_0.1_FC_0.15_3
98,4999,47,Male,mc_prob_0.1_FC_0.15_3
99,5140,48,Male,mc_prob_0.1_FC_0.15_3
100,5014,49,Male,mc_prob_0.1_FC_0.15_3
101,5019,50,Male,mc_prob_0.1_FC_0.15_3
,Count,Generation,Sex,Run
0,7000,0,Female,mc_prob_0.1_FC_0.15_4
1,4158,1,Female,mc_prob_0.1_FC_0.15_4
2,4097,2,Female,mc_prob_0.1_FC_0.15_4
3,4105,3,Female,mc_prob_0.1_FC_0.15_4
4,4245,4,Female,mc_prob_0.1_FC_0.15_4
5,4193,5,Female,mc_prob_0.1_FC_0.15_4
6,4202,6,Female,mc_prob_0.1_FC_0.15_4
7,4361,7,Female,mc_prob_0.1_FC_0.15_4
8,4276,8,Female,mc_prob_0.1_FC_0.15_4
9,4398,9,Female,mc_prob_0.1_FC_0.15_4
10,4457,10,Female,mc_prob_0.1_FC_0.15_4
11,4570,11,Female,mc_prob_0.1_FC_0.15_4
12,4617,12,Female,mc_prob_0.1_FC_0.15_4
13,4635,13,Female,mc_prob_0.1_FC_0.15_4
14,4733,14,Female,mc_prob_0.1_FC_0.15_4
15,4684,15,Female,mc_prob_0.1_FC_0.15_4
16,4660,16,Female,mc_prob_0.1_FC_0.15_4
17,4684,17,Female,mc_prob_0.1_FC_0.15_4
18,4818,18,Female,mc_prob_0.1_FC_0.15_4
19,4928,19,Female,mc_prob_0.1_FC_0.15_4
20,4939,20,Female,mc_prob_0.1_FC_0.15_4
21,4800,21,Female,mc_prob_0.1_FC_0.15_4
22,4833,22,Female,mc_prob_0.1_FC_0.15_4
23,4784,23,Female,mc_prob_0.1_FC_0.15_4
24,4924,24,Female,mc_prob_0.1_FC_0.15_4
25,4978,25,Female,mc_prob_0.1_FC_0.15_4
26,5015,26,Female,mc_prob_0.1_FC_0.15_4
27,4881,27,Female,mc_prob_0.1_FC_0.15_4
28,4861,28,Female,mc_prob_0.1_FC_0.15_4
29,4851,29,Female,mc_prob_0.1_FC_0.15_4
30,4998,30,Female,mc_prob_0.1_FC_0.15_4
31,5060,31,Female,mc_prob_0.1_FC_0.15_4
32,4877,32,Female,mc_prob_0.1_FC_0.15_4
33,4833,33,Female,mc_prob_0.1_FC_0.15_4
34,4885,34,Female,mc_prob_0.1_FC_0.15_4
35,4956,35,Female,mc_prob_0.1_FC_0.15_4
36,4879,36,Female,mc_prob_0.1_FC_0.15_4
37,4961,37,Female,mc_prob_0.1_FC_0.15_4
38,4914,38,Female,mc_prob_0.1_FC_0.15_4
39,4865,39,Female,mc_prob_0.1_FC_0.15_4
40,4928,40,Female,mc_prob_0.1_FC_0.15_4
41,4900,41,Female,mc_prob_0.1_FC_0.15_4
42,4944,42,Female,mc_prob_0.1_FC_0.15_4
43,4910,43,Female,mc_prob_0.1_FC_0.15_4
44,4868,44,Female,mc_prob_0.1_FC_0.15_4
45,5090,45,Female,mc_prob_0.1_FC_0.15_4
46,5075,46,Female,mc_prob_0.1_FC_0.15_4
47,4976,47,Female,mc_prob_0.1_FC_0.15_4
48,4957,48,Female,mc_prob_0.1_FC_0.15_4
49,5062,49,Female,mc_prob_0.1_FC_0.15_4
50,4877,50,Female,mc_prob_0.1_FC_0.15_4
51,5000,0,Male,mc_prob_0.1_FC_0.15_4
52,4159,1,Male,mc_prob_0.1_FC_0.15_4
53,4182,2,Male,mc_prob_0.1_FC_0.15_4
54,4177,3,Male,mc_prob_0.1_FC_0.15_4
55,4246,4,Male,mc_prob_0.1_FC_0.15_4
56,4223,5,Male,mc_prob_0.1_FC_0.15_4
57,4249,6,Male,mc_prob_0.1_FC_0.15_4
58,4389,7,Male,mc_prob_0.1_FC_0.15_4
59,4439,8,Male,mc_prob_0.1_FC_0.15_4
60,4473,9,Male,mc_prob_0.1_FC_0.15_4
61,4463,10,Male,mc_prob_0.1_FC_0.15_4
62,4572,11,Male,mc_prob_0.1_FC_0.15_4
63,4640,12,Male,mc_prob_0.1_FC_0.15_4
64,4711,13,Male,mc_prob_0.1_FC_0.15_4
65,4743,14,Male,mc_prob_0.1_FC_0.15_4
66,4712,15,Male,mc_prob_0.1_FC_0.15_4
67,4754,16,Male,mc_prob_0.1_FC_0.15_4
68,4752,17,Male,mc_prob_0.1_FC_0.15_4
69,4849,18,Male,mc_prob_0.1_FC_0.15_4
70,4946,19,Male,mc_prob_0.1_FC_0.15_4
71,4970,20,Male,mc_prob_0.1_FC_0.15_4
72,4865,21,Male,mc_prob_0.1_FC_0.15_4
73,4876,22,Male,mc_prob_0.1_FC_0.15_4
74,4834,23,Male,mc_prob_0.1_FC_0.15_4
75,4964,24,Male,mc_prob_0.1_FC_0.15_4
76,4979,25,Male,mc_prob_0.1_FC_0.15_4
77,5056,26,Male,mc_prob_0.1_FC_0.15_4
78,4936,27,Male,mc_prob_0.1_FC_0.15_4
79,4899,28,Male,mc_prob_0.1_FC_0.15_4
80,4982,29,Male,mc_prob_0.1_FC_0.15_4
81,5017,30,Male,mc_prob_0.1_FC_0.15_4
82,5175,31,Male,mc_prob_0.1_FC_0.15_4
83,4964,32,Male,mc_prob_0.1_FC_0.15_4
84,5021,33,Male,mc_prob_0.1_FC_0.15_4
85,4888,34,Male,mc_prob_0.1_FC_0.15_4
86,4984,35,Male,mc_prob_0.1_FC_0.15_4
87,5012,36,Male,mc_prob_0.1_FC_0.15_4
88,5037,37,Male,mc_prob_0.1_FC_0.15_4
89,5025,38,Male,mc_prob_0.1_FC_0.15_4
90,5002,39,Male,mc_prob_0.1_FC_0.15_4
91,5001,40,Male,mc_prob_0.1_FC_0.15_4
92,4980,41,Male,mc_prob_0.1_FC_0.15_4
93,4948,42,Male,mc_prob_0.1_FC_0.15_4
94,5071,43,Male,mc_prob_0.1_FC_0.15_4
95,4954,44,Male,mc_prob_0.1_FC_0.15_4
96,5145,45,Male,mc_prob_0.1_FC_0.15_4
97,5146,46,Male,mc_prob_0.1_FC_0.15_4
98,5048,47,Male,mc_prob_0.1_FC_0.15_4
99,4961,48,Male,mc_prob_0.1_FC_0.15_4
100,5116,49,Male,mc_prob_0.1_FC_0.15_4
101,4992,50,Male,mc_prob_0.1_FC_0.15_4
,Count,Generation,Sex,Run
0,7000,0,Female,mc_prob_0.1_FC_0.15_5
1,4128,1,Female,mc_prob_0.1_FC_0.15_5
2,4186,2,Female,mc_prob_0.1_FC_0.15_5
3,4246,3,Female,mc_prob_0.1_FC_0.15_5
4,4147,4,Female,mc_prob_0.1_FC_0.15_5
5,4234,5,Female,mc_prob_0.1_FC_0.15_5
6,4334,6,Female,mc_prob_0.1_FC_0.15_5
7,4368,7,Female,mc_prob_0.1_FC_0.15_5
8,4470,8,Female,mc_prob_0.1_FC_0.15_5
9,4396,9,Female,mc_prob_0.1_FC_0.15_5
10,4444,10,Female,mc_prob_0.1_FC_0.15_5
11,4616,11,Female,mc_prob_0.1_FC_0.15_5
12,4639,12,Female,mc_prob_0.1_FC_0.15_5
13,4769,13,Female,mc_prob_0.1_FC_0.15_5
14,4764,14,Female,mc_prob_0.1_FC_0.15_5
15,4763,15,Female,mc_prob_0.1_FC_0.15_5
16,4780,16,Female,mc_prob_0.1_FC_0.15_5
17,4797,17,Female,mc_prob_0.1_FC_0.15_5
18,4805,18,Female,mc_prob_0.1_FC_0.15_5
19,4822,19,Female,mc_prob_0.1_FC_0.15_5
20,4786,20,Female,mc_prob_0.1_FC_0.15_5
21,4831,21,Female,mc_prob_0.1_FC_0.15_5
22,4758,22,Female,mc_prob_0.1_FC_0.15_5
23,4809,23,Female,mc_prob_0.1_FC_0.15_5
24,4837,24,Female,mc_prob_0.1_FC_0.15_5
25,4792,25,Female,mc_prob_0.1_FC_0.15_5
26,4849,26,Female,mc_prob_0.1_FC_0.15_5
27,4983,27,Female,mc_prob_0.1_FC_0.15_5
28,4824,28,Female,mc_prob_0.1_FC_0.15_5
29,4843,29,Female,mc_prob_0.1_FC_0.15_5
30,4903,30,Female,mc_prob_0.1_FC_0.15_5
31,4887,31,Female,mc_prob_0.1_FC_0.15_5
32,4912,32,Female,mc_prob_0.1_FC_0.15_5
33,4908,33,Female,mc_prob_0.1_FC_0.15_5
34,4879,34,Female,mc_prob_0.1_FC_0.15_5
35,5019,35,Female,mc_prob_0.1_FC_0.15_5
36,4880,36,Female,mc_prob_0.1_FC_0.15_5
37,4864,37,Female,mc_prob_0.1_FC_0.15_5
38,4779,38,Female,mc_prob_0.1_FC_0.15_5
39,4910,39,Female,mc_prob_0.1_FC_0.15_5
40,4895,40,Female,mc_prob_0.1_FC_0.15_5
41,4909,41,Female,mc_prob_0.1_FC_0.15_5
42,5023,42,Female,mc_prob_0.1_FC_0.15_5
43,4934,43,Female,mc_prob_0.1_FC_0.15_5
44,5083,44,Female,mc_prob_0.1_FC_0.15_5
45,5040,45,Female,mc_prob_0.1_FC_0.15_5
46,5080,46,Female,mc_prob_0.1_FC_0.15_5
47,5062,47,Female,mc_prob_0.1_FC_0.15_5
48,4947,48,Female,mc_prob_0.1_FC_0.15_5
49,5009,49,Female,mc_prob_0.1_FC_0.15_5
50,5004,50,Female,mc_prob_0.1_FC_0.15_5
51,5000,0,Male,mc_prob_0.1_FC_0.15_5
52,4146,1,Male,mc_prob_0.1_FC_0.15_5
53,4200,2,Male,mc_prob_0.1_FC_0.15_5
54,4384,3,Male,mc_prob_0.1_FC_0.15_5
55,4227,4,Male,mc_prob_0.1_FC_0.15_5
56,4263,5,Male,mc_prob_0.1_FC_0.15_5
57,4375,6,Male,mc_prob_0.1_FC_0.15_5
58,4392,7,Male,mc_prob_0.1_FC_0.15_5
59,4475,8,Male,mc_prob_0.1_FC_0.15_5
60,4474,9,Male,mc_prob_0.1_FC_0.15_5
61,4497,10,Male,mc_prob_0.1_FC_0.15_5
62,4669,11,Male,mc_prob_0.1_FC_0.15_5
63,4674,12,Male,mc_prob_0.1_FC_0.15_5
64,4792,13,Male,mc_prob_0.1_FC_0.15_5
65,4771,14,Male,mc_prob_0.1_FC_0.15_5
66,4877,15,Male,mc_prob_0.1_FC_0.15_5
67,4796,16,Male,mc_prob_0.1_FC_0.15_5
68,4888,17,Male,mc_prob_0.1_FC_0.15_5
69,4863,18,Male,mc_prob_0.1_FC_0.15_5
70,4872,19,Male,mc_prob_0.1_FC_0.15_5
71,4854,20,Male,mc_prob_0.1_FC_0.15_5
72,4886,21,Male,mc_prob_0.1_FC_0.15_5
73,4775,22,Male,mc_prob_0.1_FC_0.15_5
74,4840,23,Male,mc_prob_0.1_FC_0.15_5
75,5087,24,Male,mc_prob_0.1_FC_0.15_5
76,4939,25,Male,mc_prob_0.1_FC_0.15_5
77,4911,26,Male,mc_prob_0.1_FC_0.15_5
78,5028,27,Male,mc_prob_0.1_FC_0.15_5
79,4908,28,Male,mc_prob_0.1_FC_0.15_5
80,4938,29,Male,mc_prob_0.1_FC_0.15_5
81,4918,30,Male,mc_prob_0.1_FC_0.15_5
82,5014,31,Male,mc_prob_0.1_FC_0.15_5
83,4976,32,Male,mc_prob_0.1_FC_0.15_5
84,4950,33,Male,mc_prob_0.1_FC_0.15_5
85,4993,34,Male,mc_prob_0.1_FC_0.15_5
86,5039,35,Male,mc_prob_0.1_FC_0.15_5
87,4984,36,Male,mc_prob_0.1_FC_0.15_5
88,4962,37,Male,mc_prob_0.1_FC_0.15_5
89,4933,38,Male,mc_prob_0.1_FC_0.15_5
90,4990,39,Male,mc_prob_0.1_FC_0.15_5
91,5114,40,Male,mc_prob_0.1_FC_0.15_5
92,4928,41,Male,mc_prob_0.1_FC_0.15_5
93,5104,42,Male,mc_prob_0.1_FC_0.15_5
94,4984,43,Male,mc_prob_0.1_FC_0.15_5
95,5116,44,Male,mc_prob_0.1_FC_0.15_5
96,5077,45,Male,mc_prob_0.1_FC_0.15_5
97,5119,46,Male,mc_prob_0.1_FC_0.15_5
98,5088,47,Male,mc_prob_0.1_FC_0.15_5
99,4984,48,Male,mc_prob_0.1_FC_0.15_5
100,5038,49,Male,mc_prob_0.1_FC_0.15_5
101,5073,50,Male,mc_prob_0.1_FC_0.15_5
,Count,Generation,Sex,Run
0,7000,0,Female,mc_prob_0.1_FC_0.15_6
1,4125,1,Female,mc_prob_0.1_FC_0.15_6
2,4183,2,Female,mc_prob_0.1_FC_0.15_6
3,4243,3,Female,mc_prob_0.1_FC_0.15_6
4,4211,4,Female,mc_prob_0.1_FC_0.15_6
5,4273,5,Female,mc_prob_0.1_FC_0.15_6
6,4324,6,Female,mc_prob_0.1_FC_0.15_6
7,4392,7,Female,mc_prob_0.1_FC_0.15_6
8,4476,8,Female,mc_prob_0.1_FC_0.15_6
9,4371,9,Female,mc_prob_0.1_FC_0.15_6
10,4410,10,Female,mc_prob_0.1_FC_0.15_6
11,4459,11,Female,mc_prob_0.1_FC_0.15_6
12,4573,12,Female,mc_prob_0.1_FC_0.15_6
13,4609,13,Female,mc_prob_0.1_FC_0.15_6
14,4787,14,Female,mc_prob_0.1_FC_0.15_6
15,4711,15,Female,mc_prob_0.1_FC_0.15_6
16,4706,16,Female,mc_prob_0.1_FC_0.15_6
17,4896,17,Female,mc_prob_0.1_FC_0.15_6
18,4821,18,Female,mc_prob_0.1_FC_0.15_6
19,4875,19,Female,mc_prob_0.1_FC_0.15_6
20,4869,20,Female,mc_prob_0.1_FC_0.15_6
21,4766,21,Female,mc_prob_0.1_FC_0.15_6
22,4806,22,Female,mc_prob_0.1_FC_0.15_6
23,4902,23,Female,mc_prob_0.1_FC_0.15_6
24,4851,24,Female,mc_prob_0.1_FC_0.15_6
25,4883,25,Female,mc_prob_0.1_FC_0.15_6
26,4796,26,Female,mc_prob_0.1_FC_0.15_6
27,4806,27,Female,mc_prob_0.1_FC_0.15_6
28,4888,28,Female,mc_prob_0.1_FC_0.15_6
29,4814,29,Female,mc_prob_0.1_FC_0.15_6
30,4887,30,Female,mc_prob_0.1_FC_0.15_6
31,4893,31,Female,mc_prob_0.1_FC_0.15_6
32,4833,32,Female,mc_prob_0.1_FC_0.15_6
33,4983,33,Female,mc_prob_0.1_FC_0.15_6
34,4885,34,Female,mc_prob_0.1_FC_0.15_6
35,4947,35,Female,mc_prob_0.1_FC_0.15_6
36,4976,36,Female,mc_prob_0.1_FC_0.15_6
37,4961,37,Female,mc_prob_0.1_FC_0.15_6
38,4874,38,Female,mc_prob_0.1_FC_0.15_6
39,4869,39,Female,mc_prob_0.1_FC_0.15_6
40,4891,40,Female,mc_prob_0.1_FC_0.15_6
41,4931,41,Female,mc_prob_0.1_FC_0.15_6
42,4882,42,Female,mc_prob_0.1_FC_0.15_6
43,4940,43,Female,mc_prob_0.1_FC_0.15_6
44,4968,44,Female,mc_prob_0.1_FC_0.15_6
45,5107,45,Female,mc_prob_0.1_FC_0.15_6
46,5000,46,Female,mc_prob_0.1_FC_0.15_6
47,4984,47,Female,mc_prob_0.1_FC_0.15_6
48,4932,48,Female,mc_prob_0.1_FC_0.15_6
49,4870,49,Female,mc_prob_0.1_FC_0.15_6
50,4905,50,Female,mc_prob_0.1_FC_0.15_6
51,5000,0,Male,mc_prob_0.1_FC_0.15_6
52,4168,1,Male,mc_prob_0.1_FC_0.15_6
53,4183,2,Male,mc_prob_0.1_FC_0.15_6
54,4302,3,Male,mc_prob_0.1_FC_0.15_6
55,4246,4,Male,mc_prob_0.1_FC_0.15_6
56,4339,5,Male,mc_prob_0.1_FC_0.15_6
57,4444,6,Male,mc_prob_0.1_FC_0.15_6
58,4414,7,Male,mc_prob_0.1_FC_0.15_6
59,4521,8,Male,mc_prob_0.1_FC_0.15_6
60,4485,9,Male,mc_prob_0.1_FC_0.15_6
61,4466,10,Male,mc_prob_0.1_FC_0.15_6
62,4462,11,Male,mc_prob_0.1_FC_0.15_6
63,4607,12,Male,mc_prob_0.1_FC_0.15_6
64,4678,13,Male,mc_prob_0.1_FC_0.15_6
65,4820,14,Male,mc_prob_0.1_FC_0.15_6
66,4784,15,Male,mc_prob_0.1_FC_0.15_6
67,4740,16,Male,mc_prob_0.1_FC_0.15_6
68,4925,17,Male,mc_prob_0.1_FC_0.15_6
69,4855,18,Male,mc_prob_0.1_FC_0.15_6
70,4907,19,Male,mc_prob_0.1_FC_0.15_6
71,4928,20,Male,mc_prob_0.1_FC_0.15_6
72,4923,21,Male,mc_prob_0.1_FC_0.15_6
73,4819,22,Male,mc_prob_0.1_FC_0.15_6
74,5000,23,Male,mc_prob_0.1_FC_0.15_6
75,4918,24,Male,mc_prob_0.1_FC_0.15_6
76,4985,25,Male,mc_prob_0.1_FC_0.15_6
77,4864,26,Male,mc_prob_0.1_FC_0.15_6
78,4936,27,Male,mc_prob_0.1_FC_0.15_6
79,4991,28,Male,mc_prob_0.1_FC_0.15_6
80,4845,29,Male,mc_prob_0.1_FC_0.15_6
81,4993,30,Male,mc_prob_0.1_FC_0.15_6
82,4917,31,Male,mc_prob_0.1_FC_0.15_6
83,4935,32,Male,mc_prob_0.1_FC_0.15_6
84,5080,33,Male,mc_prob_0.1_FC_0.15_6
85,4941,34,Male,mc_prob_0.1_FC_0.15_6
86,4986,35,Male,mc_prob_0.1_FC_0.15_6
87,5023,36,Male,mc_prob_0.1_FC_0.15_6
88,5008,37,Male,mc_prob_0.1_FC_0.15_6
89,5023,38,Male,mc_prob_0.1_FC_0.15_6
90,4960,39,Male,mc_prob_0.1_FC_0.15_6
91,4939,40,Male,mc_prob_0.1_FC_0.15_6
92,5055,41,Male,mc_prob_0.1_FC_0.15_6
93,4960,42,Male,mc_prob_0.1_FC_0.15_6
94,4962,43,Male,mc_prob_0.1_FC_0.15_6
95,5064,44,Male,mc_prob_0.1_FC_0.15_6
96,5109,45,Male,mc_prob_0.1_FC_0.15_6
97,5002,46,Male,mc_prob_0.1_FC_0.15_6
98,5004,47,Male,mc_prob_0.1_FC_0.15_6
99,5001,48,Male,mc_prob_0.1_FC_0.15_6
100,4970,49,Male,mc_prob_0.1_FC_0.15_6
101,4932,50,Male,mc_prob_0.1_FC_0.15_6
,Count,Generation,Sex,Run
0,7000,0,Female,mc_prob_0.1_FC_0.15_7
1,4017,1,Female,mc_prob_0.1_FC_0.15_7
2,4001,2,Female,mc_prob_0.1_FC_0.15_7
3,4157,3,Female,mc_prob_0.1_FC_0.15_7
4,4165,4,Female,mc_prob_0.1_FC_0.15_7
5,4234,5,Female,mc_prob_0.1_FC_0.15_7
6,4447,6,Female,mc_prob_0.1_FC_0.15_7
7,4377,7,Female,mc_prob_0.1_FC_0.15_7
8,4409,8,Female,mc_prob_0.1_FC_0.15_7
9,4498,9,Female,mc_prob_0.1_FC_0.15_7
10,4505,10,Female,mc_prob_0.1_FC_0.15_7
11,4504,11,Female,mc_prob_0.1_FC_0.15_7
12,4558,12,Female,mc_prob_0.1_FC_0.15_7
13,4653,13,Female,mc_prob_0.1_FC_0.15_7
14,4555,14,Female,mc_prob_0.1_FC_0.15_7
15,4629,15,Female,mc_prob_0.1_FC_0.15_7
16,4858,16,Female,mc_prob_0.1_FC_0.15_7
17,4753,17,Female,mc_prob_0.1_FC_0.15_7
18,4758,18,Female,mc_prob_0.1_FC_0.15_7
19,4707,19,Female,mc_prob_0.1_FC_0.15_7
20,4747,20,Female,mc_prob_0.1_FC_0.15_7
21,4899,21,Female,mc_prob_0.1_FC_0.15_7
22,4915,22,Female,mc_prob_0.1_FC_0.15_7
23,4930,23,Female,mc_prob_0.1_FC_0.15_7
24,4837,24,Female,mc_prob_0.1_FC_0.15_7
25,4825,25,Female,mc_prob_0.1_FC_0.15_7
26,4750,26,Female,mc_prob_0.1_FC_0.15_7
27,4884,27,Female,mc_prob_0.1_FC_0.15_7
28,4989,28,Female,mc_prob_0.1_FC_0.15_7
29,4918,29,Female,mc_prob_0.1_FC_0.15_7
30,4884,30,Female,mc_prob_0.1_FC_0.15_7
31,4940,31,Female,mc_prob_0.1_FC_0.15_7
32,4898,32,Female,mc_prob_0.1_FC_0.15_7
33,4808,33,Female,mc_prob_0.1_FC_0.15_7
34,4966,34,Female,mc_prob_0.1_FC_0.15_7
35,4961,35,Female,mc_prob_0.1_FC_0.15_7
36,4913,36,Female,mc_prob_0.1_FC_0.15_7
37,5025,37,Female,mc_prob_0.1_FC_0.15_7
38,5103,38,Female,mc_prob_0.1_FC_0.15_7
39,5001,39,Female,mc_prob_0.1_FC_0.15_7
40,5024,40,Female,mc_prob_0.1_FC_0.15_7
41,4964,41,Female,mc_prob_0.1_FC_0.15_7
42,4955,42,Female,mc_prob_0.1_FC_0.15_7
43,5050,43,Female,mc_prob_0.1_FC_0.15_7
44,5113,44,Female,mc_prob_0.1_FC_0.15_7
45,4961,45,Female,mc_prob_0.1_FC_0.15_7
46,4917,46,Female,mc_prob_0.1_FC_0.15_7
47,4801,47,Female,mc_prob_0.1_FC_0.15_7
48,4820,48,Female,mc_prob_0.1_FC_0.15_7
49,4831,49,Female,mc_prob_0.1_FC_0.15_7
50,4961,50,Female,mc_prob_0.1_FC_0.15_7
51,5000,0,Male,mc_prob_0.1_FC_0.15_7
52,4117,1,Male,mc_prob_0.1_FC_0.15_7
53,4071,2,Male,mc_prob_0.1_FC_0.15_7
54,4178,3,Male,mc_prob_0.1_FC_0.15_7
55,4290,4,Male,mc_prob_0.1_FC_0.15_7
56,4305,5,Male,mc_prob_0.1_FC_0.15_7
57,4480,6,Male,mc_prob_0.1_FC_0.15_7
58,4449,7,Male,mc_prob_0.1_FC_0.15_7
59,4435,8,Male,mc_prob_0.1_FC_0.15_7
60,4558,9,Male,mc_prob_0.1_FC_0.15_7
61,4564,10,Male,mc_prob_0.1_FC_0.15_7
62,4557,11,Male,mc_prob_0.1_FC_0.15_7
63,4587,12,Male,mc_prob_0.1_FC_0.15_7
64,4661,13,Male,mc_prob_0.1_FC_0.15_7
65,4778,14,Male,mc_prob_0.1_FC_0.15_7
66,4634,15,Male,mc_prob_0.1_FC_0.15_7
67,4932,16,Male,mc_prob_0.1_FC_0.15_7
68,4894,17,Male,mc_prob_0.1_FC_0.15_7
69,4863,18,Male,mc_prob_0.1_FC_0.15_7
70,4785,19,Male,mc_prob_0.1_FC_0.15_7
71,4847,20,Male,mc_prob_0.1_FC_0.15_7
72,4914,21,Male,mc_prob_0.1_FC_0.15_7
73,4989,22,Male,mc_prob_0.1_FC_0.15_7
74,4933,23,Male,mc_prob_0.1_FC_0.15_7
75,4899,24,Male,mc_prob_0.1_FC_0.15_7
76,4873,25,Male,mc_prob_0.1_FC_0.15_7
77,4975,26,Male,mc_prob_0.1_FC_0.15_7
78,4975,27,Male,mc_prob_0.1_FC_0.15_7
79,4989,28,Male,mc_prob_0.1_FC_0.15_7
80,5013,29,Male,mc_prob_0.1_FC_0.15_7
81,4972,30,Male,mc_prob_0.1_FC_0.15_7
82,5014,31,Male,mc_prob_0.1_FC_0.15_7
83,5151,32,Male,mc_prob_0.1_FC_0.15_7
84,4939,33,Male,mc_prob_0.1_FC_0.15_7
85,4999,34,Male,mc_prob_0.1_FC_0.15_7
86,5010,35,Male,mc_prob_0.1_FC_0.15_7
87,4936,36,Male,mc_prob_0.1_FC_0.15_7
88,5067,37,Male,mc_prob_0.1_FC_0.15_7
89,5126,38,Male,mc_prob_0.1_FC_0.15_7
90,5084,39,Male,mc_prob_0.1_FC_0.15_7
91,5029,40,Male,mc_prob_0.1_FC_0.15_7
92,4973,41,Male,mc_prob_0.1_FC_0.15_7
93,4992,42,Male,mc_prob_0.1_FC_0.15_7
94,5050,43,Male,mc_prob_0.1_FC_0.15_7
95,5133,44,Male,mc_prob_0.1_FC_0.15_7
96,5050,45,Male,mc_prob_0.1_FC_0.15_7
97,5027,46,Male,mc_prob_0.1_FC_0.15_7
98,5036,47,Male,mc_prob_0.1_FC_0.15_7
99,4967,48,Male,mc_prob_0.1_FC_0.15_7
100,4945,49,Male,mc_prob_0.1_FC_0.15_7
101,4988,50,Male,mc_prob_0.1_FC_0.15_7
,Count,Generation,Sex,Run
0,7000,0,Female,mc_prob_0.1_FC_0.15_8
1,4056,1,Female,mc_prob_0.1_FC_0.15_8
2,4140,2,Female,mc_prob_0.1_FC_0.15_8
3,4215,3,Female,mc_prob_0.1_FC_0.15_8
4,4243,4,Female,mc_prob_0.1_FC_0.15_8
5,4255,5,Female,mc_prob_0.1_FC_0.15_8
6,4357,6,Female,mc_prob_0.1_FC_0.15_8
7,4317,7,Female,mc_prob_0.1_FC_0.15_8
8,4433,8,Female,mc_prob_0.1_FC_0.15_8
9,4514,9,Female,mc_prob_0.1_FC_0.15_8
10,4438,10,Female,mc_prob_0.1_FC_0.15_8
11,4495,11,Female,mc_prob_0.1_FC_0.15_8
12,4651,12,Female,mc_prob_0.1_FC_0.15_8
13,4612,13,Female,mc_prob_0.1_FC_0.15_8
14,4510,14,Female,mc_prob_0.1_FC_0.15_8
15,4688,15,Female,mc_prob_0.1_FC_0.15_8
16,4820,16,Female,mc_prob_0.1_FC_0.15_8
17,4676,17,Female,mc_prob_0.1_FC_0.15_8
18,4654,18,Female,mc_prob_0.1_FC_0.15_8
19,4756,19,Female,mc_prob_0.1_FC_0.15_8
20,4927,20,Female,mc_prob_0.1_FC_0.15_8
21,4967,21,Female,mc_prob_0.1_FC_0.15_8
22,4793,22,Female,mc_prob_0.1_FC_0.15_8
23,4694,23,Female,mc_prob_0.1_FC_0.15_8
24,4773,24,Female,mc_prob_0.1_FC_0.15_8
25,4816,25,Female,mc_prob_0.1_FC_0.15_8
26,4835,26,Female,mc_prob_0.1_FC_0.15_8
27,4778,27,Female,mc_prob_0.1_FC_0.15_8
28,4823,28,Female,mc_prob_0.1_FC_0.15_8
29,4712,29,Female,mc_prob_0.1_FC_0.15_8
30,4912,30,Female,mc_prob_0.1_FC_0.15_8
31,4998,31,Female,mc_prob_0.1_FC_0.15_8
32,4973,32,Female,mc_prob_0.1_FC_0.15_8
33,4987,33,Female,mc_prob_0.1_FC_0.15_8
34,4804,34,Female,mc_prob_0.1_FC_0.15_8
35,4947,35,Female,mc_prob_0.1_FC_0.15_8
36,5039,36,Female,mc_prob_0.1_FC_0.15_8
37,5111,37,Female,mc_prob_0.1_FC_0.15_8
38,5025,38,Female,mc_prob_0.1_FC_0.15_8
39,4921,39,Female,mc_prob_0.1_FC_0.15_8
40,4819,40,Female,mc_prob_0.1_FC_0.15_8
41,4968,41,Female,mc_prob_0.1_FC_0.15_8
42,5018,42,Female,mc_prob_0.1_FC_0.15_8
43,5007,43,Female,mc_prob_0.1_FC_0.15_8
44,4901,44,Female,mc_prob_0.1_FC_0.15_8
45,4824,45,Female,mc_prob_0.1_FC_0.15_8
46,4892,46,Female,mc_prob_0.1_FC_0.15_8
47,4932,47,Female,mc_prob_0.1_FC_0.15_8
48,4924,48,Female,mc_prob_0.1_FC_0.15_8
49,4947,49,Female,mc_prob_0.1_FC_0.15_8
50,5015,50,Female,mc_prob_0.1_FC_0.15_8
51,5000,0,Male,mc_prob_0.1_FC_0.15_8
52,4109,1,Male,mc_prob_0.1_FC_0.15_8
53,4159,2,Male,mc_prob_0.1_FC_0.15_8
54,4228,3,Male,mc_prob_0.1_FC_0.15_8
55,4415,4,Male,mc_prob_0.1_FC_0.15_8
56,4255,5,Male,mc_prob_0.1_FC_0.15_8
57,4452,6,Male,mc_prob_0.1_FC_0.15_8
58,4325,7,Male,mc_prob_0.1_FC_0.15_8
59,4475,8,Male,mc_prob_0.1_FC_0.15_8
60,4603,9,Male,mc_prob_0.1_FC_0.15_8
61,4564,10,Male,mc_prob_0.1_FC_0.15_8
62,4502,11,Male,mc_prob_0.1_FC_0.15_8
63,4654,12,Male,mc_prob_0.1_FC_0.15_8
64,4821,13,Male,mc_prob_0.1_FC_0.15_8
65,4701,14,Male,mc_prob_0.1_FC_0.15_8
66,4690,15,Male,mc_prob_0.1_FC_0.15_8
67,4847,16,Male,mc_prob_0.1_FC_0.15_8
68,4716,17,Male,mc_prob_0.1_FC_0.15_8
69,4763,18,Male,mc_prob_0.1_FC_0.15_8
70,4850,19,Male,mc_prob_0.1_FC_0.15_8
71,5004,20,Male,mc_prob_0.1_FC_0.15_8
72,4973,21,Male,mc_prob_0.1_FC_0.15_8
73,5055,22,Male,mc_prob_0.1_FC_0.15_8
74,4697,23,Male,mc_prob_0.1_FC_0.15_8
75,4948,24,Male,mc_prob_0.1_FC_0.15_8
76,4830,25,Male,mc_prob_0.1_FC_0.15_8
77,4973,26,Male,mc_prob_0.1_FC_0.15_8
78,4815,27,Male,mc_prob_0.1_FC_0.15_8
79,4857,28,Male,mc_prob_0.1_FC_0.15_8
80,4885,29,Male,mc_prob_0.1_FC_0.15_8
81,4923,30,Male,mc_prob_0.1_FC_0.15_8
82,5022,31,Male,mc_prob_0.1_FC_0.15_8
83,5009,32,Male,mc_prob_0.1_FC_0.15_8
84,5037,33,Male,mc_prob_0.1_FC_0.15_8
85,5018,34,Male,mc_prob_0.1_FC_0.15_8
86,4973,35,Male,mc_prob_0.1_FC_0.15_8
87,5048,36,Male,mc_prob_0.1_FC_0.15_8
88,5116,37,Male,mc_prob_0.1_FC_0.15_8
89,5030,38,Male,mc_prob_0.1_FC_0.15_8
90,4981,39,Male,mc_prob_0.1_FC_0.15_8
91,4964,40,Male,mc_prob_0.1_FC_0.15_8
92,5032,41,Male,mc_prob_0.1_FC_0.15_8
93,5039,42,Male,mc_prob_0.1_FC_0.15_8
94,5037,43,Male,mc_prob_0.1_FC_0.15_8
95,5030,44,Male,mc_prob_0.1_FC_0.15_8
96,4934,45,Male,mc_prob_0.1_FC_0.15_8
97,4970,46,Male,mc_prob_0.1_FC_0.15_8
98,4933,47,Male,mc_prob_0.1_FC_0.15_8
99,4933,48,Male,mc_prob_0.1_FC_0.15_8
100,5056,49,Male,mc_prob_0.1_FC_0.15_8
101,5083,50,Male,mc_prob_0.1_FC_0.15_8
,Count,Generation,Sex,Run
0,7000,0,Female,mc_prob_0.1_FC_0.15_9
1,4076,1,Female,mc_prob_0.1_FC_0.15_9
2,4107,2,Female,mc_prob_0.1_FC_0.15_9
3,4293,3,Female,mc_prob_0.1_FC_0.15_9
4,4322,4,Female,mc_prob_0.1_FC_0.15_9
5,4320,5,Female,mc_prob_0.1_FC_0.15_9
6,4243,6,Female,mc_prob_0.1_FC_0.15_9
7,4297,7,Female,mc_prob_0.1_FC_0.15_9
8,4408,8,Female,mc_prob_0.1_FC_0.15_9
9,4415,9,Female,mc_prob_0.1_FC_0.15_9
10,4444,10,Female,mc_prob_0.1_FC_0.15_9
11,4503,11,Female,mc_prob_0.1_FC_0.15_9
12,4524,12,Female,mc_prob_0.1_FC_0.15_9
13,4514,13,Female,mc_prob_0.1_FC_0.15_9
14,4686,14,Female,mc_prob_0.1_FC_0.15_9
15,4676,15,Female,mc_prob_0.1_FC_0.15_9
16,4701,16,Female,mc_prob_0.1_FC_0.15_9
17,4710,17,Female,mc_prob_0.1_FC_0.15_9
18,4682,18,Female,mc_prob_0.1_FC_0.15_9
19,4717,19,Female,mc_prob_0.1_FC_0.15_9
20,4854,20,Female,mc_prob_0.1_FC_0.15_9
21,4862,21,Female,mc_prob_0.1_FC_0.15_9
22,4861,22,Female,mc_prob_0.1_FC_0.15_9
23,4781,23,Female,mc_prob_0.1_FC_0.15_9
24,4850,24,Female,mc_prob_0.1_FC_0.15_9
25,4959,25,Female,mc_prob_0.1_FC_0.15_9
26,4838,26,Female,mc_prob_0.1_FC_0.15_9
27,4939,27,Female,mc_prob_0.1_FC_0.15_9
28,4730,28,Female,mc_prob_0.1_FC_0.15_9
29,4818,29,Female,mc_prob_0.1_FC_0.15_9
30,4934,30,Female,mc_prob_0.1_FC_0.15_9
31,4937,31,Female,mc_prob_0.1_FC_0.15_9
32,4853,32,Female,mc_prob_0.1_FC_0.15_9
33,5064,33,Female,mc_prob_0.1_FC_0.15_9
34,4935,34,Female,mc_prob_0.1_FC_0.15_9
35,4976,35,Female,mc_prob_0.1_FC_0.15_9
36,4880,36,Female,mc_prob_0.1_FC_0.15_9
37,4915,37,Female,mc_prob_0.1_FC_0.15_9
38,5097,38,Female,mc_prob_0.1_FC_0.15_9
39,4953,39,Female,mc_prob_0.1_FC_0.15_9
40,4995,40,Female,mc_prob_0.1_FC_0.15_9
41,5029,41,Female,mc_prob_0.1_FC_0.15_9
42,4942,42,Female,mc_prob_0.1_FC_0.15_9
43,5020,43,Female,mc_prob_0.1_FC_0.15_9
44,4966,44,Female,mc_prob_0.1_FC_0.15_9
45,4914,45,Female,mc_prob_0.1_FC_0.15_9
46,4967,46,Female,mc_prob_0.1_FC_0.15_9
47,4892,47,Female,mc_prob_0.1_FC_0.15_9
48,4846,48,Female,mc_prob_0.1_FC_0.15_9
49,4844,49,Female,mc_prob_0.1_FC_0.15_9
50,4930,50,Female,mc_prob_0.1_FC_0.15_9
51,5000,0,Male,mc_prob_0.1_FC_0.15_9
52,4094,1,Male,mc_prob_0.1_FC_0.15_9
53,4132,2,Male,mc_prob_0.1_FC_0.15_9
54,4323,3,Male,mc_prob_0.1_FC_0.15_9
55,4369,4,Male,mc_prob_0.1_FC_0.15_9
56,4333,5,Male,mc_prob_0.1_FC_0.15_9
57,4287,6,Male,mc_prob_0.1_FC_0.15_9
58,4422,7,Male,mc_prob_0.1_FC_0.15_9
59,4411,8,Male,mc_prob_0.1_FC_0.15_9
60,4424,9,Male,mc_prob_0.1_FC_0.15_9
61,4577,10,Male,mc_prob_0.1_FC_0.15_9
62,4527,11,Male,mc_prob_0.1_FC_0.15_9
63,4656,12,Male,mc_prob_0.1_FC_0.15_9
64,4536,13,Male,mc_prob_0.1_FC_0.15_9
65,4693,14,Male,mc_prob_0.1_FC_0.15_9
66,4720,15,Male,mc_prob_0.1_FC_0.15_9
67,4779,16,Male,mc_prob_0.1_FC_0.15_9
68,4711,17,Male,mc_prob_0.1_FC_0.15_9
69,4771,18,Male,mc_prob_0.1_FC_0.15_9
70,4800,19,Male,mc_prob_0.1_FC_0.15_9
71,4914,20,Male,mc_prob_0.1_FC_0.15_9
72,4901,21,Male,mc_prob_0.1_FC_0.15_9
73,4962,22,Male,mc_prob_0.1_FC_0.15_9
74,4840,23,Male,mc_prob_0.1_FC_0.15_9
75,4861,24,Male,mc_prob_0.1_FC_0.15_9
76,4990,25,Male,mc_prob_0.1_FC_0.15_9
77,4878,26,Male,mc_prob_0.1_FC_0.15_9
78,5006,27,Male,mc_prob_0.1_FC_0.15_9
79,4992,28,Male,mc_prob_0.1_FC_0.15_9
80,4881,29,Male,mc_prob_0.1_FC_0.15_9
81,5001,30,Male,mc_prob_0.1_FC_0.15_9
82,4987,31,Male,mc_prob_0.1_FC_0.15_9
83,4970,32,Male,mc_prob_0.1_FC_0.15_9
84,5115,33,Male,mc_prob_0.1_FC_0.15_9
85,5028,34,Male,mc_prob_0.1_FC_0.15_9
86,5000,35,Male,mc_prob_0.1_FC_0.15_9
87,4937,36,Male,mc_prob_0.1_FC_0.15_9
88,4932,37,Male,mc_prob_0.1_FC_0.15_9
89,5107,38,Male,mc_prob_0.1_FC_0.15_9
90,5062,39,Male,mc_prob_0.1_FC_0.15_9
91,5058,40,Male,mc_prob_0.1_FC_0.15_9
92,5051,41,Male,mc_prob_0.1_FC_0.15_9
93,4982,42,Male,mc_prob_0.1_FC_0.15_9
94,5024,43,Male,mc_prob_0.1_FC_0.15_9
95,5099,44,Male,mc_prob_0.1_FC_0.15_9
96,5075,45,Male,mc_prob_0.1_FC_0.15_9
97,5034,46,Male,mc_prob_0.1_FC_0.15_9
98,4944,47,Male,mc_prob_0.1_FC_0.15_9
99,4957,48,Male,mc_prob_0.1_FC_0.15_9
100,4973,49,Male,mc_prob_0.1_FC_0.15_9
101,4958,50,Male,mc_prob_0.1_FC_0.15_9
,Count,Generation,Sex,Run
0,7000,0,Female,mc_prob_0.1_FC_0.15_10
1,4073,1,Female,mc_prob_0.1_FC_0.15_10
2,4001,2,Female,mc_prob_0.1_FC_0.15_10
3,4195,3,Female,mc_prob_0.1_FC_0.15_10
4,4183,4,Female,mc_prob_0.1_FC_0.15_10
5,4242,5,Female,mc_prob_0.1_FC_0.15_10
6,4354,6,Female,mc_prob_0.1_FC_0.15_10
7,4534,7,Female,mc_prob_0.1_FC_0.15_10
8,4425,8,Female,mc_prob_0.1_FC_0.15_10
9,4433,9,Female,mc_prob_0.1_FC_0.15_10
10,4457,10,Female,mc_prob_0.1_FC_0.15_10
11,4352,11,Female,mc_prob_0.1_FC_0.15_10
12,4543,12,Female,mc_prob_0.1_FC_0.15_10
13,4650,13,Female,mc_prob_0.1_FC_0.15_10
14,4657,14,Female,mc_prob_0.1_FC_0.15_10
15,4662,15,Female,mc_prob_0.1_FC_0.15_10
16,4761,16,Female,mc_prob_0.1_FC_0.15_10
17,4802,17,Female,mc_prob_0.1_FC_0.15_10
18,4854,18,Female,mc_prob_0.1_FC_0.15_10
19,4831,19,Female,mc_prob_0.1_FC_0.15_10
20,4760,20,Female,mc_prob_0.1_FC_0.15_10
21,4834,21,Female,mc_prob_0.1_FC_0.15_10
22,4865,22,Female,mc_prob_0.1_FC_0.15_10
23,4814,23,Female,mc_prob_0.1_FC_0.15_10
24,4889,24,Female,mc_prob_0.1_FC_0.15_10
25,4989,25,Female,mc_prob_0.1_FC_0.15_10
26,4921,26,Female,mc_prob_0.1_FC_0.15_10
27,4883,27,Female,mc_prob_0.1_FC_0.15_10
28,4900,28,Female,mc_prob_0.1_FC_0.15_10
29,4867,29,Female,mc_prob_0.1_FC_0.15_10
30,4839,30,Female,mc_prob_0.1_FC_0.15_10
31,4818,31,Female,mc_prob_0.1_FC_0.15_10
32,4843,32,Female,mc_prob_0.1_FC_0.15_10
33,4837,33,Female,mc_prob_0.1_FC_0.15_10
34,4956,34,Female,mc_prob_0.1_FC_0.15_10
35,4811,35,Female,mc_prob_0.1_FC_0.15_10
36,4974,36,Female,mc_prob_0.1_FC_0.15_10
37,5029,37,Female,mc_prob_0.1_FC_0.15_10
38,5018,38,Female,mc_prob_0.1_FC_0.15_10
39,4967,39,Female,mc_prob_0.1_FC_0.15_10
40,4975,40,Female,mc_prob_0.1_FC_0.15_10
41,4936,41,Female,mc_prob_0.1_FC_0.15_10
42,5023,42,Female,mc_prob_0.1_FC_0.15_10
43,5010,43,Female,mc_prob_0.1_FC_0.15_10
44,4900,44,Female,mc_prob_0.1_FC_0.15_10
45,4899,45,Female,mc_prob_0.1_FC_0.15_10
46,4951,46,Female,mc_prob_0.1_FC_0.15_10
47,4903,47,Female,mc_prob_0.1_FC_0.15_10
48,4908,48,Female,mc_prob_0.1_FC_0.15_10
49,4978,49,Female,mc_prob_0.1_FC_0.15_10
50,5032,50,Female,mc_prob_0.1_FC_0.15_10
51,5000,0,Male,mc_prob_0.1_FC_0.15_10
52,4145,1,Male,mc_prob_0.1_FC_0.15_10
53,4076,2,Male,mc_prob_0.1_FC_0.15_10
54,4229,3,Male,mc_prob_0.1_FC_0.15_10
55,4289,4,Male,mc_prob_0.1_FC_0.15_10
56,4274,5,Male,mc_prob_0.1_FC_0.15_10
57,4355,6,Male,mc_prob_0.1_FC_0.15_10
58,4564,7,Male,mc_prob_0.1_FC_0.15_10
59,4462,8,Male,mc_prob_0.1_FC_0.15_10
60,4512,9,Male,mc_prob_0.1_FC_0.15_10
61,4613,10,Male,mc_prob_0.1_FC_0.15_10
62,4446,11,Male,mc_prob_0.1_FC_0.15_10
63,4591,12,Male,mc_prob_0.1_FC_0.15_10
64,4673,13,Male,mc_prob_0.1_FC_0.15_10
65,4694,14,Male,mc_prob_0.1_FC_0.15_10
66,4696,15,Male,mc_prob_0.1_FC_0.15_10
67,4769,16,Male,mc_prob_0.1_FC_0.15_10
68,4811,17,Male,mc_prob_0.1_FC_0.15_10
69,4875,18,Male,mc_prob_0.1_FC_0.15_10
70,4904,19,Male,mc_prob_0.1_FC_0.15_10
71,4863,20,Male,mc_prob_0.1_FC_0.15_10
72,4864,21,Male,mc_prob_0.1_FC_0.15_10
73,4934,22,Male,mc_prob_0.1_FC_0.15_10
74,4828,23,Male,mc_prob_0.1_FC_0.15_10
75,4930,24,Male,mc_prob_0.1_FC_0.15_10
76,4995,25,Male,mc_prob_0.1_FC_0.15_10
77,5081,26,Male,mc_prob_0.1_FC_0.15_10
78,4951,27,Male,mc_prob_0.1_FC_0.15_10
79,4970,28,Male,mc_prob_0.1_FC_0.15_10
80,4960,29,Male,mc_prob_0.1_FC_0.15_10
81,5000,30,Male,mc_prob_0.1_FC_0.15_10
82,4881,31,Male,mc_prob_0.1_FC_0.15_10
83,4943,32,Male,mc_prob_0.1_FC_0.15_10
84,5017,33,Male,mc_prob_0.1_FC_0.15_10
85,4998,34,Male,mc_prob_0.1_FC_0.15_10
86,5001,35,Male,mc_prob_0.1_FC_0.15_10
87,4975,36,Male,mc_prob_0.1_FC_0.15_10
88,5029,37,Male,mc_prob_0.1_FC_0.15_10
89,5092,38,Male,mc_prob_0.1_FC_0.15_10
90,5015,39,Male,mc_prob_0.1_FC_0.15_10
91,5013,40,Male,mc_prob_0.1_FC_0.15_10
92,4999,41,Male,mc_prob_0.1_FC_0.15_10
93,5104,42,Male,mc_prob_0.1_FC_0.15_10
94,5086,43,Male,mc_prob_0.1_FC_0.15_10
95,4988,44,Male,mc_prob_0.1_FC_0.15_10
96,4962,45,Male,mc_prob_0.1_FC_0.15_10
97,5099,46,Male,mc_prob_0.1_FC_0.15_10
98,4945,47,Male,mc_prob_0.1_FC_0.15_10
99,4954,48,Male,mc_prob_0.1_FC_0.15_10
100,4987,49,Male,mc_prob_0.1_FC_0.15_10
101,5048,50,Male,mc_prob_0.1_FC_0.15_10
,Count,Generation,Sex,Run
0,7000,0,Female,mc_prob_0.1_FC_0.2_1
1,4067,1,Female,mc_prob_0.1_FC_0.2_1
2,4029,2,Female,mc_prob_0.1_FC_0.2_1
3,4292,3,Female,mc_prob_0.1_FC_0.2_1
4,4242,4,Female,mc_prob_0.1_FC_0.2_1
5,4319,5,Female,mc_prob_0.1_FC_0.2_1
6,4407,6,Female,mc_prob_0.1_FC_0.2_1
7,4480,7,Female,mc_prob_0.1_FC_0.2_1
8,4553,8,Female,mc_prob_0.1_FC_0.2_1
9,4703,9,Female,mc_prob_0.1_FC_0.2_1
10,4736,10,Female,mc_prob_0.1_FC_0.2_1
11,4659,11,Female,mc_prob_0.1_FC_0.2_1
12,4636,12,Female,mc_prob_0.1_FC_0.2_1
13,4800,13,Female,mc_prob_0.1_FC_0.2_1
14,4787,14,Female,mc_prob_0.1_FC_0.2_1
15,4833,15,Female,mc_prob_0.1_FC_0.2_1
16,4830,16,Female,mc_prob_0.1_FC_0.2_1
17,4853,17,Female,mc_prob_0.1_FC_0.2_1
18,4923,18,Female,mc_prob_0.1_FC_0.2_1
19,4884,19,Female,mc_prob_0.1_FC_0.2_1
20,4809,20,Female,mc_prob_0.1_FC_0.2_1
21,5058,21,Female,mc_prob_0.1_FC_0.2_1
22,4969,22,Female,mc_prob_0.1_FC_0.2_1
23,4976,23,Female,mc_prob_0.1_FC_0.2_1
24,4955,24,Female,mc_prob_0.1_FC_0.2_1
25,4828,25,Female,mc_prob_0.1_FC_0.2_1
26,4792,26,Female,mc_prob_0.1_FC_0.2_1
27,4856,27,Female,mc_prob_0.1_FC_0.2_1
28,4971,28,Female,mc_prob_0.1_FC_0.2_1
29,5120,29,Female,mc_prob_0.1_FC_0.2_1
30,5053,30,Female,mc_prob_0.1_FC_0.2_1
31,4956,31,Female,mc_prob_0.1_FC_0.2_1
32,5025,32,Female,mc_prob_0.1_FC_0.2_1
33,5005,33,Female,mc_prob_0.1_FC_0.2_1
34,4971,34,Female,mc_prob_0.1_FC_0.2_1
35,5002,35,Female,mc_prob_0.1_FC_0.2_1
36,4910,36,Female,mc_prob_0.1_FC_0.2_1
37,4931,37,Female,mc_prob_0.1_FC_0.2_1
38,4906,38,Female,mc_prob_0.1_FC_0.2_1
39,4943,39,Female,mc_prob_0.1_FC_0.2_1
40,4978,40,Female,mc_prob_0.1_FC_0.2_1
41,5021,41,Female,mc_prob_0.1_FC_0.2_1
42,5047,42,Female,mc_prob_0.1_FC_0.2_1
43,5012,43,Female,mc_prob_0.1_FC_0.2_1
44,5044,44,Female,mc_prob_0.1_FC_0.2_1
45,4909,45,Female,mc_prob_0.1_FC_0.2_1
46,4946,46,Female,mc_prob_0.1_FC_0.2_1
47,4946,47,Female,mc_prob_0.1_FC_0.2_1
48,4969,48,Female,mc_prob_0.1_FC_0.2_1
49,4809,49,Female,mc_prob_0.1_FC_0.2_1
50,4992,50,Female,mc_prob_0.1_FC_0.2_1
51,5000,0,Male,mc_prob_0.1_FC_0.2_1
52,4116,1,Male,mc_prob_0.1_FC_0.2_1
53,4151,2,Male,mc_prob_0.1_FC_0.2_1
54,4322,3,Male,mc_prob_0.1_FC_0.2_1
55,4294,4,Male,mc_prob_0.1_FC_0.2_1
56,4490,5,Male,mc_prob_0.1_FC_0.2_1
57,4472,6,Male,mc_prob_0.1_FC_0.2_1
58,4613,7,Male,mc_prob_0.1_FC_0.2_1
59,4568,8,Male,mc_prob_0.1_FC_0.2_1
60,4780,9,Male,mc_prob_0.1_FC_0.2_1
61,4783,10,Male,mc_prob_0.1_FC_0.2_1
62,4881,11,Male,mc_prob_0.1_FC_0.2_1
63,4797,12,Male,mc_prob_0.1_FC_0.2_1
64,4850,13,Male,mc_prob_0.1_FC_0.2_1
65,4824,14,Male,mc_prob_0.1_FC_0.2_1
66,4857,15,Male,mc_prob_0.1_FC_0.2_1
67,4902,16,Male,mc_prob_0.1_FC_0.2_1
68,4906,17,Male,mc_prob_0.1_FC_0.2_1
69,5038,18,Male,mc_prob_0.1_FC_0.2_1
70,4982,19,Male,mc_prob_0.1_FC_0.2_1
71,4881,20,Male,mc_prob_0.1_FC_0.2_1
72,5069,21,Male,mc_prob_0.1_FC_0.2_1
73,4969,22,Male,mc_prob_0.1_FC_0.2_1
74,5110,23,Male,mc_prob_0.1_FC_0.2_1
75,5004,24,Male,mc_prob_0.1_FC_0.2_1
76,5055,25,Male,mc_prob_0.1_FC_0.2_1
77,4881,26,Male,mc_prob_0.1_FC_0.2_1
78,4939,27,Male,mc_prob_0.1_FC_0.2_1
79,5020,28,Male,mc_prob_0.1_FC_0.2_1
80,5164,29,Male,mc_prob_0.1_FC_0.2_1
81,5123,30,Male,mc_prob_0.1_FC_0.2_1
82,5113,31,Male,mc_prob_0.1_FC_0.2_1
83,5068,32,Male,mc_prob_0.1_FC_0.2_1
84,5013,33,Male,mc_prob_0.1_FC_0.2_1
85,4987,34,Male,mc_prob_0.1_FC_0.2_1
86,5037,35,Male,mc_prob_0.1_FC_0.2_1
87,5052,36,Male,mc_prob_0.1_FC_0.2_1
88,5025,37,Male,mc_prob_0.1_FC_0.2_1
89,5013,38,Male,mc_prob_0.1_FC_0.2_1
90,4951,39,Male,mc_prob_0.1_FC_0.2_1
91,5014,40,Male,mc_prob_0.1_FC_0.2_1
92,5040,41,Male,mc_prob_0.1_FC_0.2_1
93,5095,42,Male,mc_prob_0.1_FC_0.2_1
94,5040,43,Male,mc_prob_0.1_FC_0.2_1
95,5135,44,Male,mc_prob_0.1_FC_0.2_1
96,5018,45,Male,mc_prob_0.1_FC_0.2_1
97,4951,46,Male,mc_prob_0.1_FC_0.2_1
98,4984,47,Male,mc_prob_0.1_FC_0.2_1
99,5059,48,Male,mc_prob_0.1_FC_0.2_1
100,4923,49,Male,mc_prob_0.1_FC_0.2_1
101,5018,50,Male,mc_prob_0.1_FC_0.2_1
,Count,Generation,Sex,Run
0,7000,0,Female,mc_prob_0.1_FC_0.2_2
1,3967,1,Female,mc_prob_0.1_FC_0.2_2
2,3995,2,Female,mc_prob_0.1_FC_0.2_2
3,4120,3,Female,mc_prob_0.1_FC_0.2_2
4,4348,4,Female,mc_prob_0.1_FC_0.2_2
5,4440,5,Female,mc_prob_0.1_FC_0.2_2
6,4485,6,Female,mc_prob_0.1_FC_0.2_2
7,4649,7,Female,mc_prob_0.1_FC_0.2_2
8,4687,8,Female,mc_prob_0.1_FC_0.2_2
9,4699,9,Female,mc_prob_0.1_FC_0.2_2
10,4689,10,Female,mc_prob_0.1_FC_0.2_2
11,4774,11,Female,mc_prob_0.1_FC_0.2_2
12,4761,12,Female,mc_prob_0.1_FC_0.2_2
13,5018,13,Female,mc_prob_0.1_FC_0.2_2
14,4783,14,Female,mc_prob_0.1_FC_0.2_2
15,4766,15,Female,mc_prob_0.1_FC_0.2_2
16,4728,16,Female,mc_prob_0.1_FC_0.2_2
17,4905,17,Female,mc_prob_0.1_FC_0.2_2
18,4980,18,Female,mc_prob_0.1_FC_0.2_2
19,4896,19,Female,mc_prob_0.1_FC_0.2_2
20,4950,20,Female,mc_prob_0.1_FC_0.2_2
21,4923,21,Female,mc_prob_0.1_FC_0.2_2
22,4853,22,Female,mc_prob_0.1_FC_0.2_2
23,4880,23,Female,mc_prob_0.1_FC_0.2_2
24,4874,24,Female,mc_prob_0.1_FC_0.2_2
25,4818,25,Female,mc_prob_0.1_FC_0.2_2
26,4920,26,Female,mc_prob_0.1_FC_0.2_2
27,4973,27,Female,mc_prob_0.1_FC_0.2_2
28,4947,28,Female,mc_prob_0.1_FC_0.2_2
29,4882,29,Female,mc_prob_0.1_FC_0.2_2
30,4828,30,Female,mc_prob_0.1_FC_0.2_2
31,4938,31,Female,mc_prob_0.1_FC_0.2_2
32,4834,32,Female,mc_prob_0.1_FC_0.2_2
33,4967,33,Female,mc_prob_0.1_FC_0.2_2
34,4976,34,Female,mc_prob_0.1_FC_0.2_2
35,4944,35,Female,mc_prob_0.1_FC_0.2_2
36,4989,36,Female,mc_prob_0.1_FC_0.2_2
37,4973,37,Female,mc_prob_0.1_FC_0.2_2
38,4946,38,Female,mc_prob_0.1_FC_0.2_2
39,4862,39,Female,mc_prob_0.1_FC_0.2_2
40,4865,40,Female,mc_prob_0.1_FC_0.2_2
41,4902,41,Female,mc_prob_0.1_FC_0.2_2
42,4936,42,Female,mc_prob_0.1_FC_0.2_2
43,4918,43,Female,mc_prob_0.1_FC_0.2_2
44,4851,44,Female,mc_prob_0.1_FC_0.2_2
45,4857,45,Female,mc_prob_0.1_FC_0.2_2
46,4997,46,Female,mc_prob_0.1_FC_0.2_2
47,4900,47,Female,mc_prob_0.1_FC_0.2_2
48,4981,48,Female,mc_prob_0.1_FC_0.2_2
49,5039,49,Female,mc_prob_0.1_FC_0.2_2
50,4891,50,Female,mc_prob_0.1_FC_0.2_2
51,5000,0,Male,mc_prob_0.1_FC_0.2_2
52,4160,1,Male,mc_prob_0.1_FC_0.2_2
53,4148,2,Male,mc_prob_0.1_FC_0.2_2
54,4177,3,Male,mc_prob_0.1_FC_0.2_2
55,4416,4,Male,mc_prob_0.1_FC_0.2_2
56,4442,5,Male,mc_prob_0.1_FC_0.2_2
57,4547,6,Male,mc_prob_0.1_FC_0.2_2
58,4673,7,Male,mc_prob_0.1_FC_0.2_2
59,4693,8,Male,mc_prob_0.1_FC_0.2_2
60,4796,9,Male,mc_prob_0.1_FC_0.2_2
61,4768,10,Male,mc_prob_0.1_FC_0.2_2
62,4839,11,Male,mc_prob_0.1_FC_0.2_2
63,4765,12,Male,mc_prob_0.1_FC_0.2_2
64,5027,13,Male,mc_prob_0.1_FC_0.2_2
65,4895,14,Male,mc_prob_0.1_FC_0.2_2
66,4940,15,Male,mc_prob_0.1_FC_0.2_2
67,4746,16,Male,mc_prob_0.1_FC_0.2_2
68,4920,17,Male,mc_prob_0.1_FC_0.2_2
69,5054,18,Male,mc_prob_0.1_FC_0.2_2
70,5003,19,Male,mc_prob_0.1_FC_0.2_2
71,4996,20,Male,mc_prob_0.1_FC_0.2_2
72,4929,21,Male,mc_prob_0.1_FC_0.2_2
73,4935,22,Male,mc_prob_0.1_FC_0.2_2
74,5077,23,Male,mc_prob_0.1_FC_0.2_2
75,4909,24,Male,mc_prob_0.1_FC_0.2_2
76,4901,25,Male,mc_prob_0.1_FC_0.2_2
77,4991,26,Male,mc_prob_0.1_FC_0.2_2
78,4997,27,Male,mc_prob_0.1_FC_0.2_2
79,5014,28,Male,mc_prob_0.1_FC_0.2_2
80,5092,29,Male,mc_prob_0.1_FC_0.2_2
81,4987,30,Male,mc_prob_0.1_FC_0.2_2
82,5088,31,Male,mc_prob_0.1_FC_0.2_2
83,5001,32,Male,mc_prob_0.1_FC_0.2_2
84,4972,33,Male,mc_prob_0.1_FC_0.2_2
85,5057,34,Male,mc_prob_0.1_FC_0.2_2
86,5036,35,Male,mc_prob_0.1_FC_0.2_2
87,5023,36,Male,mc_prob_0.1_FC_0.2_2
88,5180,37,Male,mc_prob_0.1_FC_0.2_2
89,4977,38,Male,mc_prob_0.1_FC_0.2_2
90,4989,39,Male,mc_prob_0.1_FC_0.2_2
91,4961,40,Male,mc_prob_0.1_FC_0.2_2
92,4904,41,Male,mc_prob_0.1_FC_0.2_2
93,4944,42,Male,mc_prob_0.1_FC_0.2_2
94,4944,43,Male,mc_prob_0.1_FC_0.2_2
95,5052,44,Male,mc_prob_0.1_FC_0.2_2
96,4880,45,Male,mc_prob_0.1_FC_0.2_2
97,5108,46,Male,mc_prob_0.1_FC_0.2_2
98,4900,47,Male,mc_prob_0.1_FC_0.2_2
99,5000,48,Male,mc_prob_0.1_FC_0.2_2
100,5045,49,Male,mc_prob_0.1_FC_0.2_2
101,5004,50,Male,mc_prob_0.1_FC_0.2_2
,Count,Generation,Sex,Run
0,7000,0,Female,mc_prob_0.1_FC_0.2_3
1,3998,1,Female,mc_prob_0.1_FC_0.2_3
2,4016,2,Female,mc_prob_0.1_FC_0.2_3
3,4134,3,Female,mc_prob_0.1_FC_0.2_3
4,4333,4,Female,mc_prob_0.1_FC_0.2_3
5,4294,5,Female,mc_prob_0.1_FC_0.2_3
6,4393,6,Female,mc_prob_0.1_FC_0.2_3
7,4538,7,Female,mc_prob_0.1_FC_0.2_3
8,4640,8,Female,mc_prob_0.1_FC_0.2_3
9,4687,9,Female,mc_prob_0.1_FC_0.2_3
10,4583,10,Female,mc_prob_0.1_FC_0.2_3
11,4696,11,Female,mc_prob_0.1_FC_0.2_3
12,4859,12,Female,mc_prob_0.1_FC_0.2_3
13,4799,13,Female,mc_prob_0.1_FC_0.2_3
14,4772,14,Female,mc_prob_0.1_FC_0.2_3
15,4926,15,Female,mc_prob_0.1_FC_0.2_3
16,4872,16,Female,mc_prob_0.1_FC_0.2_3
17,4902,17,Female,mc_prob_0.1_FC_0.2_3
18,4996,18,Female,mc_prob_0.1_FC_0.2_3
19,5108,19,Female,mc_prob_0.1_FC_0.2_3
20,4819,20,Female,mc_prob_0.1_FC_0.2_3
21,4741,21,Female,mc_prob_0.1_FC_0.2_3
22,4709,22,Female,mc_prob_0.1_FC_0.2_3
23,4906,23,Female,mc_prob_0.1_FC_0.2_3
24,4885,24,Female,mc_prob_0.1_FC_0.2_3
25,4955,25,Female,mc_prob_0.1_FC_0.2_3
26,4916,26,Female,mc_prob_0.1_FC_0.2_3
27,4976,27,Female,mc_prob_0.1_FC_0.2_3
28,4972,28,Female,mc_prob_0.1_FC_0.2_3
29,5054,29,Female,mc_prob_0.1_FC_0.2_3
30,4977,30,Female,mc_prob_0.1_FC_0.2_3
31,4962,31,Female,mc_prob_0.1_FC_0.2_3
32,4860,32,Female,mc_prob_0.1_FC_0.2_3
33,5015,33,Female,mc_prob_0.1_FC_0.2_3
34,4968,34,Female,mc_prob_0.1_FC_0.2_3
35,5029,35,Female,mc_prob_0.1_FC_0.2_3
36,5009,36,Female,mc_prob_0.1_FC_0.2_3
37,5049,37,Female,mc_prob_0.1_FC_0.2_3
38,5062,38,Female,mc_prob_0.1_FC_0.2_3
39,4968,39,Female,mc_prob_0.1_FC_0.2_3
40,4986,40,Female,mc_prob_0.1_FC_0.2_3
41,4979,41,Female,mc_prob_0.1_FC_0.2_3
42,4981,42,Female,mc_prob_0.1_FC_0.2_3
43,5008,43,Female,mc_prob_0.1_FC_0.2_3
44,4978,44,Female,mc_prob_0.1_FC_0.2_3
45,5070,45,Female,mc_prob_0.1_FC_0.2_3
46,5022,46,Female,mc_prob_0.1_FC_0.2_3
47,4952,47,Female,mc_prob_0.1_FC_0.2_3
48,4906,48,Female,mc_prob_0.1_FC_0.2_3
49,4830,49,Female,mc_prob_0.1_FC_0.2_3
50,4940,50,Female,mc_prob_0.1_FC_0.2_3
51,5000,0,Male,mc_prob_0.1_FC_0.2_3
52,4101,1,Male,mc_prob_0.1_FC_0.2_3
53,4091,2,Male,mc_prob_0.1_FC_0.2_3
54,4148,3,Male,mc_prob_0.1_FC_0.2_3
55,4352,4,Male,mc_prob_0.1_FC_0.2_3
56,4494,5,Male,mc_prob_0.1_FC_0.2_3
57,4432,6,Male,mc_prob_0.1_FC_0.2_3
58,4540,7,Male,mc_prob_0.1_FC_0.2_3
59,4645,8,Male,mc_prob_0.1_FC_0.2_3
60,4707,9,Male,mc_prob_0.1_FC_0.2_3
61,4647,10,Male,mc_prob_0.1_FC_0.2_3
62,4780,11,Male,mc_prob_0.1_FC_0.2_3
63,4902,12,Male,mc_prob_0.1_FC_0.2_3
64,4943,13,Male,mc_prob_0.1_FC_0.2_3
65,4804,14,Male,mc_prob_0.1_FC_0.2_3
66,4926,15,Male,mc_prob_0.1_FC_0.2_3
67,4889,16,Male,mc_prob_0.1_FC_0.2_3
68,4951,17,Male,mc_prob_0.1_FC_0.2_3
69,5000,18,Male,mc_prob_0.1_FC_0.2_3
70,5170,19,Male,mc_prob_0.1_FC_0.2_3
71,4994,20,Male,mc_prob_0.1_FC_0.2_3
72,4908,21,Male,mc_prob_0.1_FC_0.2_3
73,4898,22,Male,mc_prob_0.1_FC_0.2_3
74,5001,23,Male,mc_prob_0.1_FC_0.2_3
75,4900,24,Male,mc_prob_0.1_FC_0.2_3
76,5029,25,Male,mc_prob_0.1_FC_0.2_3
77,4929,26,Male,mc_prob_0.1_FC_0.2_3
78,4999,27,Male,mc_prob_0.1_FC_0.2_3
79,5035,28,Male,mc_prob_0.1_FC_0.2_3
80,5063,29,Male,mc_prob_0.1_FC_0.2_3
81,5009,30,Male,mc_prob_0.1_FC_0.2_3
82,5055,31,Male,mc_prob_0.1_FC_0.2_3
83,4866,32,Male,mc_prob_0.1_FC_0.2_3
84,5135,33,Male,mc_prob_0.1_FC_0.2_3
85,5008,34,Male,mc_prob_0.1_FC_0.2_3
86,5045,35,Male,mc_prob_0.1_FC_0.2_3
87,5045,36,Male,mc_prob_0.1_FC_0.2_3
88,5060,37,Male,mc_prob_0.1_FC_0.2_3
89,5062,38,Male,mc_prob_0.1_FC_0.2_3
90,5090,39,Male,mc_prob_0.1_FC_0.2_3
91,5044,40,Male,mc_prob_0.1_FC_0.2_3
92,5043,41,Male,mc_prob_0.1_FC_0.2_3
93,4998,42,Male,mc_prob_0.1_FC_0.2_3
94,5026,43,Male,mc_prob_0.1_FC_0.2_3
95,4980,44,Male,mc_prob_0.1_FC_0.2_3
96,5105,45,Male,mc_prob_0.1_FC_0.2_3
97,5095,46,Male,mc_prob_0.1_FC_0.2_3
98,5024,47,Male,mc_prob_0.1_FC_0.2_3
99,4994,48,Male,mc_prob_0.1_FC_0.2_3
100,4919,49,Male,mc_prob_0.1_FC_0.2_3
101,4981,50,Male,mc_prob_0.1_FC_0.2_3
,Count,Generation,Sex,Run
0,7000,0,Female,mc_prob_0.1_FC_0.2_4
1,4038,1,Female,mc_prob_0.1_FC_0.2_4
2,4035,2,Female,mc_prob_0.1_FC_0.2_4
3,4153,3,Female,mc_prob_0.1_FC_0.2_4
4,4374,4,Female,mc_prob_0.1_FC_0.2_4
5,4402,5,Female,mc_prob_0.1_FC_0.2_4
6,4419,6,Female,mc_prob_0.1_FC_0.2_4
7,4494,7,Female,mc_prob_0.1_FC_0.2_4
8,4583,8,Female,mc_prob_0.1_FC_0.2_4
9,4621,9,Female,mc_prob_0.1_FC_0.2_4
10,4719,10,Female,mc_prob_0.1_FC_0.2_4
11,4863,11,Female,mc_prob_0.1_FC_0.2_4
12,4759,12,Female,mc_prob_0.1_FC_0.2_4
13,4781,13,Female,mc_prob_0.1_FC_0.2_4
14,4751,14,Female,mc_prob_0.1_FC_0.2_4
15,4805,15,Female,mc_prob_0.1_FC_0.2_4
16,4911,16,Female,mc_prob_0.1_FC_0.2_4
17,4773,17,Female,mc_prob_0.1_FC_0.2_4
18,4951,18,Female,mc_prob_0.1_FC_0.2_4
19,5043,19,Female,mc_prob_0.1_FC_0.2_4
20,4968,20,Female,mc_prob_0.1_FC_0.2_4
21,5051,21,Female,mc_prob_0.1_FC_0.2_4
22,5031,22,Female,mc_prob_0.1_FC_0.2_4
23,4922,23,Female,mc_prob_0.1_FC_0.2_4
24,4907,24,Female,mc_prob_0.1_FC_0.2_4
25,4808,25,Female,mc_prob_0.1_FC_0.2_4
26,4738,26,Female,mc_prob_0.1_FC_0.2_4
27,4961,27,Female,mc_prob_0.1_FC_0.2_4
28,4993,28,Female,mc_prob_0.1_FC_0.2_4
29,5059,29,Female,mc_prob_0.1_FC_0.2_4
30,4937,30,Female,mc_prob_0.1_FC_0.2_4
31,4943,31,Female,mc_prob_0.1_FC_0.2_4
32,4996,32,Female,mc_prob_0.1_FC_0.2_4
33,5050,33,Female,mc_prob_0.1_FC_0.2_4
34,4910,34,Female,mc_prob_0.1_FC_0.2_4
35,4922,35,Female,mc_prob_0.1_FC_0.2_4
36,4886,36,Female,mc_prob_0.1_FC_0.2_4
37,4940,37,Female,mc_prob_0.1_FC_0.2_4
38,4827,38,Female,mc_prob_0.1_FC_0.2_4
39,4846,39,Female,mc_prob_0.1_FC_0.2_4
40,5015,40,Female,mc_prob_0.1_FC_0.2_4
41,5028,41,Female,mc_prob_0.1_FC_0.2_4
42,4893,42,Female,mc_prob_0.1_FC_0.2_4
43,5008,43,Female,mc_prob_0.1_FC_0.2_4
44,4957,44,Female,mc_prob_0.1_FC_0.2_4
45,4903,45,Female,mc_prob_0.1_FC_0.2_4
46,4894,46,Female,mc_prob_0.1_FC_0.2_4
47,5122,47,Female,mc_prob_0.1_FC_0.2_4
48,5040,48,Female,mc_prob_0.1_FC_0.2_4
49,4927,49,Female,mc_prob_0.1_FC_0.2_4
50,4738,50,Female,mc_prob_0.1_FC_0.2_4
51,5000,0,Male,mc_prob_0.1_FC_0.2_4
52,4152,1,Male,mc_prob_0.1_FC_0.2_4
53,4102,2,Male,mc_prob_0.1_FC_0.2_4
54,4203,3,Male,mc_prob_0.1_FC_0.2_4
55,4377,4,Male,mc_prob_0.1_FC_0.2_4
56,4403,5,Male,mc_prob_0.1_FC_0.2_4
57,4431,6,Male,mc_prob_0.1_FC_0.2_4
58,4592,7,Male,mc_prob_0.1_FC_0.2_4
59,4584,8,Male,mc_prob_0.1_FC_0.2_4
60,4671,9,Male,mc_prob_0.1_FC_0.2_4
61,4720,10,Male,mc_prob_0.1_FC_0.2_4
62,4876,11,Male,mc_prob_0.1_FC_0.2_4
63,4770,12,Male,mc_prob_0.1_FC_0.2_4
64,4914,13,Male,mc_prob_0.1_FC_0.2_4
65,4816,14,Male,mc_prob_0.1_FC_0.2_4
66,4877,15,Male,mc_prob_0.1_FC_0.2_4
67,4989,16,Male,mc_prob_0.1_FC_0.2_4
68,4864,17,Male,mc_prob_0.1_FC_0.2_4
69,5010,18,Male,mc_prob_0.1_FC_0.2_4
70,5054,19,Male,mc_prob_0.1_FC_0.2_4
71,4983,20,Male,mc_prob_0.1_FC_0.2_4
72,5079,21,Male,mc_prob_0.1_FC_0.2_4
73,5059,22,Male,mc_prob_0.1_FC_0.2_4
74,4936,23,Male,mc_prob_0.1_FC_0.2_4
75,5036,24,Male,mc_prob_0.1_FC_0.2_4
76,5021,25,Male,mc_prob_0.1_FC_0.2_4
77,4854,26,Male,mc_prob_0.1_FC_0.2_4
78,5002,27,Male,mc_prob_0.1_FC_0.2_4
79,5044,28,Male,mc_prob_0.1_FC_0.2_4
80,5129,29,Male,mc_prob_0.1_FC_0.2_4
81,4953,30,Male,mc_prob_0.1_FC_0.2_4
82,5005,31,Male,mc_prob_0.1_FC_0.2_4
83,5000,32,Male,mc_prob_0.1_FC_0.2_4
84,5081,33,Male,mc_prob_0.1_FC_0.2_4
85,4969,34,Male,mc_prob_0.1_FC_0.2_4
86,5027,35,Male,mc_prob_0.1_FC_0.2_4
87,4964,36,Male,mc_prob_0.1_FC_0.2_4
88,5148,37,Male,mc_prob_0.1_FC_0.2_4
89,4954,38,Male,mc_prob_0.1_FC_0.2_4
90,5007,39,Male,mc_prob_0.1_FC_0.2_4
91,5024,40,Male,mc_prob_0.1_FC_0.2_4
92,5048,41,Male,mc_prob_0.1_FC_0.2_4
93,4941,42,Male,mc_prob_0.1_FC_0.2_4
94,5082,43,Male,mc_prob_0.1_FC_0.2_4
95,5017,44,Male,mc_prob_0.1_FC_0.2_4
96,4917,45,Male,mc_prob_0.1_FC_0.2_4
97,4987,46,Male,mc_prob_0.1_FC_0.2_4
98,5136,47,Male,mc_prob_0.1_FC_0.2_4
99,5094,48,Male,mc_prob_0.1_FC_0.2_4
100,5076,49,Male,mc_prob_0.1_FC_0.2_4
101,4923,50,Male,mc_prob_0.1_FC_0.2_4
,Count,Generation,Sex,Run
0,7000,0,Female,mc_prob_0.1_FC_0.2_5
1,4065,1,Female,mc_prob_0.1_FC_0.2_5
2,4072,2,Female,mc_prob_0.1_FC_0.2_5
3,4225,3,Female,mc_prob_0.1_FC_0.2_5
4,4347,4,Female,mc_prob_0.1_FC_0.2_5
5,4288,5,Female,mc_prob_0.1_FC_0.2_5
6,4394,6,Female,mc_prob_0.1_FC_0.2_5
7,4491,7,Female,mc_prob_0.1_FC_0.2_5
8,4573,8,Female,mc_prob_0.1_FC_0.2_5
9,4688,9,Female,mc_prob_0.1_FC_0.2_5
10,4622,10,Female,mc_prob_0.1_FC_0.2_5
11,4679,11,Female,mc_prob_0.1_FC_0.2_5
12,4695,12,Female,mc_prob_0.1_FC_0.2_5
13,4651,13,Female,mc_prob_0.1_FC_0.2_5
14,4707,14,Female,mc_prob_0.1_FC_0.2_5
15,4786,15,Female,mc_prob_0.1_FC_0.2_5
16,4919,16,Female,mc_prob_0.1_FC_0.2_5
17,4784,17,Female,mc_prob_0.1_FC_0.2_5
18,4913,18,Female,mc_prob_0.1_FC_0.2_5
19,4903,19,Female,mc_prob_0.1_FC_0.2_5
20,4978,20,Female,mc_prob_0.1_FC_0.2_5
21,4896,21,Female,mc_prob_0.1_FC_0.2_5
22,4743,22,Female,mc_prob_0.1_FC_0.2_5
23,4847,23,Female,mc_prob_0.1_FC_0.2_5
24,4792,24,Female,mc_prob_0.1_FC_0.2_5
25,4874,25,Female,mc_prob_0.1_FC_0.2_5
26,4851,26,Female,mc_prob_0.1_FC_0.2_5
27,4971,27,Female,mc_prob_0.1_FC_0.2_5
28,4954,28,Female,mc_prob_0.1_FC_0.2_5
29,4900,29,Female,mc_prob_0.1_FC_0.2_5
30,4962,30,Female,mc_prob_0.1_FC_0.2_5
31,4872,31,Female,mc_prob_0.1_FC_0.2_5
32,4846,32,Female,mc_prob_0.1_FC_0.2_5
33,5032,33,Female,mc_prob_0.1_FC_0.2_5
34,5020,34,Female,mc_prob_0.1_FC_0.2_5
35,5011,35,Female,mc_prob_0.1_FC_0.2_5
36,5099,36,Female,mc_prob_0.1_FC_0.2_5
37,5076,37,Female,mc_prob_0.1_FC_0.2_5
38,4955,38,Female,mc_prob_0.1_FC_0.2_5
39,4918,39,Female,mc_prob_0.1_FC_0.2_5
40,4978,40,Female,mc_prob_0.1_FC_0.2_5
41,5089,41,Female,mc_prob_0.1_FC_0.2_5
42,4891,42,Female,mc_prob_0.1_FC_0.2_5
43,5033,43,Female,mc_prob_0.1_FC_0.2_5
44,4959,44,Female,mc_prob_0.1_FC_0.2_5
45,4884,45,Female,mc_prob_0.1_FC_0.2_5
46,4979,46,Female,mc_prob_0.1_FC_0.2_5
47,4844,47,Female,mc_prob_0.1_FC_0.2_5
48,4859,48,Female,mc_prob_0.1_FC_0.2_5
49,4855,49,Female,mc_prob_0.1_FC_0.2_5
50,4806,50,Female,mc_prob_0.1_FC_0.2_5
51,5000,0,Male,mc_prob_0.1_FC_0.2_5
52,4132,1,Male,mc_prob_0.1_FC_0.2_5
53,4138,2,Male,mc_prob_0.1_FC_0.2_5
54,4260,3,Male,mc_prob_0.1_FC_0.2_5
55,4353,4,Male,mc_prob_0.1_FC_0.2_5
56,4356,5,Male,mc_prob_0.1_FC_0.2_5
57,4533,6,Male,mc_prob_0.1_FC_0.2_5
58,4537,7,Male,mc_prob_0.1_FC_0.2_5
59,4595,8,Male,mc_prob_0.1_FC_0.2_5
60,4712,9,Male,mc_prob_0.1_FC_0.2_5
61,4845,10,Male,mc_prob_0.1_FC_0.2_5
62,4680,11,Male,mc_prob_0.1_FC_0.2_5
63,4824,12,Male,mc_prob_0.1_FC_0.2_5
64,4773,13,Male,mc_prob_0.1_FC_0.2_5
65,4803,14,Male,mc_prob_0.1_FC_0.2_5
66,4858,15,Male,mc_prob_0.1_FC_0.2_5
67,4986,16,Male,mc_prob_0.1_FC_0.2_5
68,4962,17,Male,mc_prob_0.1_FC_0.2_5
69,4931,18,Male,mc_prob_0.1_FC_0.2_5
70,4934,19,Male,mc_prob_0.1_FC_0.2_5
71,5030,20,Male,mc_prob_0.1_FC_0.2_5
72,4970,21,Male,mc_prob_0.1_FC_0.2_5
73,4833,22,Male,mc_prob_0.1_FC_0.2_5
74,4922,23,Male,mc_prob_0.1_FC_0.2_5
75,4992,24,Male,mc_prob_0.1_FC_0.2_5
76,4991,25,Male,mc_prob_0.1_FC_0.2_5
77,4887,26,Male,mc_prob_0.1_FC_0.2_5
78,5081,27,Male,mc_prob_0.1_FC_0.2_5
79,5053,28,Male,mc_prob_0.1_FC_0.2_5
80,4967,29,Male,mc_prob_0.1_FC_0.2_5
81,5022,30,Male,mc_prob_0.1_FC_0.2_5
82,5018,31,Male,mc_prob_0.1_FC_0.2_5
83,4917,32,Male,mc_prob_0.1_FC_0.2_5
84,5113,33,Male,mc_prob_0.1_FC_0.2_5
85,5086,34,Male,mc_prob_0.1_FC_0.2_5
86,5042,35,Male,mc_prob_0.1_FC_0.2_5
87,5164,36,Male,mc_prob_0.1_FC_0.2_5
88,5090,37,Male,mc_prob_0.1_FC_0.2_5
89,4980,38,Male,mc_prob_0.1_FC_0.2_5
90,4924,39,Male,mc_prob_0.1_FC_0.2_5
91,4985,40,Male,mc_prob_0.1_FC_0.2_5
92,5105,41,Male,mc_prob_0.1_FC_0.2_5
93,4916,42,Male,mc_prob_0.1_FC_0.2_5
94,5039,43,Male,mc_prob_0.1_FC_0.2_5
95,5081,44,Male,mc_prob_0.1_FC_0.2_5
96,4970,45,Male,mc_prob_0.1_FC_0.2_5
97,5027,46,Male,mc_prob_0.1_FC_0.2_5
98,5080,47,Male,mc_prob_0.1_FC_0.2_5
99,5018,48,Male,mc_prob_0.1_FC_0.2_5
100,5069,49,Male,mc_prob_0.1_FC_0.2_5
101,4826,50,Male,mc_prob_0.1_FC_0.2_5
,Count,Generation,Sex,Run
0,7000,0,Female,mc_prob_0.1_FC_0.2_6
1,3957,1,Female,mc_prob_0.1_FC_0.2_6
2,4005,2,Female,mc_prob_0.1_FC_0.2_6
3,4078,3,Female,mc_prob_0.1_FC_0.2_6
4,4273,4,Female,mc_prob_0.1_FC_0.2_6
5,4434,5,Female,mc_prob_0.1_FC_0.2_6
6,4559,6,Female,mc_prob_0.1_FC_0.2_6
7,4500,7,Female,mc_prob_0.1_FC_0.2_6
8,4675,8,Female,mc_prob_0.1_FC_0.2_6
9,4698,9,Female,mc_prob_0.1_FC_0.2_6
10,4710,10,Female,mc_prob_0.1_FC_0.2_6
11,4826,11,Female,mc_prob_0.1_FC_0.2_6
12,4845,12,Female,mc_prob_0.1_FC_0.2_6
13,4798,13,Female,mc_prob_0.1_FC_0.2_6
14,4796,14,Female,mc_prob_0.1_FC_0.2_6
15,4881,15,Female,mc_prob_0.1_FC_0.2_6
16,4800,16,Female,mc_prob_0.1_FC_0.2_6
17,4887,17,Female,mc_prob_0.1_FC_0.2_6
18,4933,18,Female,mc_prob_0.1_FC_0.2_6
19,4897,19,Female,mc_prob_0.1_FC_0.2_6
20,4931,20,Female,mc_prob_0.1_FC_0.2_6
21,4944,21,Female,mc_prob_0.1_FC_0.2_6
22,4934,22,Female,mc_prob_0.1_FC_0.2_6
23,4948,23,Female,mc_prob_0.1_FC_0.2_6
24,4887,24,Female,mc_prob_0.1_FC_0.2_6
25,5049,25,Female,mc_prob_0.1_FC_0.2_6
26,5008,26,Female,mc_prob_0.1_FC_0.2_6
27,4878,27,Female,mc_prob_0.1_FC_0.2_6
28,4914,28,Female,mc_prob_0.1_FC_0.2_6
29,4943,29,Female,mc_prob_0.1_FC_0.2_6
30,4974,30,Female,mc_prob_0.1_FC_0.2_6
31,4914,31,Female,mc_prob_0.1_FC_0.2_6
32,4988,32,Female,mc_prob_0.1_FC_0.2_6
33,4959,33,Female,mc_prob_0.1_FC_0.2_6
34,4863,34,Female,mc_prob_0.1_FC_0.2_6
35,5017,35,Female,mc_prob_0.1_FC_0.2_6
36,4814,36,Female,mc_prob_0.1_FC_0.2_6
37,4887,37,Female,mc_prob_0.1_FC_0.2_6
38,4880,38,Female,mc_prob_0.1_FC_0.2_6
39,4965,39,Female,mc_prob_0.1_FC_0.2_6
40,4865,40,Female,mc_prob_0.1_FC_0.2_6
41,4892,41,Female,mc_prob_0.1_FC_0.2_6
42,4931,42,Female,mc_prob_0.1_FC_0.2_6
43,5053,43,Female,mc_prob_0.1_FC_0.2_6
44,5027,44,Female,mc_prob_0.1_FC_0.2_6
45,5000,45,Female,mc_prob_0.1_FC_0.2_6
46,4880,46,Female,mc_prob_0.1_FC_0.2_6
47,4938,47,Female,mc_prob_0.1_FC_0.2_6
48,4944,48,Female,mc_prob_0.1_FC_0.2_6
49,4986,49,Female,mc_prob_0.1_FC_0.2_6
50,4985,50,Female,mc_prob_0.1_FC_0.2_6
51,5000,0,Male,mc_prob_0.1_FC_0.2_6
52,4069,1,Male,mc_prob_0.1_FC_0.2_6
53,4085,2,Male,mc_prob_0.1_FC_0.2_6
54,4319,3,Male,mc_prob_0.1_FC_0.2_6
55,4332,4,Male,mc_prob_0.1_FC_0.2_6
56,4486,5,Male,mc_prob_0.1_FC_0.2_6
57,4592,6,Male,mc_prob_0.1_FC_0.2_6
58,4580,7,Male,mc_prob_0.1_FC_0.2_6
59,4684,8,Male,mc_prob_0.1_FC_0.2_6
60,4755,9,Male,mc_prob_0.1_FC_0.2_6
61,4732,10,Male,mc_prob_0.1_FC_0.2_6
62,4880,11,Male,mc_prob_0.1_FC_0.2_6
63,4878,12,Male,mc_prob_0.1_FC_0.2_6
64,4882,13,Male,mc_prob_0.1_FC_0.2_6
65,4870,14,Male,mc_prob_0.1_FC_0.2_6
66,5047,15,Male,mc_prob_0.1_FC_0.2_6
67,4937,16,Male,mc_prob_0.1_FC_0.2_6
68,4940,17,Male,mc_prob_0.1_FC_0.2_6
69,4972,18,Male,mc_prob_0.1_FC_0.2_6
70,5021,19,Male,mc_prob_0.1_FC_0.2_6
71,5023,20,Male,mc_prob_0.1_FC_0.2_6
72,4957,21,Male,mc_prob_0.1_FC_0.2_6
73,4990,22,Male,mc_prob_0.1_FC_0.2_6
74,5044,23,Male,mc_prob_0.1_FC_0.2_6
75,4978,24,Male,mc_prob_0.1_FC_0.2_6
76,5062,25,Male,mc_prob_0.1_FC_0.2_6
77,5077,26,Male,mc_prob_0.1_FC_0.2_6
78,4916,27,Male,mc_prob_0.1_FC_0.2_6
79,4982,28,Male,mc_prob_0.1_FC_0.2_6
80,5036,29,Male,mc_prob_0.1_FC_0.2_6
81,5022,30,Male,mc_prob_0.1_FC_0.2_6
82,4999,31,Male,mc_prob_0.1_FC_0.2_6
83,5023,32,Male,mc_prob_0.1_FC_0.2_6
84,5076,33,Male,mc_prob_0.1_FC_0.2_6
85,4952,34,Male,mc_prob_0.1_FC_0.2_6
86,5033,35,Male,mc_prob_0.1_FC_0.2_6
87,4990,36,Male,mc_prob_0.1_FC_0.2_6
88,4918,37,Male,mc_prob_0.1_FC_0.2_6
89,5027,38,Male,mc_prob_0.1_FC_0.2_6
90,5094,39,Male,mc_prob_0.1_FC_0.2_6
91,4907,40,Male,mc_prob_0.1_FC_0.2_6
92,5088,41,Male,mc_prob_0.1_FC_0.2_6
93,4958,42,Male,mc_prob_0.1_FC_0.2_6
94,5111,43,Male,mc_prob_0.1_FC_0.2_6
95,5108,44,Male,mc_prob_0.1_FC_0.2_6
96,5013,45,Male,mc_prob_0.1_FC_0.2_6
97,5025,46,Male,mc_prob_0.1_FC_0.2_6
98,5017,47,Male,mc_prob_0.1_FC_0.2_6
99,5002,48,Male,mc_prob_0.1_FC_0.2_6
100,4993,49,Male,mc_prob_0.1_FC_0.2_6
101,4998,50,Male,mc_prob_0.1_FC_0.2_6
,Count,Generation,Sex,Run
0,7000,0,Female,mc_prob_0.1_FC_0.2_7
1,3897,1,Female,mc_prob_0.1_FC_0.2_7
2,4058,2,Female,mc_prob_0.1_FC_0.2_7
3,4164,3,Female,mc_prob_0.1_FC_0.2_7
4,4194,4,Female,mc_prob_0.1_FC_0.2_7
5,4269,5,Female,mc_prob_0.1_FC_0.2_7
6,4477,6,Female,mc_prob_0.1_FC_0.2_7
7,4462,7,Female,mc_prob_0.1_FC_0.2_7
8,4550,8,Female,mc_prob_0.1_FC_0.2_7
9,4527,9,Female,mc_prob_0.1_FC_0.2_7
10,4665,10,Female,mc_prob_0.1_FC_0.2_7
11,4753,11,Female,mc_prob_0.1_FC_0.2_7
12,4809,12,Female,mc_prob_0.1_FC_0.2_7
13,4824,13,Female,mc_prob_0.1_FC_0.2_7
14,4869,14,Female,mc_prob_0.1_FC_0.2_7
15,4844,15,Female,mc_prob_0.1_FC_0.2_7
16,4876,16,Female,mc_prob_0.1_FC_0.2_7
17,4910,17,Female,mc_prob_0.1_FC_0.2_7
18,4957,18,Female,mc_prob_0.1_FC_0.2_7
19,4883,19,Female,mc_prob_0.1_FC_0.2_7
20,4825,20,Female,mc_prob_0.1_FC_0.2_7
21,4873,21,Female,mc_prob_0.1_FC_0.2_7
22,4891,22,Female,mc_prob_0.1_FC_0.2_7
23,4815,23,Female,mc_prob_0.1_FC_0.2_7
24,4912,24,Female,mc_prob_0.1_FC_0.2_7
25,5037,25,Female,mc_prob_0.1_FC_0.2_7
26,4863,26,Female,mc_prob_0.1_FC_0.2_7
27,4831,27,Female,mc_prob_0.1_FC_0.2_7
28,4828,28,Female,mc_prob_0.1_FC_0.2_7
29,5011,29,Female,mc_prob_0.1_FC_0.2_7
30,4985,30,Female,mc_prob_0.1_FC_0.2_7
31,5007,31,Female,mc_prob_0.1_FC_0.2_7
32,4939,32,Female,mc_prob_0.1_FC_0.2_7
33,4966,33,Female,mc_prob_0.1_FC_0.2_7
34,4866,34,Female,mc_prob_0.1_FC_0.2_7
35,4887,35,Female,mc_prob_0.1_FC_0.2_7
36,4833,36,Female,mc_prob_0.1_FC_0.2_7
37,4847,37,Female,mc_prob_0.1_FC_0.2_7
38,4982,38,Female,mc_prob_0.1_FC_0.2_7
39,4833,39,Female,mc_prob_0.1_FC_0.2_7
40,4860,40,Female,mc_prob_0.1_FC_0.2_7
41,4918,41,Female,mc_prob_0.1_FC_0.2_7
42,4975,42,Female,mc_prob_0.1_FC_0.2_7
43,4949,43,Female,mc_prob_0.1_FC_0.2_7
44,4932,44,Female,mc_prob_0.1_FC_0.2_7
45,4882,45,Female,mc_prob_0.1_FC_0.2_7
46,4941,46,Female,mc_prob_0.1_FC_0.2_7
47,5014,47,Female,mc_prob_0.1_FC_0.2_7
48,4859,48,Female,mc_prob_0.1_FC_0.2_7
49,4982,49,Female,mc_prob_0.1_FC_0.2_7
50,4955,50,Female,mc_prob_0.1_FC_0.2_7
51,5000,0,Male,mc_prob_0.1_FC_0.2_7
52,3960,1,Male,mc_prob_0.1_FC_0.2_7
53,4157,2,Male,mc_prob_0.1_FC_0.2_7
54,4265,3,Male,mc_prob_0.1_FC_0.2_7
55,4332,4,Male,mc_prob_0.1_FC_0.2_7
56,4316,5,Male,mc_prob_0.1_FC_0.2_7
57,4502,6,Male,mc_prob_0.1_FC_0.2_7
58,4593,7,Male,mc_prob_0.1_FC_0.2_7
59,4697,8,Male,mc_prob_0.1_FC_0.2_7
60,4536,9,Male,mc_prob_0.1_FC_0.2_7
61,4756,10,Male,mc_prob_0.1_FC_0.2_7
62,4758,11,Male,mc_prob_0.1_FC_0.2_7
63,4900,12,Male,mc_prob_0.1_FC_0.2_7
64,4892,13,Male,mc_prob_0.1_FC_0.2_7
65,4948,14,Male,mc_prob_0.1_FC_0.2_7
66,4867,15,Male,mc_prob_0.1_FC_0.2_7
67,4966,16,Male,mc_prob_0.1_FC_0.2_7
68,4993,17,Male,mc_prob_0.1_FC_0.2_7
69,4985,18,Male,mc_prob_0.1_FC_0.2_7
70,5039,19,Male,mc_prob_0.1_FC_0.2_7
71,4959,20,Male,mc_prob_0.1_FC_0.2_7
72,4965,21,Male,mc_prob_0.1_FC_0.2_7
73,5003,22,Male,mc_prob_0.1_FC_0.2_7
74,4831,23,Male,mc_prob_0.1_FC_0.2_7
75,4931,24,Male,mc_prob_0.1_FC_0.2_7
76,5039,25,Male,mc_prob_0.1_FC_0.2_7
77,5081,26,Male,mc_prob_0.1_FC_0.2_7
78,4853,27,Male,mc_prob_0.1_FC_0.2_7
79,4866,28,Male,mc_prob_0.1_FC_0.2_7
80,5021,29,Male,mc_prob_0.1_FC_0.2_7
81,5017,30,Male,mc_prob_0.1_FC_0.2_7
82,5055,31,Male,mc_prob_0.1_FC_0.2_7
83,4993,32,Male,mc_prob_0.1_FC_0.2_7
84,5013,33,Male,mc_prob_0.1_FC_0.2_7
85,4948,34,Male,mc_prob_0.1_FC_0.2_7
86,5109,35,Male,mc_prob_0.1_FC_0.2_7
87,4924,36,Male,mc_prob_0.1_FC_0.2_7
88,4875,37,Male,mc_prob_0.1_FC_0.2_7
89,5083,38,Male,mc_prob_0.1_FC_0.2_7
90,4978,39,Male,mc_prob_0.1_FC_0.2_7
91,4861,40,Male,mc_prob_0.1_FC_0.2_7
92,4930,41,Male,mc_prob_0.1_FC_0.2_7
93,5043,42,Male,mc_prob_0.1_FC_0.2_7
94,4985,43,Male,mc_prob_0.1_FC_0.2_7
95,4994,44,Male,mc_prob_0.1_FC_0.2_7
96,4900,45,Male,mc_prob_0.1_FC_0.2_7
97,5043,46,Male,mc_prob_0.1_FC_0.2_7
98,5194,47,Male,mc_prob_0.1_FC_0.2_7
99,4983,48,Male,mc_prob_0.1_FC_0.2_7
100,5009,49,Male,mc_prob_0.1_FC_0.2_7
101,5025,50,Male,mc_prob_0.1_FC_0.2_7
,Count,Generation,Sex,Run
0,7000,0,Female,mc_prob_0.1_FC_0.2_8
1,3898,1,Female,mc_prob_0.1_FC_0.2_8
2,3993,2,Female,mc_prob_0.1_FC_0.2_8
3,4153,3,Female,mc_prob_0.1_FC_0.2_8
4,4285,4,Female,mc_prob_0.1_FC_0.2_8
5,4400,5,Female,mc_prob_0.1_FC_0.2_8
6,4464,6,Female,mc_prob_0.1_FC_0.2_8
7,4561,7,Female,mc_prob_0.1_FC_0.2_8
8,4585,8,Female,mc_prob_0.1_FC_0.2_8
9,4648,9,Female,mc_prob_0.1_FC_0.2_8
10,4678,10,Female,mc_prob_0.1_FC_0.2_8
11,4865,11,Female,mc_prob_0.1_FC_0.2_8
12,4869,12,Female,mc_prob_0.1_FC_0.2_8
13,4771,13,Female,mc_prob_0.1_FC_0.2_8
14,4786,14,Female,mc_prob_0.1_FC_0.2_8
15,4770,15,Female,mc_prob_0.1_FC_0.2_8
16,4865,16,Female,mc_prob_0.1_FC_0.2_8
17,4885,17,Female,mc_prob_0.1_FC_0.2_8
18,5011,18,Female,mc_prob_0.1_FC_0.2_8
19,4995,19,Female,mc_prob_0.1_FC_0.2_8
20,4956,20,Female,mc_prob_0.1_FC_0.2_8
21,4911,21,Female,mc_prob_0.1_FC_0.2_8
22,4877,22,Female,mc_prob_0.1_FC_0.2_8
23,4857,23,Female,mc_prob_0.1_FC_0.2_8
24,5034,24,Female,mc_prob_0.1_FC_0.2_8
25,4882,25,Female,mc_prob_0.1_FC_0.2_8
26,4957,26,Female,mc_prob_0.1_FC_0.2_8
27,5100,27,Female,mc_prob_0.1_FC_0.2_8
28,4979,28,Female,mc_prob_0.1_FC_0.2_8
29,5017,29,Female,mc_prob_0.1_FC_0.2_8
30,5030,30,Female,mc_prob_0.1_FC_0.2_8
31,4977,31,Female,mc_prob_0.1_FC_0.2_8
32,4976,32,Female,mc_prob_0.1_FC_0.2_8
33,5039,33,Female,mc_prob_0.1_FC_0.2_8
34,4893,34,Female,mc_prob_0.1_FC_0.2_8
35,4930,35,Female,mc_prob_0.1_FC_0.2_8
36,4922,36,Female,mc_prob_0.1_FC_0.2_8
37,4929,37,Female,mc_prob_0.1_FC_0.2_8
38,4886,38,Female,mc_prob_0.1_FC_0.2_8
39,5026,39,Female,mc_prob_0.1_FC_0.2_8
40,5028,40,Female,mc_prob_0.1_FC_0.2_8
41,5029,41,Female,mc_prob_0.1_FC_0.2_8
42,4988,42,Female,mc_prob_0.1_FC_0.2_8
43,4958,43,Female,mc_prob_0.1_FC_0.2_8
44,4950,44,Female,mc_prob_0.1_FC_0.2_8
45,4986,45,Female,mc_prob_0.1_FC_0.2_8
46,5044,46,Female,mc_prob_0.1_FC_0.2_8
47,4992,47,Female,mc_prob_0.1_FC_0.2_8
48,4947,48,Female,mc_prob_0.1_FC_0.2_8
49,4925,49,Female,mc_prob_0.1_FC_0.2_8
50,4947,50,Female,mc_prob_0.1_FC_0.2_8
51,5000,0,Male,mc_prob_0.1_FC_0.2_8
52,4057,1,Male,mc_prob_0.1_FC_0.2_8
53,4131,2,Male,mc_prob_0.1_FC_0.2_8
54,4203,3,Male,mc_prob_0.1_FC_0.2_8
55,4335,4,Male,mc_prob_0.1_FC_0.2_8
56,4526,5,Male,mc_prob_0.1_FC_0.2_8
57,4539,6,Male,mc_prob_0.1_FC_0.2_8
58,4642,7,Male,mc_prob_0.1_FC_0.2_8
59,4622,8,Male,mc_prob_0.1_FC_0.2_8
60,4801,9,Male,mc_prob_0.1_FC_0.2_8
61,4717,10,Male,mc_prob_0.1_FC_0.2_8
62,4929,11,Male,mc_prob_0.1_FC_0.2_8
63,4885,12,Male,mc_prob_0.1_FC_0.2_8
64,4899,13,Male,mc_prob_0.1_FC_0.2_8
65,4883,14,Male,mc_prob_0.1_FC_0.2_8
66,4841,15,Male,mc_prob_0.1_FC_0.2_8
67,4916,16,Male,mc_prob_0.1_FC_0.2_8
68,5022,17,Male,mc_prob_0.1_FC_0.2_8
69,5021,18,Male,mc_prob_0.1_FC_0.2_8
70,5043,19,Male,mc_prob_0.1_FC_0.2_8
71,4976,20,Male,mc_prob_0.1_FC_0.2_8
72,4928,21,Male,mc_prob_0.1_FC_0.2_8
73,4953,22,Male,mc_prob_0.1_FC_0.2_8
74,4868,23,Male,mc_prob_0.1_FC_0.2_8
75,5090,24,Male,mc_prob_0.1_FC_0.2_8
76,4948,25,Male,mc_prob_0.1_FC_0.2_8
77,4958,26,Male,mc_prob_0.1_FC_0.2_8
78,5134,27,Male,mc_prob_0.1_FC_0.2_8
79,4987,28,Male,mc_prob_0.1_FC_0.2_8
80,5038,29,Male,mc_prob_0.1_FC_0.2_8
81,5085,30,Male,mc_prob_0.1_FC_0.2_8
82,5024,31,Male,mc_prob_0.1_FC_0.2_8
83,5015,32,Male,mc_prob_0.1_FC_0.2_8
84,5122,33,Male,mc_prob_0.1_FC_0.2_8
85,4985,34,Male,mc_prob_0.1_FC_0.2_8
86,5055,35,Male,mc_prob_0.1_FC_0.2_8
87,4943,36,Male,mc_prob_0.1_FC_0.2_8
88,5036,37,Male,mc_prob_0.1_FC_0.2_8
89,4909,38,Male,mc_prob_0.1_FC_0.2_8
90,5059,39,Male,mc_prob_0.1_FC_0.2_8
91,5045,40,Male,mc_prob_0.1_FC_0.2_8
92,5049,41,Male,mc_prob_0.1_FC_0.2_8
93,5060,42,Male,mc_prob_0.1_FC_0.2_8
94,5019,43,Male,mc_prob_0.1_FC_0.2_8
95,5010,44,Male,mc_prob_0.1_FC_0.2_8
96,5002,45,Male,mc_prob_0.1_FC_0.2_8
97,5142,46,Male,mc_prob_0.1_FC_0.2_8
98,4999,47,Male,mc_prob_0.1_FC_0.2_8
99,4955,48,Male,mc_prob_0.1_FC_0.2_8
100,4968,49,Male,mc_prob_0.1_FC_0.2_8
101,5039,50,Male,mc_prob_0.1_FC_0.2_8
,Count,Generation,Sex,Run
0,7000,0,Female,mc_prob_0.1_FC_0.2_9
1,4043,1,Female,mc_prob_0.1_FC_0.2_9
2,4102,2,Female,mc_prob_0.1_FC_0.2_9
3,4230,3,Female,mc_prob_0.1_FC_0.2_9
4,4266,4,Female,mc_prob_0.1_FC_0.2_9
5,4398,5,Female,mc_prob_0.1_FC_0.2_9
6,4452,6,Female,mc_prob_0.1_FC_0.2_9
7,4445,7,Female,mc_prob_0.1_FC_0.2_9
8,4536,8,Female,mc_prob_0.1_FC_0.2_9
9,4594,9,Female,mc_prob_0.1_FC_0.2_9
10,4634,10,Female,mc_prob_0.1_FC_0.2_9
11,4601,11,Female,mc_prob_0.1_FC_0.2_9
12,4773,12,Female,mc_prob_0.1_FC_0.2_9
13,4884,13,Female,mc_prob_0.1_FC_0.2_9
14,4856,14,Female,mc_prob_0.1_FC_0.2_9
15,4724,15,Female,mc_prob_0.1_FC_0.2_9
16,4748,16,Female,mc_prob_0.1_FC_0.2_9
17,4773,17,Female,mc_prob_0.1_FC_0.2_9
18,5000,18,Female,mc_prob_0.1_FC_0.2_9
19,4867,19,Female,mc_prob_0.1_FC_0.2_9
20,4896,20,Female,mc_prob_0.1_FC_0.2_9
21,5032,21,Female,mc_prob_0.1_FC_0.2_9
22,4819,22,Female,mc_prob_0.1_FC_0.2_9
23,4997,23,Female,mc_prob_0.1_FC_0.2_9
24,4913,24,Female,mc_prob_0.1_FC_0.2_9
25,5010,25,Female,mc_prob_0.1_FC_0.2_9
26,5004,26,Female,mc_prob_0.1_FC_0.2_9
27,4965,27,Female,mc_prob_0.1_FC_0.2_9
28,4954,28,Female,mc_prob_0.1_FC_0.2_9
29,5122,29,Female,mc_prob_0.1_FC_0.2_9
30,4915,30,Female,mc_prob_0.1_FC_0.2_9
31,4972,31,Female,mc_prob_0.1_FC_0.2_9
32,5012,32,Female,mc_prob_0.1_FC_0.2_9
33,4975,33,Female,mc_prob_0.1_FC_0.2_9
34,4880,34,Female,mc_prob_0.1_FC_0.2_9
35,4898,35,Female,mc_prob_0.1_FC_0.2_9
36,4941,36,Female,mc_prob_0.1_FC_0.2_9
37,5030,37,Female,mc_prob_0.1_FC_0.2_9
38,4986,38,Female,mc_prob_0.1_FC_0.2_9
39,4888,39,Female,mc_prob_0.1_FC_0.2_9
40,5009,40,Female,mc_prob_0.1_FC_0.2_9
41,4980,41,Female,mc_prob_0.1_FC_0.2_9
42,5070,42,Female,mc_prob_0.1_FC_0.2_9
43,4994,43,Female,mc_prob_0.1_FC_0.2_9
44,4859,44,Female,mc_prob_0.1_FC_0.2_9
45,4992,45,Female,mc_prob_0.1_FC_0.2_9
46,4960,46,Female,mc_prob_0.1_FC_0.2_9
47,4963,47,Female,mc_prob_0.1_FC_0.2_9
48,4873,48,Female,mc_prob_0.1_FC_0.2_9
49,4874,49,Female,mc_prob_0.1_FC_0.2_9
50,4978,50,Female,mc_prob_0.1_FC_0.2_9
51,5000,0,Male,mc_prob_0.1_FC_0.2_9
52,4068,1,Male,mc_prob_0.1_FC_0.2_9
53,4116,2,Male,mc_prob_0.1_FC_0.2_9
54,4309,3,Male,mc_prob_0.1_FC_0.2_9
55,4308,4,Male,mc_prob_0.1_FC_0.2_9
56,4441,5,Male,mc_prob_0.1_FC_0.2_9
57,4533,6,Male,mc_prob_0.1_FC_0.2_9
58,4497,7,Male,mc_prob_0.1_FC_0.2_9
59,4634,8,Male,mc_prob_0.1_FC_0.2_9
60,4683,9,Male,mc_prob_0.1_FC_0.2_9
61,4797,10,Male,mc_prob_0.1_FC_0.2_9
62,4638,11,Male,mc_prob_0.1_FC_0.2_9
63,4787,12,Male,mc_prob_0.1_FC_0.2_9
64,4910,13,Male,mc_prob_0.1_FC_0.2_9
65,4861,14,Male,mc_prob_0.1_FC_0.2_9
66,4926,15,Male,mc_prob_0.1_FC_0.2_9
67,4956,16,Male,mc_prob_0.1_FC_0.2_9
68,4778,17,Male,mc_prob_0.1_FC_0.2_9
69,5020,18,Male,mc_prob_0.1_FC_0.2_9
70,4960,19,Male,mc_prob_0.1_FC_0.2_9
71,4921,20,Male,mc_prob_0.1_FC_0.2_9
72,5138,21,Male,mc_prob_0.1_FC_0.2_9
73,4957,22,Male,mc_prob_0.1_FC_0.2_9
74,5041,23,Male,mc_prob_0.1_FC_0.2_9
75,5006,24,Male,mc_prob_0.1_FC_0.2_9
76,5038,25,Male,mc_prob_0.1_FC_0.2_9
77,5069,26,Male,mc_prob_0.1_FC_0.2_9
78,5011,27,Male,mc_prob_0.1_FC_0.2_9
79,4979,28,Male,mc_prob_0.1_FC_0.2_9
80,5141,29,Male,mc_prob_0.1_FC_0.2_9
81,4957,30,Male,mc_prob_0.1_FC_0.2_9
82,5104,31,Male,mc_prob_0.1_FC_0.2_9
83,5068,32,Male,mc_prob_0.1_FC_0.2_9
84,5061,33,Male,mc_prob_0.1_FC_0.2_9
85,5001,34,Male,mc_prob_0.1_FC_0.2_9
86,4956,35,Male,mc_prob_0.1_FC_0.2_9
87,4962,36,Male,mc_prob_0.1_FC_0.2_9
88,5180,37,Male,mc_prob_0.1_FC_0.2_9
89,5020,38,Male,mc_prob_0.1_FC_0.2_9
90,4993,39,Male,mc_prob_0.1_FC_0.2_9
91,5015,40,Male,mc_prob_0.1_FC_0.2_9
92,5030,41,Male,mc_prob_0.1_FC_0.2_9
93,5078,42,Male,mc_prob_0.1_FC_0.2_9
94,5222,43,Male,mc_prob_0.1_FC_0.2_9
95,4945,44,Male,mc_prob_0.1_FC_0.2_9
96,5017,45,Male,mc_prob_0.1_FC_0.2_9
97,5062,46,Male,mc_prob_0.1_FC_0.2_9
98,5016,47,Male,mc_prob_0.1_FC_0.2_9
99,5017,48,Male,mc_prob_0.1_FC_0.2_9
100,4925,49,Male,mc_prob_0.1_FC_0.2_9
101,4980,50,Male,mc_prob_0.1_FC_0.2_9
,Count,Generation,Sex,Run
0,7000,0,Female,mc_prob_0.1_FC_0.2_10
1,3887,1,Female,mc_prob_0.1_FC_0.2_10
2,3910,2,Female,mc_prob_0.1_FC_0.2_10
3,4114,3,Female,mc_prob_0.1_FC_0.2_10
4,4225,4,Female,mc_prob_0.1_FC_0.2_10
5,4362,5,Female,mc_prob_0.1_FC_0.2_10
6,4558,6,Female,mc_prob_0.1_FC_0.2_10
7,4471,7,Female,mc_prob_0.1_FC_0.2_10
8,4722,8,Female,mc_prob_0.1_FC_0.2_10
9,4687,9,Female,mc_prob_0.1_FC_0.2_10
10,4732,10,Female,mc_prob_0.1_FC_0.2_10
11,4704,11,Female,mc_prob_0.1_FC_0.2_10
12,4714,12,Female,mc_prob_0.1_FC_0.2_10
13,4738,13,Female,mc_prob_0.1_FC_0.2_10
14,4829,14,Female,mc_prob_0.1_FC_0.2_10
15,4702,15,Female,mc_prob_0.1_FC_0.2_10
16,4759,16,Female,mc_prob_0.1_FC_0.2_10
17,4941,17,Female,mc_prob_0.1_FC_0.2_10
18,4934,18,Female,mc_prob_0.1_FC_0.2_10
19,5087,19,Female,mc_prob_0.1_FC_0.2_10
20,4886,20,Female,mc_prob_0.1_FC_0.2_10
21,4978,21,Female,mc_prob_0.1_FC_0.2_10
22,4827,22,Female,mc_prob_0.1_FC_0.2_10
23,4746,23,Female,mc_prob_0.1_FC_0.2_10
24,4954,24,Female,mc_prob_0.1_FC_0.2_10
25,4912,25,Female,mc_prob_0.1_FC_0.2_10
26,4961,26,Female,mc_prob_0.1_FC_0.2_10
27,4897,27,Female,mc_prob_0.1_FC_0.2_10
28,5019,28,Female,mc_prob_0.1_FC_0.2_10
29,4944,29,Female,mc_prob_0.1_FC_0.2_10
30,4964,30,Female,mc_prob_0.1_FC_0.2_10
31,4857,31,Female,mc_prob_0.1_FC_0.2_10
32,5012,32,Female,mc_prob_0.1_FC_0.2_10
33,4913,33,Female,mc_prob_0.1_FC_0.2_10
34,4969,34,Female,mc_prob_0.1_FC_0.2_10
35,4994,35,Female,mc_prob_0.1_FC_0.2_10
36,4892,36,Female,mc_prob_0.1_FC_0.2_10
37,4904,37,Female,mc_prob_0.1_FC_0.2_10
38,4883,38,Female,mc_prob_0.1_FC_0.2_10
39,4882,39,Female,mc_prob_0.1_FC_0.2_10
40,5051,40,Female,mc_prob_0.1_FC_0.2_10
41,4968,41,Female,mc_prob_0.1_FC_0.2_10
42,4905,42,Female,mc_prob_0.1_FC_0.2_10
43,4910,43,Female,mc_prob_0.1_FC_0.2_10
44,4937,44,Female,mc_prob_0.1_FC_0.2_10
45,4858,45,Female,mc_prob_0.1_FC_0.2_10
46,4859,46,Female,mc_prob_0.1_FC_0.2_10
47,4862,47,Female,mc_prob_0.1_FC_0.2_10
48,4941,48,Female,mc_prob_0.1_FC_0.2_10
49,4914,49,Female,mc_prob_0.1_FC_0.2_10
50,5048,50,Female,mc_prob_0.1_FC_0.2_10
51,5000,0,Male,mc_prob_0.1_FC_0.2_10
52,4060,1,Male,mc_prob_0.1_FC_0.2_10
53,3941,2,Male,mc_prob_0.1_FC_0.2_10
54,4238,3,Male,mc_prob_0.1_FC_0.2_10
55,4233,4,Male,mc_prob_0.1_FC_0.2_10
56,4389,5,Male,mc_prob_0.1_FC_0.2_10
57,4583,6,Male,mc_prob_0.1_FC_0.2_10
58,4486,7,Male,mc_prob_0.1_FC_0.2_10
59,4733,8,Male,mc_prob_0.1_FC_0.2_10
60,4729,9,Male,mc_prob_0.1_FC_0.2_10
61,4752,10,Male,mc_prob_0.1_FC_0.2_10
62,4870,11,Male,mc_prob_0.1_FC_0.2_10
63,4779,12,Male,mc_prob_0.1_FC_0.2_10
64,4777,13,Male,mc_prob_0.1_FC_0.2_10
65,4876,14,Male,mc_prob_0.1_FC_0.2_10
66,4955,15,Male,mc_prob_0.1_FC_0.2_10
67,4760,16,Male,mc_prob_0.1_FC_0.2_10
68,4971,17,Male,mc_prob_0.1_FC_0.2_10
69,4985,18,Male,mc_prob_0.1_FC_0.2_10
70,5128,19,Male,mc_prob_0.1_FC_0.2_10
71,5003,20,Male,mc_prob_0.1_FC_0.2_10
72,5033,21,Male,mc_prob_0.1_FC_0.2_10
73,4980,22,Male,mc_prob_0.1_FC_0.2_10
74,4929,23,Male,mc_prob_0.1_FC_0.2_10
75,4983,24,Male,mc_prob_0.1_FC_0.2_10
76,4939,25,Male,mc_prob_0.1_FC_0.2_10
77,4987,26,Male,mc_prob_0.1_FC_0.2_10
78,4991,27,Male,mc_prob_0.1_FC_0.2_10
79,5084,28,Male,mc_prob_0.1_FC_0.2_10
80,5023,29,Male,mc_prob_0.1_FC_0.2_10
81,5022,30,Male,mc_prob_0.1_FC_0.2_10
82,4982,31,Male,mc_prob_0.1_FC_0.2_10
83,5017,32,Male,mc_prob_0.1_FC_0.2_10
84,5037,33,Male,mc_prob_0.1_FC_0.2_10
85,5007,34,Male,mc_prob_0.1_FC_0.2_10
86,5063,35,Male,mc_prob_0.1_FC_0.2_10
87,4945,36,Male,mc_prob_0.1_FC_0.2_10
88,4946,37,Male,mc_prob_0.1_FC_0.2_10
89,5042,38,Male,mc_prob_0.1_FC_0.2_10
90,4996,39,Male,mc_prob_0.1_FC_0.2_10
91,5087,40,Male,mc_prob_0.1_FC_0.2_10
92,5040,41,Male,mc_prob_0.1_FC_0.2_10
93,4962,42,Male,mc_prob_0.1_FC_0.2_10
94,4910,43,Male,mc_prob_0.1_FC_0.2_10
95,4986,44,Male,mc_prob_0.1_FC_0.2_10
96,4950,45,Male,mc_prob_0.1_FC_0.2_10
97,4890,46,Male,mc_prob_0.1_FC_0.2_10
98,4971,47,Male,mc_prob_0.1_FC_0.2_10
99,4993,48,Male,mc_prob_0.1_FC_0.2_10
100,4970,49,Male,mc_prob_0.1_FC_0.2_10
101,5059,50,Male,mc_prob_0.1_FC_0.2_10
,Count,Generation,Sex,Run
0,7000.0,0,Female,mc_prob_0.2_FC_0_1
1,4244.0,1,Female,mc_prob_0.2_FC_0_1
2,4222.0,2,Female,mc_prob_0.2_FC_0_1
3,4219.0,3,Female,mc_prob_0.2_FC_0_1
4,4154.0,4,Female,mc_prob_0.2_FC_0_1
5,4008.0,5,Female,mc_prob_0.2_FC_0_1
6,3955.0,6,Female,mc_prob_0.2_FC_0_1
7,3930.0,7,Female,mc_prob_0.2_FC_0_1
8,4069.0,8,Female,mc_prob_0.2_FC_0_1
9,3953.0,9,Female,mc_prob_0.2_FC_0_1
10,3843.0,10,Female,mc_prob_0.2_FC_0_1
11,3594.0,11,Female,mc_prob_0.2_FC_0_1
12,3478.0,12,Female,mc_prob_0.2_FC_0_1
13,3488.0,13,Female,mc_prob_0.2_FC_0_1
14,3499.0,14,Female,mc_prob_0.2_FC_0_1
15,3540.0,15,Female,mc_prob_0.2_FC_0_1
16,3341.0,16,Female,mc_prob_0.2_FC_0_1
17,2466.0,17,Female,mc_prob_0.2_FC_0_1
18,1341.0,18,Female,mc_prob_0.2_FC_0_1
19,403.0,19,Female,mc_prob_0.2_FC_0_1
20,136.0,20,Female,mc_prob_0.2_FC_0_1
21,23.0,21,Female,mc_prob_0.2_FC_0_1
22,8.0,22,Female,mc_prob_0.2_FC_0_1
23,4.0,23,Female,mc_prob_0.2_FC_0_1
24,0.0,24,Female,mc_prob_0.2_FC_0_1
25,0.0,25,Female,mc_prob_0.2_FC_0_1
26,0.0,26,Female,mc_prob_0.2_FC_0_1
27,0.0,27,Female,mc_prob_0.2_FC_0_1
28,0.0,28,Female,mc_prob_0.2_FC_0_1
29,0.0,29,Female,mc_prob_0.2_FC_0_1
30,0.0,30,Female,mc_prob_0.2_FC_0_1
31,0.0,31,Female,mc_prob_0.2_FC_0_1
32,0.0,32,Female,mc_prob_0.2_FC_0_1
33,0.0,33,Female,mc_prob_0.2_FC_0_1
34,0.0,34,Female,mc_prob_0.2_FC_0_1
35,0.0,35,Female,mc_prob_0.2_FC_0_1
36,0.0,36,Female,mc_prob_0.2_FC_0_1
37,0.0,37,Female,mc_prob_0.2_FC_0_1
38,0.0,38,Female,mc_prob_0.2_FC_0_1
39,0.0,39,Female,mc_prob_0.2_FC_0_1
40,0.0,40,Female,mc_prob_0.2_FC_0_1
41,0.0,41,Female,mc_prob_0.2_FC_0_1
42,0.0,42,Female,mc_prob_0.2_FC_0_1
43,0.0,43,Female,mc_prob_0.2_FC_0_1
44,0.0,44,Female,mc_prob_0.2_FC_0_1
45,0.0,45,Female,mc_prob_0.2_FC_0_1
46,0.0,46,Female,mc_prob_0.2_FC_0_1
47,0.0,47,Female,mc_prob_0.2_FC_0_1
48,0.0,48,Female,mc_prob_0.2_FC_0_1
49,0.0,49,Female,mc_prob_0.2_FC_0_1
50,0.0,50,Female,mc_prob_0.2_FC_0_1
51,5000.0,0,Male,mc_prob_0.2_FC_0_1
52,4326.0,1,Male,mc_prob_0.2_FC_0_1
53,4305.0,2,Male,mc_prob_0.2_FC_0_1
54,4258.0,3,Male,mc_prob_0.2_FC_0_1
55,4273.0,4,Male,mc_prob_0.2_FC_0_1
56,4106.0,5,Male,mc_prob_0.2_FC_0_1
57,4031.0,6,Male,mc_prob_0.2_FC_0_1
58,3944.0,7,Male,mc_prob_0.2_FC_0_1
59,4086.0,8,Male,mc_prob_0.2_FC_0_1
60,3964.0,9,Male,mc_prob_0.2_FC_0_1
61,3897.0,10,Male,mc_prob_0.2_FC_0_1
62,3867.0,11,Male,mc_prob_0.2_FC_0_1
63,3568.0,12,Male,mc_prob_0.2_FC_0_1
64,3512.0,13,Male,mc_prob_0.2_FC_0_1
65,3526.0,14,Male,mc_prob_0.2_FC_0_1
66,3589.0,15,Male,mc_prob_0.2_FC_0_1
67,3382.0,16,Male,mc_prob_0.2_FC_0_1
68,2477.0,17,Male,mc_prob_0.2_FC_0_1
69,1365.0,18,Male,mc_prob_0.2_FC_0_1
70,432.0,19,Male,mc_prob_0.2_FC_0_1
71,136.0,20,Male,mc_prob_0.2_FC_0_1
72,23.0,21,Male,mc_prob_0.2_FC_0_1
73,10.0,22,Male,mc_prob_0.2_FC_0_1
74,5.0,23,Male,mc_prob_0.2_FC_0_1
75,0.0,24,Male,mc_prob_0.2_FC_0_1
76,0.0,25,Male,mc_prob_0.2_FC_0_1
77,0.0,26,Male,mc_prob_0.2_FC_0_1
78,0.0,27,Male,mc_prob_0.2_FC_0_1
79,0.0,28,Male,mc_prob_0.2_FC_0_1
80,0.0,29,Male,mc_prob_0.2_FC_0_1
81,0.0,30,Male,mc_prob_0.2_FC_0_1
82,0.0,31,Male,mc_prob_0.2_FC_0_1
83,0.0,32,Male,mc_prob_0.2_FC_0_1
84,0.0,33,Male,mc_prob_0.2_FC_0_1
85,0.0,34,Male,mc_prob_0.2_FC_0_1
86,0.0,35,Male,mc_prob_0.2_FC_0_1
87,0.0,36,Male,mc_prob_0.2_FC_0_1
88,0.0,37,Male,mc_prob_0.2_FC_0_1
89,0.0,38,Male,mc_prob_0.2_FC_0_1
90,0.0,39,Male,mc_prob_0.2_FC_0_1
91,0.0,40,Male,mc_prob_0.2_FC_0_1
92,0.0,41,Male,mc_prob_0.2_FC_0_1
93,0.0,42,Male,mc_prob_0.2_FC_0_1
94,0.0,43,Male,mc_prob_0.2_FC_0_1
95,0.0,44,Male,mc_prob_0.2_FC_0_1
96,0.0,45,Male,mc_prob_0.2_FC_0_1
97,0.0,46,Male,mc_prob_0.2_FC_0_1
98,0.0,47,Male,mc_prob_0.2_FC_0_1
99,0.0,48,Male,mc_prob_0.2_FC_0_1
100,0.0,49,Male,mc_prob_0.2_FC_0_1
101,0.0,50,Male,mc_prob_0.2_FC_0_1
,Count,Generation,Sex,Run
0,7000.0,0,Female,mc_prob_0.2_FC_0_2
1,4201.0,1,Female,mc_prob_0.2_FC_0_2
2,4266.0,2,Female,mc_prob_0.2_FC_0_2
3,4077.0,3,Female,mc_prob_0.2_FC_0_2
4,4106.0,4,Female,mc_prob_0.2_FC_0_2
5,3993.0,5,Female,mc_prob_0.2_FC_0_2
6,3930.0,6,Female,mc_prob_0.2_FC_0_2
7,3908.0,7,Female,mc_prob_0.2_FC_0_2
8,3902.0,8,Female,mc_prob_0.2_FC_0_2
9,3662.0,9,Female,mc_prob_0.2_FC_0_2
10,3516.0,10,Female,mc_prob_0.2_FC_0_2
11,3504.0,11,Female,mc_prob_0.2_FC_0_2
12,3460.0,12,Female,mc_prob_0.2_FC_0_2
13,3495.0,13,Female,mc_prob_0.2_FC_0_2
14,3466.0,14,Female,mc_prob_0.2_FC_0_2
15,3320.0,15,Female,mc_prob_0.2_FC_0_2
16,2453.0,16,Female,mc_prob_0.2_FC_0_2
17,1310.0,17,Female,mc_prob_0.2_FC_0_2
18,412.0,18,Female,mc_prob_0.2_FC_0_2
19,260.0,19,Female,mc_prob_0.2_FC_0_2
20,70.0,20,Female,mc_prob_0.2_FC_0_2
21,21.0,21,Female,mc_prob_0.2_FC_0_2
22,8.0,22,Female,mc_prob_0.2_FC_0_2
23,4.0,23,Female,mc_prob_0.2_FC_0_2
24,0.0,24,Female,mc_prob_0.2_FC_0_2
25,0.0,25,Female,mc_prob_0.2_FC_0_2
26,0.0,26,Female,mc_prob_0.2_FC_0_2
27,0.0,27,Female,mc_prob_0.2_FC_0_2
28,0.0,28,Female,mc_prob_0.2_FC_0_2
29,0.0,29,Female,mc_prob_0.2_FC_0_2
30,0.0,30,Female,mc_prob_0.2_FC_0_2
31,0.0,31,Female,mc_prob_0.2_FC_0_2
32,0.0,32,Female,mc_prob_0.2_FC_0_2
33,0.0,33,Female,mc_prob_0.2_FC_0_2
34,0.0,34,Female,mc_prob_0.2_FC_0_2
35,0.0,35,Female,mc_prob_0.2_FC_0_2
36,0.0,36,Female,mc_prob_0.2_FC_0_2
37,0.0,37,Female,mc_prob_0.2_FC_0_2
38,0.0,38,Female,mc_prob_0.2_FC_0_2
39,0.0,39,Female,mc_prob_0.2_FC_0_2
40,0.0,40,Female,mc_prob_0.2_FC_0_2
41,0.0,41,Female,mc_prob_0.2_FC_0_2
42,0.0,42,Female,mc_prob_0.2_FC_0_2
43,0.0,43,Female,mc_prob_0.2_FC_0_2
44,0.0,44,Female,mc_prob_0.2_FC_0_2
45,0.0,45,Female,mc_prob_0.2_FC_0_2
46,0.0,46,Female,mc_prob_0.2_FC_0_2
47,0.0,47,Female,mc_prob_0.2_FC_0_2
48,0.0,48,Female,mc_prob_0.2_FC_0_2
49,0.0,49,Female,mc_prob_0.2_FC_0_2
50,0.0,50,Female,mc_prob_0.2_FC_0_2
51,5000.0,0,Male,mc_prob_0.2_FC_0_2
52,4219.0,1,Male,mc_prob_0.2_FC_0_2
53,4290.0,2,Male,mc_prob_0.2_FC_0_2
54,4109.0,3,Male,mc_prob_0.2_FC_0_2
55,4130.0,4,Male,mc_prob_0.2_FC_0_2
56,4132.0,5,Male,mc_prob_0.2_FC_0_2
57,3954.0,6,Male,mc_prob_0.2_FC_0_2
58,4013.0,7,Male,mc_prob_0.2_FC_0_2
59,3961.0,8,Male,mc_prob_0.2_FC_0_2
60,3882.0,9,Male,mc_prob_0.2_FC_0_2
61,3660.0,10,Male,mc_prob_0.2_FC_0_2
62,3647.0,11,Male,mc_prob_0.2_FC_0_2
63,3495.0,12,Male,mc_prob_0.2_FC_0_2
64,3563.0,13,Male,mc_prob_0.2_FC_0_2
65,3500.0,14,Male,mc_prob_0.2_FC_0_2
66,3327.0,15,Male,mc_prob_0.2_FC_0_2
67,2474.0,16,Male,mc_prob_0.2_FC_0_2
68,1364.0,17,Male,mc_prob_0.2_FC_0_2
69,431.0,18,Male,mc_prob_0.2_FC_0_2
70,280.0,19,Male,mc_prob_0.2_FC_0_2
71,70.0,20,Male,mc_prob_0.2_FC_0_2
72,23.0,21,Male,mc_prob_0.2_FC_0_2
73,10.0,22,Male,mc_prob_0.2_FC_0_2
74,6.0,23,Male,mc_prob_0.2_FC_0_2
75,0.0,24,Male,mc_prob_0.2_FC_0_2
76,0.0,25,Male,mc_prob_0.2_FC_0_2
77,0.0,26,Male,mc_prob_0.2_FC_0_2
78,0.0,27,Male,mc_prob_0.2_FC_0_2
79,0.0,28,Male,mc_prob_0.2_FC_0_2
80,0.0,29,Male,mc_prob_0.2_FC_0_2
81,0.0,30,Male,mc_prob_0.2_FC_0_2
82,0.0,31,Male,mc_prob_0.2_FC_0_2
83,0.0,32,Male,mc_prob_0.2_FC_0_2
84,0.0,33,Male,mc_prob_0.2_FC_0_2
85,0.0,34,Male,mc_prob_0.2_FC_0_2
86,0.0,35,Male,mc_prob_0.2_FC_0_2
87,0.0,36,Male,mc_prob_0.2_FC_0_2
88,0.0,37,Male,mc_prob_0.2_FC_0_2
89,0.0,38,Male,mc_prob_0.2_FC_0_2
90,0.0,39,Male,mc_prob_0.2_FC_0_2
91,0.0,40,Male,mc_prob_0.2_FC_0_2
92,0.0,41,Male,mc_prob_0.2_FC_0_2
93,0.0,42,Male,mc_prob_0.2_FC_0_2
94,0.0,43,Male,mc_prob_0.2_FC_0_2
95,0.0,44,Male,mc_prob_0.2_FC_0_2
96,0.0,45,Male,mc_prob_0.2_FC_0_2
97,0.0,46,Male,mc_prob_0.2_FC_0_2
98,0.0,47,Male,mc_prob_0.2_FC_0_2
99,0.0,48,Male,mc_prob_0.2_FC_0_2
100,0.0,49,Male,mc_prob_0.2_FC_0_2
101,0.0,50,Male,mc_prob_0.2_FC_0_2
,Count,Generation,Sex,Run
0,7000.0,0,Female,mc_prob_0.2_FC_0_3
1,4285.0,1,Female,mc_prob_0.2_FC_0_3
2,4198.0,2,Female,mc_prob_0.2_FC_0_3
3,4239.0,3,Female,mc_prob_0.2_FC_0_3
4,4202.0,4,Female,mc_prob_0.2_FC_0_3
5,4107.0,5,Female,mc_prob_0.2_FC_0_3
6,4143.0,6,Female,mc_prob_0.2_FC_0_3
7,4061.0,7,Female,mc_prob_0.2_FC_0_3
8,3773.0,8,Female,mc_prob_0.2_FC_0_3
9,3685.0,9,Female,mc_prob_0.2_FC_0_3
10,3682.0,10,Female,mc_prob_0.2_FC_0_3
11,3630.0,11,Female,mc_prob_0.2_FC_0_3
12,3529.0,12,Female,mc_prob_0.2_FC_0_3
13,3466.0,13,Female,mc_prob_0.2_FC_0_3
14,3437.0,14,Female,mc_prob_0.2_FC_0_3
15,3156.0,15,Female,mc_prob_0.2_FC_0_3
16,2042.0,16,Female,mc_prob_0.2_FC_0_3
17,1085.0,17,Female,mc_prob_0.2_FC_0_3
18,349.0,18,Female,mc_prob_0.2_FC_0_3
19,79.0,19,Female,mc_prob_0.2_FC_0_3
20,11.0,20,Female,mc_prob_0.2_FC_0_3
21,0.0,21,Female,mc_prob_0.2_FC_0_3
22,0.0,22,Female,mc_prob_0.2_FC_0_3
23,0.0,23,Female,mc_prob_0.2_FC_0_3
24,0.0,24,Female,mc_prob_0.2_FC_0_3
25,0.0,25,Female,mc_prob_0.2_FC_0_3
26,0.0,26,Female,mc_prob_0.2_FC_0_3
27,0.0,27,Female,mc_prob_0.2_FC_0_3
28,0.0,28,Female,mc_prob_0.2_FC_0_3
29,0.0,29,Female,mc_prob_0.2_FC_0_3
30,0.0,30,Female,mc_prob_0.2_FC_0_3
31,0.0,31,Female,mc_prob_0.2_FC_0_3
32,0.0,32,Female,mc_prob_0.2_FC_0_3
33,0.0,33,Female,mc_prob_0.2_FC_0_3
34,0.0,34,Female,mc_prob_0.2_FC_0_3
35,0.0,35,Female,mc_prob_0.2_FC_0_3
36,0.0,36,Female,mc_prob_0.2_FC_0_3
37,0.0,37,Female,mc_prob_0.2_FC_0_3
38,0.0,38,Female,mc_prob_0.2_FC_0_3
39,0.0,39,Female,mc_prob_0.2_FC_0_3
40,0.0,40,Female,mc_prob_0.2_FC_0_3
41,0.0,41,Female,mc_prob_0.2_FC_0_3
42,0.0,42,Female,mc_prob_0.2_FC_0_3
43,0.0,43,Female,mc_prob_0.2_FC_0_3
44,0.0,44,Female,mc_prob_0.2_FC_0_3
45,0.0,45,Female,mc_prob_0.2_FC_0_3
46,0.0,46,Female,mc_prob_0.2_FC_0_3
47,0.0,47,Female,mc_prob_0.2_FC_0_3
48,0.0,48,Female,mc_prob_0.2_FC_0_3
49,0.0,49,Female,mc_prob_0.2_FC_0_3
50,0.0,50,Female,mc_prob_0.2_FC_0_3
51,5000.0,0,Male,mc_prob_0.2_FC_0_3
52,4326.0,1,Male,mc_prob_0.2_FC_0_3
53,4209.0,2,Male,mc_prob_0.2_FC_0_3
54,4248.0,3,Male,mc_prob_0.2_FC_0_3
55,4212.0,4,Male,mc_prob_0.2_FC_0_3
56,4111.0,5,Male,mc_prob_0.2_FC_0_3
57,4177.0,6,Male,mc_prob_0.2_FC_0_3
58,4083.0,7,Male,mc_prob_0.2_FC_0_3
59,3909.0,8,Male,mc_prob_0.2_FC_0_3
60,3701.0,9,Male,mc_prob_0.2_FC_0_3
61,3697.0,10,Male,mc_prob_0.2_FC_0_3
62,3634.0,11,Male,mc_prob_0.2_FC_0_3
63,3549.0,12,Male,mc_prob_0.2_FC_0_3
64,3499.0,13,Male,mc_prob_0.2_FC_0_3
65,3540.0,14,Male,mc_prob_0.2_FC_0_3
66,3173.0,15,Male,mc_prob_0.2_FC_0_3
67,2081.0,16,Male,mc_prob_0.2_FC_0_3
68,1125.0,17,Male,mc_prob_0.2_FC_0_3
69,371.0,18,Male,mc_prob_0.2_FC_0_3
70,103.0,19,Male,mc_prob_0.2_FC_0_3
71,11.0,20,Male,mc_prob_0.2_FC_0_3
72,0.0,21,Male,mc_prob_0.2_FC_0_3
73,0.0,22,Male,mc_prob_0.2_FC_0_3
74,0.0,23,Male,mc_prob_0.2_FC_0_3
75,0.0,24,Male,mc_prob_0.2_FC_0_3
76,0.0,25,Male,mc_prob_0.2_FC_0_3
77,0.0,26,Male,mc_prob_0.2_FC_0_3
78,0.0,27,Male,mc_prob_0.2_FC_0_3
79,0.0,28,Male,mc_prob_0.2_FC_0_3
80,0.0,29,Male,mc_prob_0.2_FC_0_3
81,0.0,30,Male,mc_prob_0.2_FC_0_3
82,0.0,31,Male,mc_prob_0.2_FC_0_3
83,0.0,32,Male,mc_prob_0.2_FC_0_3
84,0.0,33,Male,mc_prob_0.2_FC_0_3
85,0.0,34,Male,mc_prob_0.2_FC_0_3
86,0.0,35,Male,mc_prob_0.2_FC_0_3
87,0.0,36,Male,mc_prob_0.2_FC_0_3
88,0.0,37,Male,mc_prob_0.2_FC_0_3
89,0.0,38,Male,mc_prob_0.2_FC_0_3
90,0.0,39,Male,mc_prob_0.2_FC_0_3
91,0.0,40,Male,mc_prob_0.2_FC_0_3
92,0.0,41,Male,mc_prob_0.2_FC_0_3
93,0.0,42,Male,mc_prob_0.2_FC_0_3
94,0.0,43,Male,mc_prob_0.2_FC_0_3
95,0.0,44,Male,mc_prob_0.2_FC_0_3
96,0.0,45,Male,mc_prob_0.2_FC_0_3
97,0.0,46,Male,mc_prob_0.2_FC_0_3
98,0.0,47,Male,mc_prob_0.2_FC_0_3
99,0.0,48,Male,mc_prob_0.2_FC_0_3
100,0.0,49,Male,mc_prob_0.2_FC_0_3
101,0.0,50,Male,mc_prob_0.2_FC_0_3
,Count,Generation,Sex,Run
0,7000.0,0,Female,mc_prob_0.2_FC_0_4
1,4209.0,1,Female,mc_prob_0.2_FC_0_4
2,4172.0,2,Female,mc_prob_0.2_FC_0_4
3,4140.0,3,Female,mc_prob_0.2_FC_0_4
4,4104.0,4,Female,mc_prob_0.2_FC_0_4
5,3938.0,5,Female,mc_prob_0.2_FC_0_4
6,3999.0,6,Female,mc_prob_0.2_FC_0_4
7,3818.0,7,Female,mc_prob_0.2_FC_0_4
8,3771.0,8,Female,mc_prob_0.2_FC_0_4
9,3770.0,9,Female,mc_prob_0.2_FC_0_4
10,3579.0,10,Female,mc_prob_0.2_FC_0_4
11,3571.0,11,Female,mc_prob_0.2_FC_0_4
12,3541.0,12,Female,mc_prob_0.2_FC_0_4
13,3505.0,13,Female,mc_prob_0.2_FC_0_4
14,3313.0,14,Female,mc_prob_0.2_FC_0_4
15,2873.0,15,Female,mc_prob_0.2_FC_0_4
16,1477.0,16,Female,mc_prob_0.2_FC_0_4
17,522.0,17,Female,mc_prob_0.2_FC_0_4
18,182.0,18,Female,mc_prob_0.2_FC_0_4
19,8.0,19,Female,mc_prob_0.2_FC_0_4
20,0.0,20,Female,mc_prob_0.2_FC_0_4
21,0.0,21,Female,mc_prob_0.2_FC_0_4
22,0.0,22,Female,mc_prob_0.2_FC_0_4
23,0.0,23,Female,mc_prob_0.2_FC_0_4
24,0.0,24,Female,mc_prob_0.2_FC_0_4
25,0.0,25,Female,mc_prob_0.2_FC_0_4
26,0.0,26,Female,mc_prob_0.2_FC_0_4
27,0.0,27,Female,mc_prob_0.2_FC_0_4
28,0.0,28,Female,mc_prob_0.2_FC_0_4
29,0.0,29,Female,mc_prob_0.2_FC_0_4
30,0.0,30,Female,mc_prob_0.2_FC_0_4
31,0.0,31,Female,mc_prob_0.2_FC_0_4
32,0.0,32,Female,mc_prob_0.2_FC_0_4
33,0.0,33,Female,mc_prob_0.2_FC_0_4
34,0.0,34,Female,mc_prob_0.2_FC_0_4
35,0.0,35,Female,mc_prob_0.2_FC_0_4
36,0.0,36,Female,mc_prob_0.2_FC_0_4
37,0.0,37,Female,mc_prob_0.2_FC_0_4
38,0.0,38,Female,mc_prob_0.2_FC_0_4
39,0.0,39,Female,mc_prob_0.2_FC_0_4
40,0.0,40,Female,mc_prob_0.2_FC_0_4
41,0.0,41,Female,mc_prob_0.2_FC_0_4
42,0.0,42,Female,mc_prob_0.2_FC_0_4
43,0.0,43,Female,mc_prob_0.2_FC_0_4
44,0.0,44,Female,mc_prob_0.2_FC_0_4
45,0.0,45,Female,mc_prob_0.2_FC_0_4
46,0.0,46,Female,mc_prob_0.2_FC_0_4
47,0.0,47,Female,mc_prob_0.2_FC_0_4
48,0.0,48,Female,mc_prob_0.2_FC_0_4
49,0.0,49,Female,mc_prob_0.2_FC_0_4
50,0.0,50,Female,mc_prob_0.2_FC_0_4
51,5000.0,0,Male,mc_prob_0.2_FC_0_4
52,4285.0,1,Male,mc_prob_0.2_FC_0_4
53,4197.0,2,Male,mc_prob_0.2_FC_0_4
54,4174.0,3,Male,mc_prob_0.2_FC_0_4
55,4244.0,4,Male,mc_prob_0.2_FC_0_4
56,3990.0,5,Male,mc_prob_0.2_FC_0_4
57,4098.0,6,Male,mc_prob_0.2_FC_0_4
58,3853.0,7,Male,mc_prob_0.2_FC_0_4
59,3818.0,8,Male,mc_prob_0.2_FC_0_4
60,3834.0,9,Male,mc_prob_0.2_FC_0_4
61,3708.0,10,Male,mc_prob_0.2_FC_0_4
62,3574.0,11,Male,mc_prob_0.2_FC_0_4
63,3691.0,12,Male,mc_prob_0.2_FC_0_4
64,3534.0,13,Male,mc_prob_0.2_FC_0_4
65,3333.0,14,Male,mc_prob_0.2_FC_0_4
66,2922.0,15,Male,mc_prob_0.2_FC_0_4
67,1608.0,16,Male,mc_prob_0.2_FC_0_4
68,525.0,17,Male,mc_prob_0.2_FC_0_4
69,204.0,18,Male,mc_prob_0.2_FC_0_4
70,21.0,19,Male,mc_prob_0.2_FC_0_4
71,0.0,20,Male,mc_prob_0.2_FC_0_4
72,0.0,21,Male,mc_prob_0.2_FC_0_4
73,0.0,22,Male,mc_prob_0.2_FC_0_4
74,0.0,23,Male,mc_prob_0.2_FC_0_4
75,0.0,24,Male,mc_prob_0.2_FC_0_4
76,0.0,25,Male,mc_prob_0.2_FC_0_4
77,0.0,26,Male,mc_prob_0.2_FC_0_4
78,0.0,27,Male,mc_prob_0.2_FC_0_4
79,0.0,28,Male,mc_prob_0.2_FC_0_4
80,0.0,29,Male,mc_prob_0.2_FC_0_4
81,0.0,30,Male,mc_prob_0.2_FC_0_4
82,0.0,31,Male,mc_prob_0.2_FC_0_4
83,0.0,32,Male,mc_prob_0.2_FC_0_4
84,0.0,33,Male,mc_prob_0.2_FC_0_4
85,0.0,34,Male,mc_prob_0.2_FC_0_4
86,0.0,35,Male,mc_prob_0.2_FC_0_4
87,0.0,36,Male,mc_prob_0.2_FC_0_4
88,0.0,37,Male,mc_prob_0.2_FC_0_4
89,0.0,38,Male,mc_prob_0.2_FC_0_4
90,0.0,39,Male,mc_prob_0.2_FC_0_4
91,0.0,40,Male,mc_prob_0.2_FC_0_4
92,0.0,41,Male,mc_prob_0.2_FC_0_4
93,0.0,42,Male,mc_prob_0.2_FC_0_4
94,0.0,43,Male,mc_prob_0.2_FC_0_4
95,0.0,44,Male,mc_prob_0.2_FC_0_4
96,0.0,45,Male,mc_prob_0.2_FC_0_4
97,0.0,46,Male,mc_prob_0.2_FC_0_4
98,0.0,47,Male,mc_prob_0.2_FC_0_4
99,0.0,48,Male,mc_prob_0.2_FC_0_4
100,0.0,49,Male,mc_prob_0.2_FC_0_4
101,0.0,50,Male,mc_prob_0.2_FC_0_4
,Count,Generation,Sex,Run
0,7000.0,0,Female,mc_prob_0.2_FC_0_5
1,4422.0,1,Female,mc_prob_0.2_FC_0_5
2,4198.0,2,Female,mc_prob_0.2_FC_0_5
3,4212.0,3,Female,mc_prob_0.2_FC_0_5
4,4116.0,4,Female,mc_prob_0.2_FC_0_5
5,4126.0,5,Female,mc_prob_0.2_FC_0_5
6,3928.0,6,Female,mc_prob_0.2_FC_0_5
7,3756.0,7,Female,mc_prob_0.2_FC_0_5
8,3782.0,8,Female,mc_prob_0.2_FC_0_5
9,3768.0,9,Female,mc_prob_0.2_FC_0_5
10,3717.0,10,Female,mc_prob_0.2_FC_0_5
11,3546.0,11,Female,mc_prob_0.2_FC_0_5
12,3521.0,12,Female,mc_prob_0.2_FC_0_5
13,3592.0,13,Female,mc_prob_0.2_FC_0_5
14,3583.0,14,Female,mc_prob_0.2_FC_0_5
15,3523.0,15,Female,mc_prob_0.2_FC_0_5
16,2651.0,16,Female,mc_prob_0.2_FC_0_5
17,1263.0,17,Female,mc_prob_0.2_FC_0_5
18,575.0,18,Female,mc_prob_0.2_FC_0_5
19,333.0,19,Female,mc_prob_0.2_FC_0_5
20,47.0,20,Female,mc_prob_0.2_FC_0_5
21,9.0,21,Female,mc_prob_0.2_FC_0_5
22,0.0,22,Female,mc_prob_0.2_FC_0_5
23,0.0,23,Female,mc_prob_0.2_FC_0_5
24,0.0,24,Female,mc_prob_0.2_FC_0_5
25,0.0,25,Female,mc_prob_0.2_FC_0_5
26,0.0,26,Female,mc_prob_0.2_FC_0_5
27,0.0,27,Female,mc_prob_0.2_FC_0_5
28,0.0,28,Female,mc_prob_0.2_FC_0_5
29,0.0,29,Female,mc_prob_0.2_FC_0_5
30,0.0,30,Female,mc_prob_0.2_FC_0_5
31,0.0,31,Female,mc_prob_0.2_FC_0_5
32,0.0,32,Female,mc_prob_0.2_FC_0_5
33,0.0,33,Female,mc_prob_0.2_FC_0_5
34,0.0,34,Female,mc_prob_0.2_FC_0_5
35,0.0,35,Female,mc_prob_0.2_FC_0_5
36,0.0,36,Female,mc_prob_0.2_FC_0_5
37,0.0,37,Female,mc_prob_0.2_FC_0_5
38,0.0,38,Female,mc_prob_0.2_FC_0_5
39,0.0,39,Female,mc_prob_0.2_FC_0_5
40,0.0,40,Female,mc_prob_0.2_FC_0_5
41,0.0,41,Female,mc_prob_0.2_FC_0_5
42,0.0,42,Female,mc_prob_0.2_FC_0_5
43,0.0,43,Female,mc_prob_0.2_FC_0_5
44,0.0,44,Female,mc_prob_0.2_FC_0_5
45,0.0,45,Female,mc_prob_0.2_FC_0_5
46,0.0,46,Female,mc_prob_0.2_FC_0_5
47,0.0,47,Female,mc_prob_0.2_FC_0_5
48,0.0,48,Female,mc_prob_0.2_FC_0_5
49,0.0,49,Female,mc_prob_0.2_FC_0_5
50,0.0,50,Female,mc_prob_0.2_FC_0_5
51,5000.0,0,Male,mc_prob_0.2_FC_0_5
52,4448.0,1,Male,mc_prob_0.2_FC_0_5
53,4198.0,2,Male,mc_prob_0.2_FC_0_5
54,4337.0,3,Male,mc_prob_0.2_FC_0_5
55,4137.0,4,Male,mc_prob_0.2_FC_0_5
56,4142.0,5,Male,mc_prob_0.2_FC_0_5
57,4031.0,6,Male,mc_prob_0.2_FC_0_5
58,3906.0,7,Male,mc_prob_0.2_FC_0_5
59,3791.0,8,Male,mc_prob_0.2_FC_0_5
60,3782.0,9,Male,mc_prob_0.2_FC_0_5
61,3717.0,10,Male,mc_prob_0.2_FC_0_5
62,3607.0,11,Male,mc_prob_0.2_FC_0_5
63,3525.0,12,Male,mc_prob_0.2_FC_0_5
64,3604.0,13,Male,mc_prob_0.2_FC_0_5
65,3664.0,14,Male,mc_prob_0.2_FC_0_5
66,3533.0,15,Male,mc_prob_0.2_FC_0_5
67,2672.0,16,Male,mc_prob_0.2_FC_0_5
68,1372.0,17,Male,mc_prob_0.2_FC_0_5
69,649.0,18,Male,mc_prob_0.2_FC_0_5
70,349.0,19,Male,mc_prob_0.2_FC_0_5
71,57.0,20,Male,mc_prob_0.2_FC_0_5
72,13.0,21,Male,mc_prob_0.2_FC_0_5
73,0.0,22,Male,mc_prob_0.2_FC_0_5
74,0.0,23,Male,mc_prob_0.2_FC_0_5
75,0.0,24,Male,mc_prob_0.2_FC_0_5
76,0.0,25,Male,mc_prob_0.2_FC_0_5
77,0.0,26,Male,mc_prob_0.2_FC_0_5
78,0.0,27,Male,mc_prob_0.2_FC_0_5
79,0.0,28,Male,mc_prob_0.2_FC_0_5
80,0.0,29,Male,mc_prob_0.2_FC_0_5
81,0.0,30,Male,mc_prob_0.2_FC_0_5
82,0.0,31,Male,mc_prob_0.2_FC_0_5
83,0.0,32,Male,mc_prob_0.2_FC_0_5
84,0.0,33,Male,mc_prob_0.2_FC_0_5
85,0.0,34,Male,mc_prob_0.2_FC_0_5
86,0.0,35,Male,mc_prob_0.2_FC_0_5
87,0.0,36,Male,mc_prob_0.2_FC_0_5
88,0.0,37,Male,mc_prob_0.2_FC_0_5
89,0.0,38,Male,mc_prob_0.2_FC_0_5
90,0.0,39,Male,mc_prob_0.2_FC_0_5
91,0.0,40,Male,mc_prob_0.2_FC_0_5
92,0.0,41,Male,mc_prob_0.2_FC_0_5
93,0.0,42,Male,mc_prob_0.2_FC_0_5
94,0.0,43,Male,mc_prob_0.2_FC_0_5
95,0.0,44,Male,mc_prob_0.2_FC_0_5
96,0.0,45,Male,mc_prob_0.2_FC_0_5
97,0.0,46,Male,mc_prob_0.2_FC_0_5
98,0.0,47,Male,mc_prob_0.2_FC_0_5
99,0.0,48,Male,mc_prob_0.2_FC_0_5
100,0.0,49,Male,mc_prob_0.2_FC_0_5
101,0.0,50,Male,mc_prob_0.2_FC_0_5
,Count,Generation,Sex,Run
0,7000.0,0,Female,mc_prob_0.2_FC_0_6
1,4218.0,1,Female,mc_prob_0.2_FC_0_6
2,4010.0,2,Female,mc_prob_0.2_FC_0_6
3,4102.0,3,Female,mc_prob_0.2_FC_0_6
4,4137.0,4,Female,mc_prob_0.2_FC_0_6
5,4071.0,5,Female,mc_prob_0.2_FC_0_6
6,4179.0,6,Female,mc_prob_0.2_FC_0_6
7,3884.0,7,Female,mc_prob_0.2_FC_0_6
8,3830.0,8,Female,mc_prob_0.2_FC_0_6
9,3708.0,9,Female,mc_prob_0.2_FC_0_6
10,3764.0,10,Female,mc_prob_0.2_FC_0_6
11,3744.0,11,Female,mc_prob_0.2_FC_0_6
12,3530.0,12,Female,mc_prob_0.2_FC_0_6
13,3445.0,13,Female,mc_prob_0.2_FC_0_6
14,3419.0,14,Female,mc_prob_0.2_FC_0_6
15,3532.0,15,Female,mc_prob_0.2_FC_0_6
16,3302.0,16,Female,mc_prob_0.2_FC_0_6
17,2630.0,17,Female,mc_prob_0.2_FC_0_6
18,1353.0,18,Female,mc_prob_0.2_FC_0_6
19,364.0,19,Female,mc_prob_0.2_FC_0_6
20,85.0,20,Female,mc_prob_0.2_FC_0_6
21,1.0,21,Female,mc_prob_0.2_FC_0_6
22,0.0,22,Female,mc_prob_0.2_FC_0_6
23,0.0,23,Female,mc_prob_0.2_FC_0_6
24,0.0,24,Female,mc_prob_0.2_FC_0_6
25,0.0,25,Female,mc_prob_0.2_FC_0_6
26,0.0,26,Female,mc_prob_0.2_FC_0_6
27,0.0,27,Female,mc_prob_0.2_FC_0_6
28,0.0,28,Female,mc_prob_0.2_FC_0_6
29,0.0,29,Female,mc_prob_0.2_FC_0_6
30,0.0,30,Female,mc_prob_0.2_FC_0_6
31,0.0,31,Female,mc_prob_0.2_FC_0_6
32,0.0,32,Female,mc_prob_0.2_FC_0_6
33,0.0,33,Female,mc_prob_0.2_FC_0_6
34,0.0,34,Female,mc_prob_0.2_FC_0_6
35,0.0,35,Female,mc_prob_0.2_FC_0_6
36,0.0,36,Female,mc_prob_0.2_FC_0_6
37,0.0,37,Female,mc_prob_0.2_FC_0_6
38,0.0,38,Female,mc_prob_0.2_FC_0_6
39,0.0,39,Female,mc_prob_0.2_FC_0_6
40,0.0,40,Female,mc_prob_0.2_FC_0_6
41,0.0,41,Female,mc_prob_0.2_FC_0_6
42,0.0,42,Female,mc_prob_0.2_FC_0_6
43,0.0,43,Female,mc_prob_0.2_FC_0_6
44,0.0,44,Female,mc_prob_0.2_FC_0_6
45,0.0,45,Female,mc_prob_0.2_FC_0_6
46,0.0,46,Female,mc_prob_0.2_FC_0_6
47,0.0,47,Female,mc_prob_0.2_FC_0_6
48,0.0,48,Female,mc_prob_0.2_FC_0_6
49,0.0,49,Female,mc_prob_0.2_FC_0_6
50,0.0,50,Female,mc_prob_0.2_FC_0_6
51,5000.0,0,Male,mc_prob_0.2_FC_0_6
52,4439.0,1,Male,mc_prob_0.2_FC_0_6
53,4151.0,2,Male,mc_prob_0.2_FC_0_6
54,4128.0,3,Male,mc_prob_0.2_FC_0_6
55,4142.0,4,Male,mc_prob_0.2_FC_0_6
56,4120.0,5,Male,mc_prob_0.2_FC_0_6
57,4180.0,6,Male,mc_prob_0.2_FC_0_6
58,4156.0,7,Male,mc_prob_0.2_FC_0_6
59,3918.0,8,Male,mc_prob_0.2_FC_0_6
60,3833.0,9,Male,mc_prob_0.2_FC_0_6
61,3777.0,10,Male,mc_prob_0.2_FC_0_6
62,3776.0,11,Male,mc_prob_0.2_FC_0_6
63,3592.0,12,Male,mc_prob_0.2_FC_0_6
64,3543.0,13,Male,mc_prob_0.2_FC_0_6
65,3445.0,14,Male,mc_prob_0.2_FC_0_6
66,3556.0,15,Male,mc_prob_0.2_FC_0_6
67,3424.0,16,Male,mc_prob_0.2_FC_0_6
68,2680.0,17,Male,mc_prob_0.2_FC_0_6
69,1353.0,18,Male,mc_prob_0.2_FC_0_6
70,397.0,19,Male,mc_prob_0.2_FC_0_6
71,102.0,20,Male,mc_prob_0.2_FC_0_6
72,1.0,21,Male,mc_prob_0.2_FC_0_6
73,0.0,22,Male,mc_prob_0.2_FC_0_6
74,0.0,23,Male,mc_prob_0.2_FC_0_6
75,0.0,24,Male,mc_prob_0.2_FC_0_6
76,0.0,25,Male,mc_prob_0.2_FC_0_6
77,0.0,26,Male,mc_prob_0.2_FC_0_6
78,0.0,27,Male,mc_prob_0.2_FC_0_6
79,0.0,28,Male,mc_prob_0.2_FC_0_6
80,0.0,29,Male,mc_prob_0.2_FC_0_6
81,0.0,30,Male,mc_prob_0.2_FC_0_6
82,0.0,31,Male,mc_prob_0.2_FC_0_6
83,0.0,32,Male,mc_prob_0.2_FC_0_6
84,0.0,33,Male,mc_prob_0.2_FC_0_6
85,0.0,34,Male,mc_prob_0.2_FC_0_6
86,0.0,35,Male,mc_prob_0.2_FC_0_6
87,0.0,36,Male,mc_prob_0.2_FC_0_6
88,0.0,37,Male,mc_prob_0.2_FC_0_6
89,0.0,38,Male,mc_prob_0.2_FC_0_6
90,0.0,39,Male,mc_prob_0.2_FC_0_6
91,0.0,40,Male,mc_prob_0.2_FC_0_6
92,0.0,41,Male,mc_prob_0.2_FC_0_6
93,0.0,42,Male,mc_prob_0.2_FC_0_6
94,0.0,43,Male,mc_prob_0.2_FC_0_6
95,0.0,44,Male,mc_prob_0.2_FC_0_6
96,0.0,45,Male,mc_prob_0.2_FC_0_6
97,0.0,46,Male,mc_prob_0.2_FC_0_6
98,0.0,47,Male,mc_prob_0.2_FC_0_6
99,0.0,48,Male,mc_prob_0.2_FC_0_6
100,0.0,49,Male,mc_prob_0.2_FC_0_6
101,0.0,50,Male,mc_prob_0.2_FC_0_6
,Count,Generation,Sex,Run
0,7000.0,0,Female,mc_prob_0.2_FC_0_7
1,4227.0,1,Female,mc_prob_0.2_FC_0_7
2,4057.0,2,Female,mc_prob_0.2_FC_0_7
3,4116.0,3,Female,mc_prob_0.2_FC_0_7
4,4097.0,4,Female,mc_prob_0.2_FC_0_7
5,4000.0,5,Female,mc_prob_0.2_FC_0_7
6,3939.0,6,Female,mc_prob_0.2_FC_0_7
7,3919.0,7,Female,mc_prob_0.2_FC_0_7
8,3919.0,8,Female,mc_prob_0.2_FC_0_7
9,3805.0,9,Female,mc_prob_0.2_FC_0_7
10,3710.0,10,Female,mc_prob_0.2_FC_0_7
11,3587.0,11,Female,mc_prob_0.2_FC_0_7
12,3580.0,12,Female,mc_prob_0.2_FC_0_7
13,3451.0,13,Female,mc_prob_0.2_FC_0_7
14,3427.0,14,Female,mc_prob_0.2_FC_0_7
15,3446.0,15,Female,mc_prob_0.2_FC_0_7
16,2928.0,16,Female,mc_prob_0.2_FC_0_7
17,1904.0,17,Female,mc_prob_0.2_FC_0_7
18,683.0,18,Female,mc_prob_0.2_FC_0_7
19,186.0,19,Female,mc_prob_0.2_FC_0_7
20,62.0,20,Female,mc_prob_0.2_FC_0_7
21,18.0,21,Female,mc_prob_0.2_FC_0_7
22,10.0,22,Female,mc_prob_0.2_FC_0_7
23,0.0,23,Female,mc_prob_0.2_FC_0_7
24,0.0,24,Female,mc_prob_0.2_FC_0_7
25,0.0,25,Female,mc_prob_0.2_FC_0_7
26,0.0,26,Female,mc_prob_0.2_FC_0_7
27,0.0,27,Female,mc_prob_0.2_FC_0_7
28,0.0,28,Female,mc_prob_0.2_FC_0_7
29,0.0,29,Female,mc_prob_0.2_FC_0_7
30,0.0,30,Female,mc_prob_0.2_FC_0_7
31,0.0,31,Female,mc_prob_0.2_FC_0_7
32,0.0,32,Female,mc_prob_0.2_FC_0_7
33,0.0,33,Female,mc_prob_0.2_FC_0_7
34,0.0,34,Female,mc_prob_0.2_FC_0_7
35,0.0,35,Female,mc_prob_0.2_FC_0_7
36,0.0,36,Female,mc_prob_0.2_FC_0_7
37,0.0,37,Female,mc_prob_0.2_FC_0_7
38,0.0,38,Female,mc_prob_0.2_FC_0_7
39,0.0,39,Female,mc_prob_0.2_FC_0_7
40,0.0,40,Female,mc_prob_0.2_FC_0_7
41,0.0,41,Female,mc_prob_0.2_FC_0_7
42,0.0,42,Female,mc_prob_0.2_FC_0_7
43,0.0,43,Female,mc_prob_0.2_FC_0_7
44,0.0,44,Female,mc_prob_0.2_FC_0_7
45,0.0,45,Female,mc_prob_0.2_FC_0_7
46,0.0,46,Female,mc_prob_0.2_FC_0_7
47,0.0,47,Female,mc_prob_0.2_FC_0_7
48,0.0,48,Female,mc_prob_0.2_FC_0_7
49,0.0,49,Female,mc_prob_0.2_FC_0_7
50,0.0,50,Female,mc_prob_0.2_FC_0_7
51,5000.0,0,Male,mc_prob_0.2_FC_0_7
52,4298.0,1,Male,mc_prob_0.2_FC_0_7
53,4098.0,2,Male,mc_prob_0.2_FC_0_7
54,4120.0,3,Male,mc_prob_0.2_FC_0_7
55,4175.0,4,Male,mc_prob_0.2_FC_0_7
56,4177.0,5,Male,mc_prob_0.2_FC_0_7
57,3986.0,6,Male,mc_prob_0.2_FC_0_7
58,3942.0,7,Male,mc_prob_0.2_FC_0_7
59,3967.0,8,Male,mc_prob_0.2_FC_0_7
60,3858.0,9,Male,mc_prob_0.2_FC_0_7
61,3811.0,10,Male,mc_prob_0.2_FC_0_7
62,3606.0,11,Male,mc_prob_0.2_FC_0_7
63,3682.0,12,Male,mc_prob_0.2_FC_0_7
64,3557.0,13,Male,mc_prob_0.2_FC_0_7
65,3437.0,14,Male,mc_prob_0.2_FC_0_7
66,3454.0,15,Male,mc_prob_0.2_FC_0_7
67,2928.0,16,Male,mc_prob_0.2_FC_0_7
68,1939.0,17,Male,mc_prob_0.2_FC_0_7
69,734.0,18,Male,mc_prob_0.2_FC_0_7
70,216.0,19,Male,mc_prob_0.2_FC_0_7
71,90.0,20,Male,mc_prob_0.2_FC_0_7
72,18.0,21,Male,mc_prob_0.2_FC_0_7
73,13.0,22,Male,mc_prob_0.2_FC_0_7
74,0.0,23,Male,mc_prob_0.2_FC_0_7
75,0.0,24,Male,mc_prob_0.2_FC_0_7
76,0.0,25,Male,mc_prob_0.2_FC_0_7
77,0.0,26,Male,mc_prob_0.2_FC_0_7
78,0.0,27,Male,mc_prob_0.2_FC_0_7
79,0.0,28,Male,mc_prob_0.2_FC_0_7
80,0.0,29,Male,mc_prob_0.2_FC_0_7
81,0.0,30,Male,mc_prob_0.2_FC_0_7
82,0.0,31,Male,mc_prob_0.2_FC_0_7
83,0.0,32,Male,mc_prob_0.2_FC_0_7
84,0.0,33,Male,mc_prob_0.2_FC_0_7
85,0.0,34,Male,mc_prob_0.2_FC_0_7
86,0.0,35,Male,mc_prob_0.2_FC_0_7
87,0.0,36,Male,mc_prob_0.2_FC_0_7
88,0.0,37,Male,mc_prob_0.2_FC_0_7
89,0.0,38,Male,mc_prob_0.2_FC_0_7
90,0.0,39,Male,mc_prob_0.2_FC_0_7
91,0.0,40,Male,mc_prob_0.2_FC_0_7
92,0.0,41,Male,mc_prob_0.2_FC_0_7
93,0.0,42,Male,mc_prob_0.2_FC_0_7
94,0.0,43,Male,mc_prob_0.2_FC_0_7
95,0.0,44,Male,mc_prob_0.2_FC_0_7
96,0.0,45,Male,mc_prob_0.2_FC_0_7
97,0.0,46,Male,mc_prob_0.2_FC_0_7
98,0.0,47,Male,mc_prob_0.2_FC_0_7
99,0.0,48,Male,mc_prob_0.2_FC_0_7
100,0.0,49,Male,mc_prob_0.2_FC_0_7
101,0.0,50,Male,mc_prob_0.2_FC_0_7
,Count,Generation,Sex,Run
0,7000.0,0,Female,mc_prob_0.2_FC_0_8
1,4233.0,1,Female,mc_prob_0.2_FC_0_8
2,4060.0,2,Female,mc_prob_0.2_FC_0_8
3,4060.0,3,Female,mc_prob_0.2_FC_0_8
4,4078.0,4,Female,mc_prob_0.2_FC_0_8
5,4151.0,5,Female,mc_prob_0.2_FC_0_8
6,4004.0,6,Female,mc_prob_0.2_FC_0_8
7,3926.0,7,Female,mc_prob_0.2_FC_0_8
8,3991.0,8,Female,mc_prob_0.2_FC_0_8
9,3927.0,9,Female,mc_prob_0.2_FC_0_8
10,3676.0,10,Female,mc_prob_0.2_FC_0_8
11,3646.0,11,Female,mc_prob_0.2_FC_0_8
12,3661.0,12,Female,mc_prob_0.2_FC_0_8
13,3615.0,13,Female,mc_prob_0.2_FC_0_8
14,3511.0,14,Female,mc_prob_0.2_FC_0_8
15,3376.0,15,Female,mc_prob_0.2_FC_0_8
16,3019.0,16,Female,mc_prob_0.2_FC_0_8
17,2096.0,17,Female,mc_prob_0.2_FC_0_8
18,960.0,18,Female,mc_prob_0.2_FC_0_8
19,284.0,19,Female,mc_prob_0.2_FC_0_8
20,189.0,20,Female,mc_prob_0.2_FC_0_8
21,0.0,21,Female,mc_prob_0.2_FC_0_8
22,0.0,22,Female,mc_prob_0.2_FC_0_8
23,0.0,23,Female,mc_prob_0.2_FC_0_8
24,0.0,24,Female,mc_prob_0.2_FC_0_8
25,0.0,25,Female,mc_prob_0.2_FC_0_8
26,0.0,26,Female,mc_prob_0.2_FC_0_8
27,0.0,27,Female,mc_prob_0.2_FC_0_8
28,0.0,28,Female,mc_prob_0.2_FC_0_8
29,0.0,29,Female,mc_prob_0.2_FC_0_8
30,0.0,30,Female,mc_prob_0.2_FC_0_8
31,0.0,31,Female,mc_prob_0.2_FC_0_8
32,0.0,32,Female,mc_prob_0.2_FC_0_8
33,0.0,33,Female,mc_prob_0.2_FC_0_8
34,0.0,34,Female,mc_prob_0.2_FC_0_8
35,0.0,35,Female,mc_prob_0.2_FC_0_8
36,0.0,36,Female,mc_prob_0.2_FC_0_8
37,0.0,37,Female,mc_prob_0.2_FC_0_8
38,0.0,38,Female,mc_prob_0.2_FC_0_8
39,0.0,39,Female,mc_prob_0.2_FC_0_8
40,0.0,40,Female,mc_prob_0.2_FC_0_8
41,0.0,41,Female,mc_prob_0.2_FC_0_8
42,0.0,42,Female,mc_prob_0.2_FC_0_8
43,0.0,43,Female,mc_prob_0.2_FC_0_8
44,0.0,44,Female,mc_prob_0.2_FC_0_8
45,0.0,45,Female,mc_prob_0.2_FC_0_8
46,0.0,46,Female,mc_prob_0.2_FC_0_8
47,0.0,47,Female,mc_prob_0.2_FC_0_8
48,0.0,48,Female,mc_prob_0.2_FC_0_8
49,0.0,49,Female,mc_prob_0.2_FC_0_8
50,0.0,50,Female,mc_prob_0.2_FC_0_8
51,5000.0,0,Male,mc_prob_0.2_FC_0_8
52,4316.0,1,Male,mc_prob_0.2_FC_0_8
53,4161.0,2,Male,mc_prob_0.2_FC_0_8
54,4095.0,3,Male,mc_prob_0.2_FC_0_8
55,4078.0,4,Male,mc_prob_0.2_FC_0_8
56,4216.0,5,Male,mc_prob_0.2_FC_0_8
57,4083.0,6,Male,mc_prob_0.2_FC_0_8
58,3941.0,7,Male,mc_prob_0.2_FC_0_8
59,4033.0,8,Male,mc_prob_0.2_FC_0_8
60,3930.0,9,Male,mc_prob_0.2_FC_0_8
61,3794.0,10,Male,mc_prob_0.2_FC_0_8
62,3698.0,11,Male,mc_prob_0.2_FC_0_8
63,3678.0,12,Male,mc_prob_0.2_FC_0_8
64,3639.0,13,Male,mc_prob_0.2_FC_0_8
65,3522.0,14,Male,mc_prob_0.2_FC_0_8
66,3535.0,15,Male,mc_prob_0.2_FC_0_8
67,3172.0,16,Male,mc_prob_0.2_FC_0_8
68,2188.0,17,Male,mc_prob_0.2_FC_0_8
69,969.0,18,Male,mc_prob_0.2_FC_0_8
70,312.0,19,Male,mc_prob_0.2_FC_0_8
71,189.0,20,Male,mc_prob_0.2_FC_0_8
72,0.0,21,Male,mc_prob_0.2_FC_0_8
73,0.0,22,Male,mc_prob_0.2_FC_0_8
74,0.0,23,Male,mc_prob_0.2_FC_0_8
75,0.0,24,Male,mc_prob_0.2_FC_0_8
76,0.0,25,Male,mc_prob_0.2_FC_0_8
77,0.0,26,Male,mc_prob_0.2_FC_0_8
78,0.0,27,Male,mc_prob_0.2_FC_0_8
79,0.0,28,Male,mc_prob_0.2_FC_0_8
80,0.0,29,Male,mc_prob_0.2_FC_0_8
81,0.0,30,Male,mc_prob_0.2_FC_0_8
82,0.0,31,Male,mc_prob_0.2_FC_0_8
83,0.0,32,Male,mc_prob_0.2_FC_0_8
84,0.0,33,Male,mc_prob_0.2_FC_0_8
85,0.0,34,Male,mc_prob_0.2_FC_0_8
86,0.0,35,Male,mc_prob_0.2_FC_0_8
87,0.0,36,Male,mc_prob_0.2_FC_0_8
88,0.0,37,Male,mc_prob_0.2_FC_0_8
89,0.0,38,Male,mc_prob_0.2_FC_0_8
90,0.0,39,Male,mc_prob_0.2_FC_0_8
91,0.0,40,Male,mc_prob_0.2_FC_0_8
92,0.0,41,Male,mc_prob_0.2_FC_0_8
93,0.0,42,Male,mc_prob_0.2_FC_0_8
94,0.0,43,Male,mc_prob_0.2_FC_0_8
95,0.0,44,Male,mc_prob_0.2_FC_0_8
96,0.0,45,Male,mc_prob_0.2_FC_0_8
97,0.0,46,Male,mc_prob_0.2_FC_0_8
98,0.0,47,Male,mc_prob_0.2_FC_0_8
99,0.0,48,Male,mc_prob_0.2_FC_0_8
100,0.0,49,Male,mc_prob_0.2_FC_0_8
101,0.0,50,Male,mc_prob_0.2_FC_0_8
,Count,Generation,Sex,Run
0,7000.0,0,Female,mc_prob_0.2_FC_0_9
1,4301.0,1,Female,mc_prob_0.2_FC_0_9
2,4194.0,2,Female,mc_prob_0.2_FC_0_9
3,3954.0,3,Female,mc_prob_0.2_FC_0_9
4,4031.0,4,Female,mc_prob_0.2_FC_0_9
5,3927.0,5,Female,mc_prob_0.2_FC_0_9
6,3811.0,6,Female,mc_prob_0.2_FC_0_9
7,3840.0,7,Female,mc_prob_0.2_FC_0_9
8,3766.0,8,Female,mc_prob_0.2_FC_0_9
9,3684.0,9,Female,mc_prob_0.2_FC_0_9
10,3553.0,10,Female,mc_prob_0.2_FC_0_9
11,3533.0,11,Female,mc_prob_0.2_FC_0_9
12,3515.0,12,Female,mc_prob_0.2_FC_0_9
13,3490.0,13,Female,mc_prob_0.2_FC_0_9
14,3364.0,14,Female,mc_prob_0.2_FC_0_9
15,2894.0,15,Female,mc_prob_0.2_FC_0_9
16,1756.0,16,Female,mc_prob_0.2_FC_0_9
17,745.0,17,Female,mc_prob_0.2_FC_0_9
18,194.0,18,Female,mc_prob_0.2_FC_0_9
19,52.0,19,Female,mc_prob_0.2_FC_0_9
20,14.0,20,Female,mc_prob_0.2_FC_0_9
21,5.0,21,Female,mc_prob_0.2_FC_0_9
22,0.0,22,Female,mc_prob_0.2_FC_0_9
23,0.0,23,Female,mc_prob_0.2_FC_0_9
24,0.0,24,Female,mc_prob_0.2_FC_0_9
25,0.0,25,Female,mc_prob_0.2_FC_0_9
26,0.0,26,Female,mc_prob_0.2_FC_0_9
27,0.0,27,Female,mc_prob_0.2_FC_0_9
28,0.0,28,Female,mc_prob_0.2_FC_0_9
29,0.0,29,Female,mc_prob_0.2_FC_0_9
30,0.0,30,Female,mc_prob_0.2_FC_0_9
31,0.0,31,Female,mc_prob_0.2_FC_0_9
32,0.0,32,Female,mc_prob_0.2_FC_0_9
33,0.0,33,Female,mc_prob_0.2_FC_0_9
34,0.0,34,Female,mc_prob_0.2_FC_0_9
35,0.0,35,Female,mc_prob_0.2_FC_0_9
36,0.0,36,Female,mc_prob_0.2_FC_0_9
37,0.0,37,Female,mc_prob_0.2_FC_0_9
38,0.0,38,Female,mc_prob_0.2_FC_0_9
39,0.0,39,Female,mc_prob_0.2_FC_0_9
40,0.0,40,Female,mc_prob_0.2_FC_0_9
41,0.0,41,Female,mc_prob_0.2_FC_0_9
42,0.0,42,Female,mc_prob_0.2_FC_0_9
43,0.0,43,Female,mc_prob_0.2_FC_0_9
44,0.0,44,Female,mc_prob_0.2_FC_0_9
45,0.0,45,Female,mc_prob_0.2_FC_0_9
46,0.0,46,Female,mc_prob_0.2_FC_0_9
47,0.0,47,Female,mc_prob_0.2_FC_0_9
48,0.0,48,Female,mc_prob_0.2_FC_0_9
49,0.0,49,Female,mc_prob_0.2_FC_0_9
50,0.0,50,Female,mc_prob_0.2_FC_0_9
51,5000.0,0,Male,mc_prob_0.2_FC_0_9
52,4409.0,1,Male,mc_prob_0.2_FC_0_9
53,4194.0,2,Male,mc_prob_0.2_FC_0_9
54,4068.0,3,Male,mc_prob_0.2_FC_0_9
55,4106.0,4,Male,mc_prob_0.2_FC_0_9
56,4020.0,5,Male,mc_prob_0.2_FC_0_9
57,3927.0,6,Male,mc_prob_0.2_FC_0_9
58,3950.0,7,Male,mc_prob_0.2_FC_0_9
59,3812.0,8,Male,mc_prob_0.2_FC_0_9
60,3713.0,9,Male,mc_prob_0.2_FC_0_9
61,3662.0,10,Male,mc_prob_0.2_FC_0_9
62,3548.0,11,Male,mc_prob_0.2_FC_0_9
63,3561.0,12,Male,mc_prob_0.2_FC_0_9
64,3541.0,13,Male,mc_prob_0.2_FC_0_9
65,3456.0,14,Male,mc_prob_0.2_FC_0_9
66,2896.0,15,Male,mc_prob_0.2_FC_0_9
67,1857.0,16,Male,mc_prob_0.2_FC_0_9
68,745.0,17,Male,mc_prob_0.2_FC_0_9
69,250.0,18,Male,mc_prob_0.2_FC_0_9
70,58.0,19,Male,mc_prob_0.2_FC_0_9
71,21.0,20,Male,mc_prob_0.2_FC_0_9
72,9.0,21,Male,mc_prob_0.2_FC_0_9
73,0.0,22,Male,mc_prob_0.2_FC_0_9
74,0.0,23,Male,mc_prob_0.2_FC_0_9
75,0.0,24,Male,mc_prob_0.2_FC_0_9
76,0.0,25,Male,mc_prob_0.2_FC_0_9
77,0.0,26,Male,mc_prob_0.2_FC_0_9
78,0.0,27,Male,mc_prob_0.2_FC_0_9
79,0.0,28,Male,mc_prob_0.2_FC_0_9
80,0.0,29,Male,mc_prob_0.2_FC_0_9
81,0.0,30,Male,mc_prob_0.2_FC_0_9
82,0.0,31,Male,mc_prob_0.2_FC_0_9
83,0.0,32,Male,mc_prob_0.2_FC_0_9
84,0.0,33,Male,mc_prob_0.2_FC_0_9
85,0.0,34,Male,mc_prob_0.2_FC_0_9
86,0.0,35,Male,mc_prob_0.2_FC_0_9
87,0.0,36,Male,mc_prob_0.2_FC_0_9
88,0.0,37,Male,mc_prob_0.2_FC_0_9
89,0.0,38,Male,mc_prob_0.2_FC_0_9
90,0.0,39,Male,mc_prob_0.2_FC_0_9
91,0.0,40,Male,mc_prob_0.2_FC_0_9
92,0.0,41,Male,mc_prob_0.2_FC_0_9
93,0.0,42,Male,mc_prob_0.2_FC_0_9
94,0.0,43,Male,mc_prob_0.2_FC_0_9
95,0.0,44,Male,mc_prob_0.2_FC_0_9
96,0.0,45,Male,mc_prob_0.2_FC_0_9
97,0.0,46,Male,mc_prob_0.2_FC_0_9
98,0.0,47,Male,mc_prob_0.2_FC_0_9
99,0.0,48,Male,mc_prob_0.2_FC_0_9
100,0.0,49,Male,mc_prob_0.2_FC_0_9
101,0.0,50,Male,mc_prob_0.2_FC_0_9
,Count,Generation,Sex,Run
0,7000.0,0,Female,mc_prob_0.2_FC_0_10
1,4277.0,1,Female,mc_prob_0.2_FC_0_10
2,4096.0,2,Female,mc_prob_0.2_FC_0_10
3,4207.0,3,Female,mc_prob_0.2_FC_0_10
4,4020.0,4,Female,mc_prob_0.2_FC_0_10
5,3918.0,5,Female,mc_prob_0.2_FC_0_10
6,3842.0,6,Female,mc_prob_0.2_FC_0_10
7,3884.0,7,Female,mc_prob_0.2_FC_0_10
8,3852.0,8,Female,mc_prob_0.2_FC_0_10
9,3597.0,9,Female,mc_prob_0.2_FC_0_10
10,3668.0,10,Female,mc_prob_0.2_FC_0_10
11,3467.0,11,Female,mc_prob_0.2_FC_0_10
12,3546.0,12,Female,mc_prob_0.2_FC_0_10
13,3417.0,13,Female,mc_prob_0.2_FC_0_10
14,3151.0,14,Female,mc_prob_0.2_FC_0_10
15,2048.0,15,Female,mc_prob_0.2_FC_0_10
16,890.0,16,Female,mc_prob_0.2_FC_0_10
17,302.0,17,Female,mc_prob_0.2_FC_0_10
18,60.0,18,Female,mc_prob_0.2_FC_0_10
19,0.0,19,Female,mc_prob_0.2_FC_0_10
20,0.0,20,Female,mc_prob_0.2_FC_0_10
21,0.0,21,Female,mc_prob_0.2_FC_0_10
22,0.0,22,Female,mc_prob_0.2_FC_0_10
23,0.0,23,Female,mc_prob_0.2_FC_0_10
24,0.0,24,Female,mc_prob_0.2_FC_0_10
25,0.0,25,Female,mc_prob_0.2_FC_0_10
26,0.0,26,Female,mc_prob_0.2_FC_0_10
27,0.0,27,Female,mc_prob_0.2_FC_0_10
28,0.0,28,Female,mc_prob_0.2_FC_0_10
29,0.0,29,Female,mc_prob_0.2_FC_0_10
30,0.0,30,Female,mc_prob_0.2_FC_0_10
31,0.0,31,Female,mc_prob_0.2_FC_0_10
32,0.0,32,Female,mc_prob_0.2_FC_0_10
33,0.0,33,Female,mc_prob_0.2_FC_0_10
34,0.0,34,Female,mc_prob_0.2_FC_0_10
35,0.0,35,Female,mc_prob_0.2_FC_0_10
36,0.0,36,Female,mc_prob_0.2_FC_0_10
37,0.0,37,Female,mc_prob_0.2_FC_0_10
38,0.0,38,Female,mc_prob_0.2_FC_0_10
39,0.0,39,Female,mc_prob_0.2_FC_0_10
40,0.0,40,Female,mc_prob_0.2_FC_0_10
41,0.0,41,Female,mc_prob_0.2_FC_0_10
42,0.0,42,Female,mc_prob_0.2_FC_0_10
43,0.0,43,Female,mc_prob_0.2_FC_0_10
44,0.0,44,Female,mc_prob_0.2_FC_0_10
45,0.0,45,Female,mc_prob_0.2_FC_0_10
46,0.0,46,Female,mc_prob_0.2_FC_0_10
47,0.0,47,Female,mc_prob_0.2_FC_0_10
48,0.0,48,Female,mc_prob_0.2_FC_0_10
49,0.0,49,Female,mc_prob_0.2_FC_0_10
50,0.0,50,Female,mc_prob_0.2_FC_0_10
51,5000.0,0,Male,mc_prob_0.2_FC_0_10
52,4504.0,1,Male,mc_prob_0.2_FC_0_10
53,4131.0,2,Male,mc_prob_0.2_FC_0_10
54,4242.0,3,Male,mc_prob_0.2_FC_0_10
55,4082.0,4,Male,mc_prob_0.2_FC_0_10
56,3990.0,5,Male,mc_prob_0.2_FC_0_10
57,3842.0,6,Male,mc_prob_0.2_FC_0_10
58,3903.0,7,Male,mc_prob_0.2_FC_0_10
59,3895.0,8,Male,mc_prob_0.2_FC_0_10
60,3608.0,9,Male,mc_prob_0.2_FC_0_10
61,3706.0,10,Male,mc_prob_0.2_FC_0_10
62,3644.0,11,Male,mc_prob_0.2_FC_0_10
63,3625.0,12,Male,mc_prob_0.2_FC_0_10
64,3460.0,13,Male,mc_prob_0.2_FC_0_10
65,3232.0,14,Male,mc_prob_0.2_FC_0_10
66,2160.0,15,Male,mc_prob_0.2_FC_0_10
67,969.0,16,Male,mc_prob_0.2_FC_0_10
68,329.0,17,Male,mc_prob_0.2_FC_0_10
69,66.0,18,Male,mc_prob_0.2_FC_0_10
70,0.0,19,Male,mc_prob_0.2_FC_0_10
71,0.0,20,Male,mc_prob_0.2_FC_0_10
72,0.0,21,Male,mc_prob_0.2_FC_0_10
73,0.0,22,Male,mc_prob_0.2_FC_0_10
74,0.0,23,Male,mc_prob_0.2_FC_0_10
75,0.0,24,Male,mc_prob_0.2_FC_0_10
76,0.0,25,Male,mc_prob_0.2_FC_0_10
77,0.0,26,Male,mc_prob_0.2_FC_0_10
78,0.0,27,Male,mc_prob_0.2_FC_0_10
79,0.0,28,Male,mc_prob_0.2_FC_0_10
80,0.0,29,Male,mc_prob_0.2_FC_0_10
81,0.0,30,Male,mc_prob_0.2_FC_0_10
82,0.0,31,Male,mc_prob_0.2_FC_0_10
83,0.0,32,Male,mc_prob_0.2_FC_0_10
84,0.0,33,Male,mc_prob_0.2_FC_0_10
85,0.0,34,Male,mc_prob_0.2_FC_0_10
86,0.0,35,Male,mc_prob_0.2_FC_0_10
87,0.0,36,Male,mc_prob_0.2_FC_0_10
88,0.0,37,Male,mc_prob_0.2_FC_0_10
89,0.0,38,Male,mc_prob_0.2_FC_0_10
90,0.0,39,Male,mc_prob_0.2_FC_0_10
91,0.0,40,Male,mc_prob_0.2_FC_0_10
92,0.0,41,Male,mc_prob_0.2_FC_0_10
93,0.0,42,Male,mc_prob_0.2_FC_0_10
94,0.0,43,Male,mc_prob_0.2_FC_0_10
95,0.0,44,Male,mc_prob_0.2_FC_0_10
96,0.0,45,Male,mc_prob_0.2_FC_0_10
97,0.0,46,Male,mc_prob_0.2_FC_0_10
98,0.0,47,Male,mc_prob_0.2_FC_0_10
99,0.0,48,Male,mc_prob_0.2_FC_0_10
100,0.0,49,Male,mc_prob_0.2_FC_0_10
101,0.0,50,Male,mc_prob_0.2_FC_0_10
,Count,Generation,Sex,Run
0,7000.0,0,Female,mc_prob_0.2_FC_0.05_1
1,4262.0,1,Female,mc_prob_0.2_FC_0.05_1
2,4094.0,2,Female,mc_prob_0.2_FC_0.05_1
3,4098.0,3,Female,mc_prob_0.2_FC_0.05_1
4,4075.0,4,Female,mc_prob_0.2_FC_0.05_1
5,4077.0,5,Female,mc_prob_0.2_FC_0.05_1
6,3811.0,6,Female,mc_prob_0.2_FC_0.05_1
7,3776.0,7,Female,mc_prob_0.2_FC_0.05_1
8,3923.0,8,Female,mc_prob_0.2_FC_0.05_1
9,3844.0,9,Female,mc_prob_0.2_FC_0.05_1
10,3972.0,10,Female,mc_prob_0.2_FC_0.05_1
11,3754.0,11,Female,mc_prob_0.2_FC_0.05_1
12,3760.0,12,Female,mc_prob_0.2_FC_0.05_1
13,3736.0,13,Female,mc_prob_0.2_FC_0.05_1
14,3709.0,14,Female,mc_prob_0.2_FC_0.05_1
15,3564.0,15,Female,mc_prob_0.2_FC_0.05_1
16,3423.0,16,Female,mc_prob_0.2_FC_0.05_1
17,3317.0,17,Female,mc_prob_0.2_FC_0.05_1
18,3344.0,18,Female,mc_prob_0.2_FC_0.05_1
19,3234.0,19,Female,mc_prob_0.2_FC_0.05_1
20,3259.0,20,Female,mc_prob_0.2_FC_0.05_1
21,2772.0,21,Female,mc_prob_0.2_FC_0.05_1
22,1972.0,22,Female,mc_prob_0.2_FC_0.05_1
23,1006.0,23,Female,mc_prob_0.2_FC_0.05_1
24,278.0,24,Female,mc_prob_0.2_FC_0.05_1
25,130.0,25,Female,mc_prob_0.2_FC_0.05_1
26,36.0,26,Female,mc_prob_0.2_FC_0.05_1
27,4.0,27,Female,mc_prob_0.2_FC_0.05_1
28,3.0,28,Female,mc_prob_0.2_FC_0.05_1
29,0.0,29,Female,mc_prob_0.2_FC_0.05_1
30,0.0,30,Female,mc_prob_0.2_FC_0.05_1
31,0.0,31,Female,mc_prob_0.2_FC_0.05_1
32,0.0,32,Female,mc_prob_0.2_FC_0.05_1
33,0.0,33,Female,mc_prob_0.2_FC_0.05_1
34,0.0,34,Female,mc_prob_0.2_FC_0.05_1
35,0.0,35,Female,mc_prob_0.2_FC_0.05_1
36,0.0,36,Female,mc_prob_0.2_FC_0.05_1
37,0.0,37,Female,mc_prob_0.2_FC_0.05_1
38,0.0,38,Female,mc_prob_0.2_FC_0.05_1
39,0.0,39,Female,mc_prob_0.2_FC_0.05_1
40,0.0,40,Female,mc_prob_0.2_FC_0.05_1
41,0.0,41,Female,mc_prob_0.2_FC_0.05_1
42,0.0,42,Female,mc_prob_0.2_FC_0.05_1
43,0.0,43,Female,mc_prob_0.2_FC_0.05_1
44,0.0,44,Female,mc_prob_0.2_FC_0.05_1
45,0.0,45,Female,mc_prob_0.2_FC_0.05_1
46,0.0,46,Female,mc_prob_0.2_FC_0.05_1
47,0.0,47,Female,mc_prob_0.2_FC_0.05_1
48,0.0,48,Female,mc_prob_0.2_FC_0.05_1
49,0.0,49,Female,mc_prob_0.2_FC_0.05_1
50,0.0,50,Female,mc_prob_0.2_FC_0.05_1
51,5000.0,0,Male,mc_prob_0.2_FC_0.05_1
52,4270.0,1,Male,mc_prob_0.2_FC_0.05_1
53,4114.0,2,Male,mc_prob_0.2_FC_0.05_1
54,4109.0,3,Male,mc_prob_0.2_FC_0.05_1
55,4082.0,4,Male,mc_prob_0.2_FC_0.05_1
56,4133.0,5,Male,mc_prob_0.2_FC_0.05_1
57,4054.0,6,Male,mc_prob_0.2_FC_0.05_1
58,3907.0,7,Male,mc_prob_0.2_FC_0.05_1
59,3934.0,8,Male,mc_prob_0.2_FC_0.05_1
60,3885.0,9,Male,mc_prob_0.2_FC_0.05_1
61,4004.0,10,Male,mc_prob_0.2_FC_0.05_1
62,3763.0,11,Male,mc_prob_0.2_FC_0.05_1
63,3794.0,12,Male,mc_prob_0.2_FC_0.05_1
64,3819.0,13,Male,mc_prob_0.2_FC_0.05_1
65,3722.0,14,Male,mc_prob_0.2_FC_0.05_1
66,3650.0,15,Male,mc_prob_0.2_FC_0.05_1
67,3490.0,16,Male,mc_prob_0.2_FC_0.05_1
68,3423.0,17,Male,mc_prob_0.2_FC_0.05_1
69,3391.0,18,Male,mc_prob_0.2_FC_0.05_1
70,3278.0,19,Male,mc_prob_0.2_FC_0.05_1
71,3320.0,20,Male,mc_prob_0.2_FC_0.05_1
72,2797.0,21,Male,mc_prob_0.2_FC_0.05_1
73,2001.0,22,Male,mc_prob_0.2_FC_0.05_1
74,1010.0,23,Male,mc_prob_0.2_FC_0.05_1
75,300.0,24,Male,mc_prob_0.2_FC_0.05_1
76,133.0,25,Male,mc_prob_0.2_FC_0.05_1
77,49.0,26,Male,mc_prob_0.2_FC_0.05_1
78,8.0,27,Male,mc_prob_0.2_FC_0.05_1
79,6.0,28,Male,mc_prob_0.2_FC_0.05_1
80,0.0,29,Male,mc_prob_0.2_FC_0.05_1
81,0.0,30,Male,mc_prob_0.2_FC_0.05_1
82,0.0,31,Male,mc_prob_0.2_FC_0.05_1
83,0.0,32,Male,mc_prob_0.2_FC_0.05_1
84,0.0,33,Male,mc_prob_0.2_FC_0.05_1
85,0.0,34,Male,mc_prob_0.2_FC_0.05_1
86,0.0,35,Male,mc_prob_0.2_FC_0.05_1
87,0.0,36,Male,mc_prob_0.2_FC_0.05_1
88,0.0,37,Male,mc_prob_0.2_FC_0.05_1
89,0.0,38,Male,mc_prob_0.2_FC_0.05_1
90,0.0,39,Male,mc_prob_0.2_FC_0.05_1
91,0.0,40,Male,mc_prob_0.2_FC_0.05_1
92,0.0,41,Male,mc_prob_0.2_FC_0.05_1
93,0.0,42,Male,mc_prob_0.2_FC_0.05_1
94,0.0,43,Male,mc_prob_0.2_FC_0.05_1
95,0.0,44,Male,mc_prob_0.2_FC_0.05_1
96,0.0,45,Male,mc_prob_0.2_FC_0.05_1
97,0.0,46,Male,mc_prob_0.2_FC_0.05_1
98,0.0,47,Male,mc_prob_0.2_FC_0.05_1
99,0.0,48,Male,mc_prob_0.2_FC_0.05_1
100,0.0,49,Male,mc_prob_0.2_FC_0.05_1
101,0.0,50,Male,mc_prob_0.2_FC_0.05_1
,Count,Generation,Sex,Run
0,7000.0,0,Female,mc_prob_0.2_FC_0.05_2
1,4177.0,1,Female,mc_prob_0.2_FC_0.05_2
2,4112.0,2,Female,mc_prob_0.2_FC_0.05_2
3,4138.0,3,Female,mc_prob_0.2_FC_0.05_2
4,4171.0,4,Female,mc_prob_0.2_FC_0.05_2
5,4115.0,5,Female,mc_prob_0.2_FC_0.05_2
6,4063.0,6,Female,mc_prob_0.2_FC_0.05_2
7,3976.0,7,Female,mc_prob_0.2_FC_0.05_2
8,3957.0,8,Female,mc_prob_0.2_FC_0.05_2
9,3995.0,9,Female,mc_prob_0.2_FC_0.05_2
10,3996.0,10,Female,mc_prob_0.2_FC_0.05_2
11,3722.0,11,Female,mc_prob_0.2_FC_0.05_2
12,3760.0,12,Female,mc_prob_0.2_FC_0.05_2
13,3768.0,13,Female,mc_prob_0.2_FC_0.05_2
14,3593.0,14,Female,mc_prob_0.2_FC_0.05_2
15,3651.0,15,Female,mc_prob_0.2_FC_0.05_2
16,3445.0,16,Female,mc_prob_0.2_FC_0.05_2
17,3438.0,17,Female,mc_prob_0.2_FC_0.05_2
18,3398.0,18,Female,mc_prob_0.2_FC_0.05_2
19,3370.0,19,Female,mc_prob_0.2_FC_0.05_2
20,3362.0,20,Female,mc_prob_0.2_FC_0.05_2
21,3254.0,21,Female,mc_prob_0.2_FC_0.05_2
22,2975.0,22,Female,mc_prob_0.2_FC_0.05_2
23,2247.0,23,Female,mc_prob_0.2_FC_0.05_2
24,1056.0,24,Female,mc_prob_0.2_FC_0.05_2
25,458.0,25,Female,mc_prob_0.2_FC_0.05_2
26,138.0,26,Female,mc_prob_0.2_FC_0.05_2
27,20.0,27,Female,mc_prob_0.2_FC_0.05_2
28,0.0,28,Female,mc_prob_0.2_FC_0.05_2
29,0.0,29,Female,mc_prob_0.2_FC_0.05_2
30,0.0,30,Female,mc_prob_0.2_FC_0.05_2
31,0.0,31,Female,mc_prob_0.2_FC_0.05_2
32,0.0,32,Female,mc_prob_0.2_FC_0.05_2
33,0.0,33,Female,mc_prob_0.2_FC_0.05_2
34,0.0,34,Female,mc_prob_0.2_FC_0.05_2
35,0.0,35,Female,mc_prob_0.2_FC_0.05_2
36,0.0,36,Female,mc_prob_0.2_FC_0.05_2
37,0.0,37,Female,mc_prob_0.2_FC_0.05_2
38,0.0,38,Female,mc_prob_0.2_FC_0.05_2
39,0.0,39,Female,mc_prob_0.2_FC_0.05_2
40,0.0,40,Female,mc_prob_0.2_FC_0.05_2
41,0.0,41,Female,mc_prob_0.2_FC_0.05_2
42,0.0,42,Female,mc_prob_0.2_FC_0.05_2
43,0.0,43,Female,mc_prob_0.2_FC_0.05_2
44,0.0,44,Female,mc_prob_0.2_FC_0.05_2
45,0.0,45,Female,mc_prob_0.2_FC_0.05_2
46,0.0,46,Female,mc_prob_0.2_FC_0.05_2
47,0.0,47,Female,mc_prob_0.2_FC_0.05_2
48,0.0,48,Female,mc_prob_0.2_FC_0.05_2
49,0.0,49,Female,mc_prob_0.2_FC_0.05_2
50,0.0,50,Female,mc_prob_0.2_FC_0.05_2
51,5000.0,0,Male,mc_prob_0.2_FC_0.05_2
52,4280.0,1,Male,mc_prob_0.2_FC_0.05_2
53,4182.0,2,Male,mc_prob_0.2_FC_0.05_2
54,4228.0,3,Male,mc_prob_0.2_FC_0.05_2
55,4291.0,4,Male,mc_prob_0.2_FC_0.05_2
56,4147.0,5,Male,mc_prob_0.2_FC_0.05_2
57,4080.0,6,Male,mc_prob_0.2_FC_0.05_2
58,4151.0,7,Male,mc_prob_0.2_FC_0.05_2
59,4001.0,8,Male,mc_prob_0.2_FC_0.05_2
60,4039.0,9,Male,mc_prob_0.2_FC_0.05_2
61,4044.0,10,Male,mc_prob_0.2_FC_0.05_2
62,3853.0,11,Male,mc_prob_0.2_FC_0.05_2
63,3794.0,12,Male,mc_prob_0.2_FC_0.05_2
64,3821.0,13,Male,mc_prob_0.2_FC_0.05_2
65,3722.0,14,Male,mc_prob_0.2_FC_0.05_2
66,3697.0,15,Male,mc_prob_0.2_FC_0.05_2
67,3627.0,16,Male,mc_prob_0.2_FC_0.05_2
68,3458.0,17,Male,mc_prob_0.2_FC_0.05_2
69,3462.0,18,Male,mc_prob_0.2_FC_0.05_2
70,3422.0,19,Male,mc_prob_0.2_FC_0.05_2
71,3369.0,20,Male,mc_prob_0.2_FC_0.05_2
72,3334.0,21,Male,mc_prob_0.2_FC_0.05_2
73,2992.0,22,Male,mc_prob_0.2_FC_0.05_2
74,2250.0,23,Male,mc_prob_0.2_FC_0.05_2
75,1105.0,24,Male,mc_prob_0.2_FC_0.05_2
76,461.0,25,Male,mc_prob_0.2_FC_0.05_2
77,153.0,26,Male,mc_prob_0.2_FC_0.05_2
78,34.0,27,Male,mc_prob_0.2_FC_0.05_2
79,0.0,28,Male,mc_prob_0.2_FC_0.05_2
80,0.0,29,Male,mc_prob_0.2_FC_0.05_2
81,0.0,30,Male,mc_prob_0.2_FC_0.05_2
82,0.0,31,Male,mc_prob_0.2_FC_0.05_2
83,0.0,32,Male,mc_prob_0.2_FC_0.05_2
84,0.0,33,Male,mc_prob_0.2_FC_0.05_2
85,0.0,34,Male,mc_prob_0.2_FC_0.05_2
86,0.0,35,Male,mc_prob_0.2_FC_0.05_2
87,0.0,36,Male,mc_prob_0.2_FC_0.05_2
88,0.0,37,Male,mc_prob_0.2_FC_0.05_2
89,0.0,38,Male,mc_prob_0.2_FC_0.05_2
90,0.0,39,Male,mc_prob_0.2_FC_0.05_2
91,0.0,40,Male,mc_prob_0.2_FC_0.05_2
92,0.0,41,Male,mc_prob_0.2_FC_0.05_2
93,0.0,42,Male,mc_prob_0.2_FC_0.05_2
94,0.0,43,Male,mc_prob_0.2_FC_0.05_2
95,0.0,44,Male,mc_prob_0.2_FC_0.05_2
96,0.0,45,Male,mc_prob_0.2_FC_0.05_2
97,0.0,46,Male,mc_prob_0.2_FC_0.05_2
98,0.0,47,Male,mc_prob_0.2_FC_0.05_2
99,0.0,48,Male,mc_prob_0.2_FC_0.05_2
100,0.0,49,Male,mc_prob_0.2_FC_0.05_2
101,0.0,50,Male,mc_prob_0.2_FC_0.05_2
,Count,Generation,Sex,Run
0,7000.0,0,Female,mc_prob_0.2_FC_0.05_3
1,4313.0,1,Female,mc_prob_0.2_FC_0.05_3
2,4135.0,2,Female,mc_prob_0.2_FC_0.05_3
3,4130.0,3,Female,mc_prob_0.2_FC_0.05_3
4,4110.0,4,Female,mc_prob_0.2_FC_0.05_3
5,4109.0,5,Female,mc_prob_0.2_FC_0.05_3
6,4008.0,6,Female,mc_prob_0.2_FC_0.05_3
7,4047.0,7,Female,mc_prob_0.2_FC_0.05_3
8,4014.0,8,Female,mc_prob_0.2_FC_0.05_3
9,4143.0,9,Female,mc_prob_0.2_FC_0.05_3
10,3995.0,10,Female,mc_prob_0.2_FC_0.05_3
11,3924.0,11,Female,mc_prob_0.2_FC_0.05_3
12,3910.0,12,Female,mc_prob_0.2_FC_0.05_3
13,3857.0,13,Female,mc_prob_0.2_FC_0.05_3
14,3628.0,14,Female,mc_prob_0.2_FC_0.05_3
15,3503.0,15,Female,mc_prob_0.2_FC_0.05_3
16,3573.0,16,Female,mc_prob_0.2_FC_0.05_3
17,3535.0,17,Female,mc_prob_0.2_FC_0.05_3
18,3454.0,18,Female,mc_prob_0.2_FC_0.05_3
19,3271.0,19,Female,mc_prob_0.2_FC_0.05_3
20,3229.0,20,Female,mc_prob_0.2_FC_0.05_3
21,3319.0,21,Female,mc_prob_0.2_FC_0.05_3
22,2779.0,22,Female,mc_prob_0.2_FC_0.05_3
23,1929.0,23,Female,mc_prob_0.2_FC_0.05_3
24,1050.0,24,Female,mc_prob_0.2_FC_0.05_3
25,186.0,25,Female,mc_prob_0.2_FC_0.05_3
26,60.0,26,Female,mc_prob_0.2_FC_0.05_3
27,28.0,27,Female,mc_prob_0.2_FC_0.05_3
28,8.0,28,Female,mc_prob_0.2_FC_0.05_3
29,0.0,29,Female,mc_prob_0.2_FC_0.05_3
30,0.0,30,Female,mc_prob_0.2_FC_0.05_3
31,0.0,31,Female,mc_prob_0.2_FC_0.05_3
32,0.0,32,Female,mc_prob_0.2_FC_0.05_3
33,0.0,33,Female,mc_prob_0.2_FC_0.05_3
34,0.0,34,Female,mc_prob_0.2_FC_0.05_3
35,0.0,35,Female,mc_prob_0.2_FC_0.05_3
36,0.0,36,Female,mc_prob_0.2_FC_0.05_3
37,0.0,37,Female,mc_prob_0.2_FC_0.05_3
38,0.0,38,Female,mc_prob_0.2_FC_0.05_3
39,0.0,39,Female,mc_prob_0.2_FC_0.05_3
40,0.0,40,Female,mc_prob_0.2_FC_0.05_3
41,0.0,41,Female,mc_prob_0.2_FC_0.05_3
42,0.0,42,Female,mc_prob_0.2_FC_0.05_3
43,0.0,43,Female,mc_prob_0.2_FC_0.05_3
44,0.0,44,Female,mc_prob_0.2_FC_0.05_3
45,0.0,45,Female,mc_prob_0.2_FC_0.05_3
46,0.0,46,Female,mc_prob_0.2_FC_0.05_3
47,0.0,47,Female,mc_prob_0.2_FC_0.05_3
48,0.0,48,Female,mc_prob_0.2_FC_0.05_3
49,0.0,49,Female,mc_prob_0.2_FC_0.05_3
50,0.0,50,Female,mc_prob_0.2_FC_0.05_3
51,5000.0,0,Male,mc_prob_0.2_FC_0.05_3
52,4349.0,1,Male,mc_prob_0.2_FC_0.05_3
53,4169.0,2,Male,mc_prob_0.2_FC_0.05_3
54,4207.0,3,Male,mc_prob_0.2_FC_0.05_3
55,4142.0,4,Male,mc_prob_0.2_FC_0.05_3
56,4162.0,5,Male,mc_prob_0.2_FC_0.05_3
57,4105.0,6,Male,mc_prob_0.2_FC_0.05_3
58,4067.0,7,Male,mc_prob_0.2_FC_0.05_3
59,4086.0,8,Male,mc_prob_0.2_FC_0.05_3
60,4150.0,9,Male,mc_prob_0.2_FC_0.05_3
61,4044.0,10,Male,mc_prob_0.2_FC_0.05_3
62,4080.0,11,Male,mc_prob_0.2_FC_0.05_3
63,3911.0,12,Male,mc_prob_0.2_FC_0.05_3
64,3998.0,13,Male,mc_prob_0.2_FC_0.05_3
65,3698.0,14,Male,mc_prob_0.2_FC_0.05_3
66,3641.0,15,Male,mc_prob_0.2_FC_0.05_3
67,3581.0,16,Male,mc_prob_0.2_FC_0.05_3
68,3577.0,17,Male,mc_prob_0.2_FC_0.05_3
69,3521.0,18,Male,mc_prob_0.2_FC_0.05_3
70,3341.0,19,Male,mc_prob_0.2_FC_0.05_3
71,3373.0,20,Male,mc_prob_0.2_FC_0.05_3
72,3327.0,21,Male,mc_prob_0.2_FC_0.05_3
73,2814.0,22,Male,mc_prob_0.2_FC_0.05_3
74,1974.0,23,Male,mc_prob_0.2_FC_0.05_3
75,1094.0,24,Male,mc_prob_0.2_FC_0.05_3
76,217.0,25,Male,mc_prob_0.2_FC_0.05_3
77,64.0,26,Male,mc_prob_0.2_FC_0.05_3
78,40.0,27,Male,mc_prob_0.2_FC_0.05_3
79,11.0,28,Male,mc_prob_0.2_FC_0.05_3
80,0.0,29,Male,mc_prob_0.2_FC_0.05_3
81,0.0,30,Male,mc_prob_0.2_FC_0.05_3
82,0.0,31,Male,mc_prob_0.2_FC_0.05_3
83,0.0,32,Male,mc_prob_0.2_FC_0.05_3
84,0.0,33,Male,mc_prob_0.2_FC_0.05_3
85,0.0,34,Male,mc_prob_0.2_FC_0.05_3
86,0.0,35,Male,mc_prob_0.2_FC_0.05_3
87,0.0,36,Male,mc_prob_0.2_FC_0.05_3
88,0.0,37,Male,mc_prob_0.2_FC_0.05_3
89,0.0,38,Male,mc_prob_0.2_FC_0.05_3
90,0.0,39,Male,mc_prob_0.2_FC_0.05_3
91,0.0,40,Male,mc_prob_0.2_FC_0.05_3
92,0.0,41,Male,mc_prob_0.2_FC_0.05_3
93,0.0,42,Male,mc_prob_0.2_FC_0.05_3
94,0.0,43,Male,mc_prob_0.2_FC_0.05_3
95,0.0,44,Male,mc_prob_0.2_FC_0.05_3
96,0.0,45,Male,mc_prob_0.2_FC_0.05_3
97,0.0,46,Male,mc_prob_0.2_FC_0.05_3
98,0.0,47,Male,mc_prob_0.2_FC_0.05_3
99,0.0,48,Male,mc_prob_0.2_FC_0.05_3
100,0.0,49,Male,mc_prob_0.2_FC_0.05_3
101,0.0,50,Male,mc_prob_0.2_FC_0.05_3
,Count,Generation,Sex,Run
0,7000.0,0,Female,mc_prob_0.2_FC_0.05_4
1,4237.0,1,Female,mc_prob_0.2_FC_0.05_4
2,4200.0,2,Female,mc_prob_0.2_FC_0.05_4
3,4129.0,3,Female,mc_prob_0.2_FC_0.05_4
4,4118.0,4,Female,mc_prob_0.2_FC_0.05_4
5,4218.0,5,Female,mc_prob_0.2_FC_0.05_4
6,4175.0,6,Female,mc_prob_0.2_FC_0.05_4
7,4141.0,7,Female,mc_prob_0.2_FC_0.05_4
8,4087.0,8,Female,mc_prob_0.2_FC_0.05_4
9,3912.0,9,Female,mc_prob_0.2_FC_0.05_4
10,3791.0,10,Female,mc_prob_0.2_FC_0.05_4
11,3812.0,11,Female,mc_prob_0.2_FC_0.05_4
12,3929.0,12,Female,mc_prob_0.2_FC_0.05_4
13,3794.0,13,Female,mc_prob_0.2_FC_0.05_4
14,3696.0,14,Female,mc_prob_0.2_FC_0.05_4
15,3510.0,15,Female,mc_prob_0.2_FC_0.05_4
16,3493.0,16,Female,mc_prob_0.2_FC_0.05_4
17,3403.0,17,Female,mc_prob_0.2_FC_0.05_4
18,3379.0,18,Female,mc_prob_0.2_FC_0.05_4
19,3361.0,19,Female,mc_prob_0.2_FC_0.05_4
20,3419.0,20,Female,mc_prob_0.2_FC_0.05_4
21,3351.0,21,Female,mc_prob_0.2_FC_0.05_4
22,2754.0,22,Female,mc_prob_0.2_FC_0.05_4
23,1865.0,23,Female,mc_prob_0.2_FC_0.05_4
24,694.0,24,Female,mc_prob_0.2_FC_0.05_4
25,176.0,25,Female,mc_prob_0.2_FC_0.05_4
26,42.0,26,Female,mc_prob_0.2_FC_0.05_4
27,13.0,27,Female,mc_prob_0.2_FC_0.05_4
28,10.0,28,Female,mc_prob_0.2_FC_0.05_4
29,0.0,29,Female,mc_prob_0.2_FC_0.05_4
30,0.0,30,Female,mc_prob_0.2_FC_0.05_4
31,0.0,31,Female,mc_prob_0.2_FC_0.05_4
32,0.0,32,Female,mc_prob_0.2_FC_0.05_4
33,0.0,33,Female,mc_prob_0.2_FC_0.05_4
34,0.0,34,Female,mc_prob_0.2_FC_0.05_4
35,0.0,35,Female,mc_prob_0.2_FC_0.05_4
36,0.0,36,Female,mc_prob_0.2_FC_0.05_4
37,0.0,37,Female,mc_prob_0.2_FC_0.05_4
38,0.0,38,Female,mc_prob_0.2_FC_0.05_4
39,0.0,39,Female,mc_prob_0.2_FC_0.05_4
40,0.0,40,Female,mc_prob_0.2_FC_0.05_4
41,0.0,41,Female,mc_prob_0.2_FC_0.05_4
42,0.0,42,Female,mc_prob_0.2_FC_0.05_4
43,0.0,43,Female,mc_prob_0.2_FC_0.05_4
44,0.0,44,Female,mc_prob_0.2_FC_0.05_4
45,0.0,45,Female,mc_prob_0.2_FC_0.05_4
46,0.0,46,Female,mc_prob_0.2_FC_0.05_4
47,0.0,47,Female,mc_prob_0.2_FC_0.05_4
48,0.0,48,Female,mc_prob_0.2_FC_0.05_4
49,0.0,49,Female,mc_prob_0.2_FC_0.05_4
50,0.0,50,Female,mc_prob_0.2_FC_0.05_4
51,5000.0,0,Male,mc_prob_0.2_FC_0.05_4
52,4343.0,1,Male,mc_prob_0.2_FC_0.05_4
53,4245.0,2,Male,mc_prob_0.2_FC_0.05_4
54,4173.0,3,Male,mc_prob_0.2_FC_0.05_4
55,4202.0,4,Male,mc_prob_0.2_FC_0.05_4
56,4221.0,5,Male,mc_prob_0.2_FC_0.05_4
57,4260.0,6,Male,mc_prob_0.2_FC_0.05_4
58,4184.0,7,Male,mc_prob_0.2_FC_0.05_4
59,4165.0,8,Male,mc_prob_0.2_FC_0.05_4
60,3980.0,9,Male,mc_prob_0.2_FC_0.05_4
61,3918.0,10,Male,mc_prob_0.2_FC_0.05_4
62,3859.0,11,Male,mc_prob_0.2_FC_0.05_4
63,3948.0,12,Male,mc_prob_0.2_FC_0.05_4
64,3794.0,13,Male,mc_prob_0.2_FC_0.05_4
65,3795.0,14,Male,mc_prob_0.2_FC_0.05_4
66,3631.0,15,Male,mc_prob_0.2_FC_0.05_4
67,3581.0,16,Male,mc_prob_0.2_FC_0.05_4
68,3467.0,17,Male,mc_prob_0.2_FC_0.05_4
69,3381.0,18,Male,mc_prob_0.2_FC_0.05_4
70,3367.0,19,Male,mc_prob_0.2_FC_0.05_4
71,3431.0,20,Male,mc_prob_0.2_FC_0.05_4
72,3368.0,21,Male,mc_prob_0.2_FC_0.05_4
73,2883.0,22,Male,mc_prob_0.2_FC_0.05_4
74,1916.0,23,Male,mc_prob_0.2_FC_0.05_4
75,732.0,24,Male,mc_prob_0.2_FC_0.05_4
76,191.0,25,Male,mc_prob_0.2_FC_0.05_4
77,50.0,26,Male,mc_prob_0.2_FC_0.05_4
78,16.0,27,Male,mc_prob_0.2_FC_0.05_4
79,12.0,28,Male,mc_prob_0.2_FC_0.05_4
80,0.0,29,Male,mc_prob_0.2_FC_0.05_4
81,0.0,30,Male,mc_prob_0.2_FC_0.05_4
82,0.0,31,Male,mc_prob_0.2_FC_0.05_4
83,0.0,32,Male,mc_prob_0.2_FC_0.05_4
84,0.0,33,Male,mc_prob_0.2_FC_0.05_4
85,0.0,34,Male,mc_prob_0.2_FC_0.05_4
86,0.0,35,Male,mc_prob_0.2_FC_0.05_4
87,0.0,36,Male,mc_prob_0.2_FC_0.05_4
88,0.0,37,Male,mc_prob_0.2_FC_0.05_4
89,0.0,38,Male,mc_prob_0.2_FC_0.05_4
90,0.0,39,Male,mc_prob_0.2_FC_0.05_4
91,0.0,40,Male,mc_prob_0.2_FC_0.05_4
92,0.0,41,Male,mc_prob_0.2_FC_0.05_4
93,0.0,42,Male,mc_prob_0.2_FC_0.05_4
94,0.0,43,Male,mc_prob_0.2_FC_0.05_4
95,0.0,44,Male,mc_prob_0.2_FC_0.05_4
96,0.0,45,Male,mc_prob_0.2_FC_0.05_4
97,0.0,46,Male,mc_prob_0.2_FC_0.05_4
98,0.0,47,Male,mc_prob_0.2_FC_0.05_4
99,0.0,48,Male,mc_prob_0.2_FC_0.05_4
100,0.0,49,Male,mc_prob_0.2_FC_0.05_4
101,0.0,50,Male,mc_prob_0.2_FC_0.05_4
,Count,Generation,Sex,Run
0,7000.0,0,Female,mc_prob_0.2_FC_0.05_5
1,4173.0,1,Female,mc_prob_0.2_FC_0.05_5
2,4185.0,2,Female,mc_prob_0.2_FC_0.05_5
3,4177.0,3,Female,mc_prob_0.2_FC_0.05_5
4,3975.0,4,Female,mc_prob_0.2_FC_0.05_5
5,4154.0,5,Female,mc_prob_0.2_FC_0.05_5
6,4098.0,6,Female,mc_prob_0.2_FC_0.05_5
7,4021.0,7,Female,mc_prob_0.2_FC_0.05_5
8,4087.0,8,Female,mc_prob_0.2_FC_0.05_5
9,4085.0,9,Female,mc_prob_0.2_FC_0.05_5
10,4019.0,10,Female,mc_prob_0.2_FC_0.05_5
11,3925.0,11,Female,mc_prob_0.2_FC_0.05_5
12,3940.0,12,Female,mc_prob_0.2_FC_0.05_5
13,4012.0,13,Female,mc_prob_0.2_FC_0.05_5
14,3965.0,14,Female,mc_prob_0.2_FC_0.05_5
15,3973.0,15,Female,mc_prob_0.2_FC_0.05_5
16,3881.0,16,Female,mc_prob_0.2_FC_0.05_5
17,3689.0,17,Female,mc_prob_0.2_FC_0.05_5
18,3613.0,18,Female,mc_prob_0.2_FC_0.05_5
19,3710.0,19,Female,mc_prob_0.2_FC_0.05_5
20,3578.0,20,Female,mc_prob_0.2_FC_0.05_5
21,3453.0,21,Female,mc_prob_0.2_FC_0.05_5
22,3473.0,22,Female,mc_prob_0.2_FC_0.05_5
23,3341.0,23,Female,mc_prob_0.2_FC_0.05_5
24,3340.0,24,Female,mc_prob_0.2_FC_0.05_5
25,3356.0,25,Female,mc_prob_0.2_FC_0.05_5
26,2943.0,26,Female,mc_prob_0.2_FC_0.05_5
27,1877.0,27,Female,mc_prob_0.2_FC_0.05_5
28,916.0,28,Female,mc_prob_0.2_FC_0.05_5
29,298.0,29,Female,mc_prob_0.2_FC_0.05_5
30,53.0,30,Female,mc_prob_0.2_FC_0.05_5
31,27.0,31,Female,mc_prob_0.2_FC_0.05_5
32,15.0,32,Female,mc_prob_0.2_FC_0.05_5
33,9.0,33,Female,mc_prob_0.2_FC_0.05_5
34,0.0,34,Female,mc_prob_0.2_FC_0.05_5
35,0.0,35,Female,mc_prob_0.2_FC_0.05_5
36,0.0,36,Female,mc_prob_0.2_FC_0.05_5
37,0.0,37,Female,mc_prob_0.2_FC_0.05_5
38,0.0,38,Female,mc_prob_0.2_FC_0.05_5
39,0.0,39,Female,mc_prob_0.2_FC_0.05_5
40,0.0,40,Female,mc_prob_0.2_FC_0.05_5
41,0.0,41,Female,mc_prob_0.2_FC_0.05_5
42,0.0,42,Female,mc_prob_0.2_FC_0.05_5
43,0.0,43,Female,mc_prob_0.2_FC_0.05_5
44,0.0,44,Female,mc_prob_0.2_FC_0.05_5
45,0.0,45,Female,mc_prob_0.2_FC_0.05_5
46,0.0,46,Female,mc_prob_0.2_FC_0.05_5
47,0.0,47,Female,mc_prob_0.2_FC_0.05_5
48,0.0,48,Female,mc_prob_0.2_FC_0.05_5
49,0.0,49,Female,mc_prob_0.2_FC_0.05_5
50,0.0,50,Female,mc_prob_0.2_FC_0.05_5
51,5000.0,0,Male,mc_prob_0.2_FC_0.05_5
52,4276.0,1,Male,mc_prob_0.2_FC_0.05_5
53,4202.0,2,Male,mc_prob_0.2_FC_0.05_5
54,4329.0,3,Male,mc_prob_0.2_FC_0.05_5
55,4163.0,4,Male,mc_prob_0.2_FC_0.05_5
56,4196.0,5,Male,mc_prob_0.2_FC_0.05_5
57,4263.0,6,Male,mc_prob_0.2_FC_0.05_5
58,4079.0,7,Male,mc_prob_0.2_FC_0.05_5
59,4115.0,8,Male,mc_prob_0.2_FC_0.05_5
60,4112.0,9,Male,mc_prob_0.2_FC_0.05_5
61,4124.0,10,Male,mc_prob_0.2_FC_0.05_5
62,4010.0,11,Male,mc_prob_0.2_FC_0.05_5
63,4032.0,12,Male,mc_prob_0.2_FC_0.05_5
64,4067.0,13,Male,mc_prob_0.2_FC_0.05_5
65,3975.0,14,Male,mc_prob_0.2_FC_0.05_5
66,4007.0,15,Male,mc_prob_0.2_FC_0.05_5
67,4044.0,16,Male,mc_prob_0.2_FC_0.05_5
68,3698.0,17,Male,mc_prob_0.2_FC_0.05_5
69,3735.0,18,Male,mc_prob_0.2_FC_0.05_5
70,3721.0,19,Male,mc_prob_0.2_FC_0.05_5
71,3653.0,20,Male,mc_prob_0.2_FC_0.05_5
72,3531.0,21,Male,mc_prob_0.2_FC_0.05_5
73,3535.0,22,Male,mc_prob_0.2_FC_0.05_5
74,3448.0,23,Male,mc_prob_0.2_FC_0.05_5
75,3356.0,24,Male,mc_prob_0.2_FC_0.05_5
76,3391.0,25,Male,mc_prob_0.2_FC_0.05_5
77,2973.0,26,Male,mc_prob_0.2_FC_0.05_5
78,1888.0,27,Male,mc_prob_0.2_FC_0.05_5
79,959.0,28,Male,mc_prob_0.2_FC_0.05_5
80,314.0,29,Male,mc_prob_0.2_FC_0.05_5
81,57.0,30,Male,mc_prob_0.2_FC_0.05_5
82,29.0,31,Male,mc_prob_0.2_FC_0.05_5
83,15.0,32,Male,mc_prob_0.2_FC_0.05_5
84,11.0,33,Male,mc_prob_0.2_FC_0.05_5
85,0.0,34,Male,mc_prob_0.2_FC_0.05_5
86,0.0,35,Male,mc_prob_0.2_FC_0.05_5
87,0.0,36,Male,mc_prob_0.2_FC_0.05_5
88,0.0,37,Male,mc_prob_0.2_FC_0.05_5
89,0.0,38,Male,mc_prob_0.2_FC_0.05_5
90,0.0,39,Male,mc_prob_0.2_FC_0.05_5
91,0.0,40,Male,mc_prob_0.2_FC_0.05_5
92,0.0,41,Male,mc_prob_0.2_FC_0.05_5
93,0.0,42,Male,mc_prob_0.2_FC_0.05_5
94,0.0,43,Male,mc_prob_0.2_FC_0.05_5
95,0.0,44,Male,mc_prob_0.2_FC_0.05_5
96,0.0,45,Male,mc_prob_0.2_FC_0.05_5
97,0.0,46,Male,mc_prob_0.2_FC_0.05_5
98,0.0,47,Male,mc_prob_0.2_FC_0.05_5
99,0.0,48,Male,mc_prob_0.2_FC_0.05_5
100,0.0,49,Male,mc_prob_0.2_FC_0.05_5
101,0.0,50,Male,mc_prob_0.2_FC_0.05_5
,Count,Generation,Sex,Run
0,7000.0,0,Female,mc_prob_0.2_FC_0.05_6
1,4288.0,1,Female,mc_prob_0.2_FC_0.05_6
2,4087.0,2,Female,mc_prob_0.2_FC_0.05_6
3,4059.0,3,Female,mc_prob_0.2_FC_0.05_6
4,4147.0,4,Female,mc_prob_0.2_FC_0.05_6
5,4068.0,5,Female,mc_prob_0.2_FC_0.05_6
6,4125.0,6,Female,mc_prob_0.2_FC_0.05_6
7,3980.0,7,Female,mc_prob_0.2_FC_0.05_6
8,3992.0,8,Female,mc_prob_0.2_FC_0.05_6
9,3962.0,9,Female,mc_prob_0.2_FC_0.05_6
10,3831.0,10,Female,mc_prob_0.2_FC_0.05_6
11,3796.0,11,Female,mc_prob_0.2_FC_0.05_6
12,3789.0,12,Female,mc_prob_0.2_FC_0.05_6
13,3631.0,13,Female,mc_prob_0.2_FC_0.05_6
14,3669.0,14,Female,mc_prob_0.2_FC_0.05_6
15,3613.0,15,Female,mc_prob_0.2_FC_0.05_6
16,3434.0,16,Female,mc_prob_0.2_FC_0.05_6
17,3316.0,17,Female,mc_prob_0.2_FC_0.05_6
18,3331.0,18,Female,mc_prob_0.2_FC_0.05_6
19,3301.0,19,Female,mc_prob_0.2_FC_0.05_6
20,3198.0,20,Female,mc_prob_0.2_FC_0.05_6
21,2874.0,21,Female,mc_prob_0.2_FC_0.05_6
22,2259.0,22,Female,mc_prob_0.2_FC_0.05_6
23,1255.0,23,Female,mc_prob_0.2_FC_0.05_6
24,325.0,24,Female,mc_prob_0.2_FC_0.05_6
25,199.0,25,Female,mc_prob_0.2_FC_0.05_6
26,40.0,26,Female,mc_prob_0.2_FC_0.05_6
27,1.0,27,Female,mc_prob_0.2_FC_0.05_6
28,0.0,28,Female,mc_prob_0.2_FC_0.05_6
29,0.0,29,Female,mc_prob_0.2_FC_0.05_6
30,0.0,30,Female,mc_prob_0.2_FC_0.05_6
31,0.0,31,Female,mc_prob_0.2_FC_0.05_6
32,0.0,32,Female,mc_prob_0.2_FC_0.05_6
33,0.0,33,Female,mc_prob_0.2_FC_0.05_6
34,0.0,34,Female,mc_prob_0.2_FC_0.05_6
35,0.0,35,Female,mc_prob_0.2_FC_0.05_6
36,0.0,36,Female,mc_prob_0.2_FC_0.05_6
37,0.0,37,Female,mc_prob_0.2_FC_0.05_6
38,0.0,38,Female,mc_prob_0.2_FC_0.05_6
39,0.0,39,Female,mc_prob_0.2_FC_0.05_6
40,0.0,40,Female,mc_prob_0.2_FC_0.05_6
41,0.0,41,Female,mc_prob_0.2_FC_0.05_6
42,0.0,42,Female,mc_prob_0.2_FC_0.05_6
43,0.0,43,Female,mc_prob_0.2_FC_0.05_6
44,0.0,44,Female,mc_prob_0.2_FC_0.05_6
45,0.0,45,Female,mc_prob_0.2_FC_0.05_6
46,0.0,46,Female,mc_prob_0.2_FC_0.05_6
47,0.0,47,Female,mc_prob_0.2_FC_0.05_6
48,0.0,48,Female,mc_prob_0.2_FC_0.05_6
49,0.0,49,Female,mc_prob_0.2_FC_0.05_6
50,0.0,50,Female,mc_prob_0.2_FC_0.05_6
51,5000.0,0,Male,mc_prob_0.2_FC_0.05_6
52,4338.0,1,Male,mc_prob_0.2_FC_0.05_6
53,4126.0,2,Male,mc_prob_0.2_FC_0.05_6
54,4075.0,3,Male,mc_prob_0.2_FC_0.05_6
55,4380.0,4,Male,mc_prob_0.2_FC_0.05_6
56,4158.0,5,Male,mc_prob_0.2_FC_0.05_6
57,4169.0,6,Male,mc_prob_0.2_FC_0.05_6
58,4068.0,7,Male,mc_prob_0.2_FC_0.05_6
59,3999.0,8,Male,mc_prob_0.2_FC_0.05_6
60,3968.0,9,Male,mc_prob_0.2_FC_0.05_6
61,3914.0,10,Male,mc_prob_0.2_FC_0.05_6
62,3900.0,11,Male,mc_prob_0.2_FC_0.05_6
63,3917.0,12,Male,mc_prob_0.2_FC_0.05_6
64,3765.0,13,Male,mc_prob_0.2_FC_0.05_6
65,3723.0,14,Male,mc_prob_0.2_FC_0.05_6
66,3703.0,15,Male,mc_prob_0.2_FC_0.05_6
67,3604.0,16,Male,mc_prob_0.2_FC_0.05_6
68,3389.0,17,Male,mc_prob_0.2_FC_0.05_6
69,3359.0,18,Male,mc_prob_0.2_FC_0.05_6
70,3370.0,19,Male,mc_prob_0.2_FC_0.05_6
71,3349.0,20,Male,mc_prob_0.2_FC_0.05_6
72,3018.0,21,Male,mc_prob_0.2_FC_0.05_6
73,2265.0,22,Male,mc_prob_0.2_FC_0.05_6
74,1258.0,23,Male,mc_prob_0.2_FC_0.05_6
75,349.0,24,Male,mc_prob_0.2_FC_0.05_6
76,203.0,25,Male,mc_prob_0.2_FC_0.05_6
77,52.0,26,Male,mc_prob_0.2_FC_0.05_6
78,1.0,27,Male,mc_prob_0.2_FC_0.05_6
79,0.0,28,Male,mc_prob_0.2_FC_0.05_6
80,0.0,29,Male,mc_prob_0.2_FC_0.05_6
81,0.0,30,Male,mc_prob_0.2_FC_0.05_6
82,0.0,31,Male,mc_prob_0.2_FC_0.05_6
83,0.0,32,Male,mc_prob_0.2_FC_0.05_6
84,0.0,33,Male,mc_prob_0.2_FC_0.05_6
85,0.0,34,Male,mc_prob_0.2_FC_0.05_6
86,0.0,35,Male,mc_prob_0.2_FC_0.05_6
87,0.0,36,Male,mc_prob_0.2_FC_0.05_6
88,0.0,37,Male,mc_prob_0.2_FC_0.05_6
89,0.0,38,Male,mc_prob_0.2_FC_0.05_6
90,0.0,39,Male,mc_prob_0.2_FC_0.05_6
91,0.0,40,Male,mc_prob_0.2_FC_0.05_6
92,0.0,41,Male,mc_prob_0.2_FC_0.05_6
93,0.0,42,Male,mc_prob_0.2_FC_0.05_6
94,0.0,43,Male,mc_prob_0.2_FC_0.05_6
95,0.0,44,Male,mc_prob_0.2_FC_0.05_6
96,0.0,45,Male,mc_prob_0.2_FC_0.05_6
97,0.0,46,Male,mc_prob_0.2_FC_0.05_6
98,0.0,47,Male,mc_prob_0.2_FC_0.05_6
99,0.0,48,Male,mc_prob_0.2_FC_0.05_6
100,0.0,49,Male,mc_prob_0.2_FC_0.05_6
101,0.0,50,Male,mc_prob_0.2_FC_0.05_6
,Count,Generation,Sex,Run
0,7000.0,0,Female,mc_prob_0.2_FC_0.05_7
1,4268.0,1,Female,mc_prob_0.2_FC_0.05_7
2,4151.0,2,Female,mc_prob_0.2_FC_0.05_7
3,4089.0,3,Female,mc_prob_0.2_FC_0.05_7
4,4007.0,4,Female,mc_prob_0.2_FC_0.05_7
5,4022.0,5,Female,mc_prob_0.2_FC_0.05_7
6,4132.0,6,Female,mc_prob_0.2_FC_0.05_7
7,4074.0,7,Female,mc_prob_0.2_FC_0.05_7
8,4032.0,8,Female,mc_prob_0.2_FC_0.05_7
9,3939.0,9,Female,mc_prob_0.2_FC_0.05_7
10,3973.0,10,Female,mc_prob_0.2_FC_0.05_7
11,3869.0,11,Female,mc_prob_0.2_FC_0.05_7
12,3793.0,12,Female,mc_prob_0.2_FC_0.05_7
13,3893.0,13,Female,mc_prob_0.2_FC_0.05_7
14,3856.0,14,Female,mc_prob_0.2_FC_0.05_7
15,3689.0,15,Female,mc_prob_0.2_FC_0.05_7
16,3547.0,16,Female,mc_prob_0.2_FC_0.05_7
17,3579.0,17,Female,mc_prob_0.2_FC_0.05_7
18,3436.0,18,Female,mc_prob_0.2_FC_0.05_7
19,3503.0,19,Female,mc_prob_0.2_FC_0.05_7
20,3481.0,20,Female,mc_prob_0.2_FC_0.05_7
21,3337.0,21,Female,mc_prob_0.2_FC_0.05_7
22,3282.0,22,Female,mc_prob_0.2_FC_0.05_7
23,2848.0,23,Female,mc_prob_0.2_FC_0.05_7
24,1878.0,24,Female,mc_prob_0.2_FC_0.05_7
25,708.0,25,Female,mc_prob_0.2_FC_0.05_7
26,169.0,26,Female,mc_prob_0.2_FC_0.05_7
27,56.0,27,Female,mc_prob_0.2_FC_0.05_7
28,0.0,28,Female,mc_prob_0.2_FC_0.05_7
29,0.0,29,Female,mc_prob_0.2_FC_0.05_7
30,0.0,30,Female,mc_prob_0.2_FC_0.05_7
31,0.0,31,Female,mc_prob_0.2_FC_0.05_7
32,0.0,32,Female,mc_prob_0.2_FC_0.05_7
33,0.0,33,Female,mc_prob_0.2_FC_0.05_7
34,0.0,34,Female,mc_prob_0.2_FC_0.05_7
35,0.0,35,Female,mc_prob_0.2_FC_0.05_7
36,0.0,36,Female,mc_prob_0.2_FC_0.05_7
37,0.0,37,Female,mc_prob_0.2_FC_0.05_7
38,0.0,38,Female,mc_prob_0.2_FC_0.05_7
39,0.0,39,Female,mc_prob_0.2_FC_0.05_7
40,0.0,40,Female,mc_prob_0.2_FC_0.05_7
41,0.0,41,Female,mc_prob_0.2_FC_0.05_7
42,0.0,42,Female,mc_prob_0.2_FC_0.05_7
43,0.0,43,Female,mc_prob_0.2_FC_0.05_7
44,0.0,44,Female,mc_prob_0.2_FC_0.05_7
45,0.0,45,Female,mc_prob_0.2_FC_0.05_7
46,0.0,46,Female,mc_prob_0.2_FC_0.05_7
47,0.0,47,Female,mc_prob_0.2_FC_0.05_7
48,0.0,48,Female,mc_prob_0.2_FC_0.05_7
49,0.0,49,Female,mc_prob_0.2_FC_0.05_7
50,0.0,50,Female,mc_prob_0.2_FC_0.05_7
51,5000.0,0,Male,mc_prob_0.2_FC_0.05_7
52,4281.0,1,Male,mc_prob_0.2_FC_0.05_7
53,4340.0,2,Male,mc_prob_0.2_FC_0.05_7
54,4160.0,3,Male,mc_prob_0.2_FC_0.05_7
55,4207.0,4,Male,mc_prob_0.2_FC_0.05_7
56,4027.0,5,Male,mc_prob_0.2_FC_0.05_7
57,4147.0,6,Male,mc_prob_0.2_FC_0.05_7
58,4253.0,7,Male,mc_prob_0.2_FC_0.05_7
59,4146.0,8,Male,mc_prob_0.2_FC_0.05_7
60,3942.0,9,Male,mc_prob_0.2_FC_0.05_7
61,4006.0,10,Male,mc_prob_0.2_FC_0.05_7
62,4002.0,11,Male,mc_prob_0.2_FC_0.05_7
63,3814.0,12,Male,mc_prob_0.2_FC_0.05_7
64,3899.0,13,Male,mc_prob_0.2_FC_0.05_7
65,3886.0,14,Male,mc_prob_0.2_FC_0.05_7
66,3864.0,15,Male,mc_prob_0.2_FC_0.05_7
67,3561.0,16,Male,mc_prob_0.2_FC_0.05_7
68,3714.0,17,Male,mc_prob_0.2_FC_0.05_7
69,3516.0,18,Male,mc_prob_0.2_FC_0.05_7
70,3525.0,19,Male,mc_prob_0.2_FC_0.05_7
71,3501.0,20,Male,mc_prob_0.2_FC_0.05_7
72,3433.0,21,Male,mc_prob_0.2_FC_0.05_7
73,3375.0,22,Male,mc_prob_0.2_FC_0.05_7
74,2893.0,23,Male,mc_prob_0.2_FC_0.05_7
75,1888.0,24,Male,mc_prob_0.2_FC_0.05_7
76,711.0,25,Male,mc_prob_0.2_FC_0.05_7
77,177.0,26,Male,mc_prob_0.2_FC_0.05_7
78,62.0,27,Male,mc_prob_0.2_FC_0.05_7
79,0.0,28,Male,mc_prob_0.2_FC_0.05_7
80,0.0,29,Male,mc_prob_0.2_FC_0.05_7
81,0.0,30,Male,mc_prob_0.2_FC_0.05_7
82,0.0,31,Male,mc_prob_0.2_FC_0.05_7
83,0.0,32,Male,mc_prob_0.2_FC_0.05_7
84,0.0,33,Male,mc_prob_0.2_FC_0.05_7
85,0.0,34,Male,mc_prob_0.2_FC_0.05_7
86,0.0,35,Male,mc_prob_0.2_FC_0.05_7
87,0.0,36,Male,mc_prob_0.2_FC_0.05_7
88,0.0,37,Male,mc_prob_0.2_FC_0.05_7
89,0.0,38,Male,mc_prob_0.2_FC_0.05_7
90,0.0,39,Male,mc_prob_0.2_FC_0.05_7
91,0.0,40,Male,mc_prob_0.2_FC_0.05_7
92,0.0,41,Male,mc_prob_0.2_FC_0.05_7
93,0.0,42,Male,mc_prob_0.2_FC_0.05_7
94,0.0,43,Male,mc_prob_0.2_FC_0.05_7
95,0.0,44,Male,mc_prob_0.2_FC_0.05_7
96,0.0,45,Male,mc_prob_0.2_FC_0.05_7
97,0.0,46,Male,mc_prob_0.2_FC_0.05_7
98,0.0,47,Male,mc_prob_0.2_FC_0.05_7
99,0.0,48,Male,mc_prob_0.2_FC_0.05_7
100,0.0,49,Male,mc_prob_0.2_FC_0.05_7
101,0.0,50,Male,mc_prob_0.2_FC_0.05_7
,Count,Generation,Sex,Run
0,7000.0,0,Female,mc_prob_0.2_FC_0.05_8
1,4125.0,1,Female,mc_prob_0.2_FC_0.05_8
2,3986.0,2,Female,mc_prob_0.2_FC_0.05_8
3,4041.0,3,Female,mc_prob_0.2_FC_0.05_8
4,4165.0,4,Female,mc_prob_0.2_FC_0.05_8
5,4233.0,5,Female,mc_prob_0.2_FC_0.05_8
6,4159.0,6,Female,mc_prob_0.2_FC_0.05_8
7,4050.0,7,Female,mc_prob_0.2_FC_0.05_8
8,3937.0,8,Female,mc_prob_0.2_FC_0.05_8
9,3925.0,9,Female,mc_prob_0.2_FC_0.05_8
10,3974.0,10,Female,mc_prob_0.2_FC_0.05_8
11,3863.0,11,Female,mc_prob_0.2_FC_0.05_8
12,3831.0,12,Female,mc_prob_0.2_FC_0.05_8
13,3818.0,13,Female,mc_prob_0.2_FC_0.05_8
14,3801.0,14,Female,mc_prob_0.2_FC_0.05_8
15,3653.0,15,Female,mc_prob_0.2_FC_0.05_8
16,3566.0,16,Female,mc_prob_0.2_FC_0.05_8
17,3530.0,17,Female,mc_prob_0.2_FC_0.05_8
18,3468.0,18,Female,mc_prob_0.2_FC_0.05_8
19,3400.0,19,Female,mc_prob_0.2_FC_0.05_8
20,3548.0,20,Female,mc_prob_0.2_FC_0.05_8
21,3345.0,21,Female,mc_prob_0.2_FC_0.05_8
22,3225.0,22,Female,mc_prob_0.2_FC_0.05_8
23,2561.0,23,Female,mc_prob_0.2_FC_0.05_8
24,1734.0,24,Female,mc_prob_0.2_FC_0.05_8
25,589.0,25,Female,mc_prob_0.2_FC_0.05_8
26,229.0,26,Female,mc_prob_0.2_FC_0.05_8
27,42.0,27,Female,mc_prob_0.2_FC_0.05_8
28,9.0,28,Female,mc_prob_0.2_FC_0.05_8
29,0.0,29,Female,mc_prob_0.2_FC_0.05_8
30,0.0,30,Female,mc_prob_0.2_FC_0.05_8
31,0.0,31,Female,mc_prob_0.2_FC_0.05_8
32,0.0,32,Female,mc_prob_0.2_FC_0.05_8
33,0.0,33,Female,mc_prob_0.2_FC_0.05_8
34,0.0,34,Female,mc_prob_0.2_FC_0.05_8
35,0.0,35,Female,mc_prob_0.2_FC_0.05_8
36,0.0,36,Female,mc_prob_0.2_FC_0.05_8
37,0.0,37,Female,mc_prob_0.2_FC_0.05_8
38,0.0,38,Female,mc_prob_0.2_FC_0.05_8
39,0.0,39,Female,mc_prob_0.2_FC_0.05_8
40,0.0,40,Female,mc_prob_0.2_FC_0.05_8
41,0.0,41,Female,mc_prob_0.2_FC_0.05_8
42,0.0,42,Female,mc_prob_0.2_FC_0.05_8
43,0.0,43,Female,mc_prob_0.2_FC_0.05_8
44,0.0,44,Female,mc_prob_0.2_FC_0.05_8
45,0.0,45,Female,mc_prob_0.2_FC_0.05_8
46,0.0,46,Female,mc_prob_0.2_FC_0.05_8
47,0.0,47,Female,mc_prob_0.2_FC_0.05_8
48,0.0,48,Female,mc_prob_0.2_FC_0.05_8
49,0.0,49,Female,mc_prob_0.2_FC_0.05_8
50,0.0,50,Female,mc_prob_0.2_FC_0.05_8
51,5000.0,0,Male,mc_prob_0.2_FC_0.05_8
52,4240.0,1,Male,mc_prob_0.2_FC_0.05_8
53,4151.0,2,Male,mc_prob_0.2_FC_0.05_8
54,4100.0,3,Male,mc_prob_0.2_FC_0.05_8
55,4188.0,4,Male,mc_prob_0.2_FC_0.05_8
56,4247.0,5,Male,mc_prob_0.2_FC_0.05_8
57,4201.0,6,Male,mc_prob_0.2_FC_0.05_8
58,4183.0,7,Male,mc_prob_0.2_FC_0.05_8
59,4108.0,8,Male,mc_prob_0.2_FC_0.05_8
60,3933.0,9,Male,mc_prob_0.2_FC_0.05_8
61,4068.0,10,Male,mc_prob_0.2_FC_0.05_8
62,3940.0,11,Male,mc_prob_0.2_FC_0.05_8
63,3891.0,12,Male,mc_prob_0.2_FC_0.05_8
64,3829.0,13,Male,mc_prob_0.2_FC_0.05_8
65,3945.0,14,Male,mc_prob_0.2_FC_0.05_8
66,3748.0,15,Male,mc_prob_0.2_FC_0.05_8
67,3601.0,16,Male,mc_prob_0.2_FC_0.05_8
68,3543.0,17,Male,mc_prob_0.2_FC_0.05_8
69,3552.0,18,Male,mc_prob_0.2_FC_0.05_8
70,3403.0,19,Male,mc_prob_0.2_FC_0.05_8
71,3563.0,20,Male,mc_prob_0.2_FC_0.05_8
72,3385.0,21,Male,mc_prob_0.2_FC_0.05_8
73,3233.0,22,Male,mc_prob_0.2_FC_0.05_8
74,2620.0,23,Male,mc_prob_0.2_FC_0.05_8
75,1757.0,24,Male,mc_prob_0.2_FC_0.05_8
76,589.0,25,Male,mc_prob_0.2_FC_0.05_8
77,243.0,26,Male,mc_prob_0.2_FC_0.05_8
78,49.0,27,Male,mc_prob_0.2_FC_0.05_8
79,9.0,28,Male,mc_prob_0.2_FC_0.05_8
80,0.0,29,Male,mc_prob_0.2_FC_0.05_8
81,0.0,30,Male,mc_prob_0.2_FC_0.05_8
82,0.0,31,Male,mc_prob_0.2_FC_0.05_8
83,0.0,32,Male,mc_prob_0.2_FC_0.05_8
84,0.0,33,Male,mc_prob_0.2_FC_0.05_8
85,0.0,34,Male,mc_prob_0.2_FC_0.05_8
86,0.0,35,Male,mc_prob_0.2_FC_0.05_8
87,0.0,36,Male,mc_prob_0.2_FC_0.05_8
88,0.0,37,Male,mc_prob_0.2_FC_0.05_8
89,0.0,38,Male,mc_prob_0.2_FC_0.05_8
90,0.0,39,Male,mc_prob_0.2_FC_0.05_8
91,0.0,40,Male,mc_prob_0.2_FC_0.05_8
92,0.0,41,Male,mc_prob_0.2_FC_0.05_8
93,0.0,42,Male,mc_prob_0.2_FC_0.05_8
94,0.0,43,Male,mc_prob_0.2_FC_0.05_8
95,0.0,44,Male,mc_prob_0.2_FC_0.05_8
96,0.0,45,Male,mc_prob_0.2_FC_0.05_8
97,0.0,46,Male,mc_prob_0.2_FC_0.05_8
98,0.0,47,Male,mc_prob_0.2_FC_0.05_8
99,0.0,48,Male,mc_prob_0.2_FC_0.05_8
100,0.0,49,Male,mc_prob_0.2_FC_0.05_8
101,0.0,50,Male,mc_prob_0.2_FC_0.05_8
,Count,Generation,Sex,Run
0,7000.0,0,Female,mc_prob_0.2_FC_0.05_9
1,4170.0,1,Female,mc_prob_0.2_FC_0.05_9
2,4202.0,2,Female,mc_prob_0.2_FC_0.05_9
3,4208.0,3,Female,mc_prob_0.2_FC_0.05_9
4,4093.0,4,Female,mc_prob_0.2_FC_0.05_9
5,4221.0,5,Female,mc_prob_0.2_FC_0.05_9
6,4170.0,6,Female,mc_prob_0.2_FC_0.05_9
7,4157.0,7,Female,mc_prob_0.2_FC_0.05_9
8,4084.0,8,Female,mc_prob_0.2_FC_0.05_9
9,4090.0,9,Female,mc_prob_0.2_FC_0.05_9
10,4038.0,10,Female,mc_prob_0.2_FC_0.05_9
11,3902.0,11,Female,mc_prob_0.2_FC_0.05_9
12,3874.0,12,Female,mc_prob_0.2_FC_0.05_9
13,3896.0,13,Female,mc_prob_0.2_FC_0.05_9
14,3780.0,14,Female,mc_prob_0.2_FC_0.05_9
15,3882.0,15,Female,mc_prob_0.2_FC_0.05_9
16,3796.0,16,Female,mc_prob_0.2_FC_0.05_9
17,3693.0,17,Female,mc_prob_0.2_FC_0.05_9
18,3636.0,18,Female,mc_prob_0.2_FC_0.05_9
19,3607.0,19,Female,mc_prob_0.2_FC_0.05_9
20,3572.0,20,Female,mc_prob_0.2_FC_0.05_9
21,3473.0,21,Female,mc_prob_0.2_FC_0.05_9
22,3443.0,22,Female,mc_prob_0.2_FC_0.05_9
23,3299.0,23,Female,mc_prob_0.2_FC_0.05_9
24,3271.0,24,Female,mc_prob_0.2_FC_0.05_9
25,3153.0,25,Female,mc_prob_0.2_FC_0.05_9
26,2533.0,26,Female,mc_prob_0.2_FC_0.05_9
27,1448.0,27,Female,mc_prob_0.2_FC_0.05_9
28,541.0,28,Female,mc_prob_0.2_FC_0.05_9
29,182.0,29,Female,mc_prob_0.2_FC_0.05_9
30,36.0,30,Female,mc_prob_0.2_FC_0.05_9
31,22.0,31,Female,mc_prob_0.2_FC_0.05_9
32,5.0,32,Female,mc_prob_0.2_FC_0.05_9
33,0.0,33,Female,mc_prob_0.2_FC_0.05_9
34,0.0,34,Female,mc_prob_0.2_FC_0.05_9
35,0.0,35,Female,mc_prob_0.2_FC_0.05_9
36,0.0,36,Female,mc_prob_0.2_FC_0.05_9
37,0.0,37,Female,mc_prob_0.2_FC_0.05_9
38,0.0,38,Female,mc_prob_0.2_FC_0.05_9
39,0.0,39,Female,mc_prob_0.2_FC_0.05_9
40,0.0,40,Female,mc_prob_0.2_FC_0.05_9
41,0.0,41,Female,mc_prob_0.2_FC_0.05_9
42,0.0,42,Female,mc_prob_0.2_FC_0.05_9
43,0.0,43,Female,mc_prob_0.2_FC_0.05_9
44,0.0,44,Female,mc_prob_0.2_FC_0.05_9
45,0.0,45,Female,mc_prob_0.2_FC_0.05_9
46,0.0,46,Female,mc_prob_0.2_FC_0.05_9
47,0.0,47,Female,mc_prob_0.2_FC_0.05_9
48,0.0,48,Female,mc_prob_0.2_FC_0.05_9
49,0.0,49,Female,mc_prob_0.2_FC_0.05_9
50,0.0,50,Female,mc_prob_0.2_FC_0.05_9
51,5000.0,0,Male,mc_prob_0.2_FC_0.05_9
52,4178.0,1,Male,mc_prob_0.2_FC_0.05_9
53,4227.0,2,Male,mc_prob_0.2_FC_0.05_9
54,4312.0,3,Male,mc_prob_0.2_FC_0.05_9
55,4194.0,4,Male,mc_prob_0.2_FC_0.05_9
56,4236.0,5,Male,mc_prob_0.2_FC_0.05_9
57,4199.0,6,Male,mc_prob_0.2_FC_0.05_9
58,4211.0,7,Male,mc_prob_0.2_FC_0.05_9
59,4097.0,8,Male,mc_prob_0.2_FC_0.05_9
60,4201.0,9,Male,mc_prob_0.2_FC_0.05_9
61,4052.0,10,Male,mc_prob_0.2_FC_0.05_9
62,3994.0,11,Male,mc_prob_0.2_FC_0.05_9
63,3938.0,12,Male,mc_prob_0.2_FC_0.05_9
64,3964.0,13,Male,mc_prob_0.2_FC_0.05_9
65,3847.0,14,Male,mc_prob_0.2_FC_0.05_9
66,3931.0,15,Male,mc_prob_0.2_FC_0.05_9
67,3831.0,16,Male,mc_prob_0.2_FC_0.05_9
68,3694.0,17,Male,mc_prob_0.2_FC_0.05_9
69,3705.0,18,Male,mc_prob_0.2_FC_0.05_9
70,3642.0,19,Male,mc_prob_0.2_FC_0.05_9
71,3597.0,20,Male,mc_prob_0.2_FC_0.05_9
72,3514.0,21,Male,mc_prob_0.2_FC_0.05_9
73,3446.0,22,Male,mc_prob_0.2_FC_0.05_9
74,3360.0,23,Male,mc_prob_0.2_FC_0.05_9
75,3309.0,24,Male,mc_prob_0.2_FC_0.05_9
76,3242.0,25,Male,mc_prob_0.2_FC_0.05_9
77,2563.0,26,Male,mc_prob_0.2_FC_0.05_9
78,1458.0,27,Male,mc_prob_0.2_FC_0.05_9
79,543.0,28,Male,mc_prob_0.2_FC_0.05_9
80,217.0,29,Male,mc_prob_0.2_FC_0.05_9
81,46.0,30,Male,mc_prob_0.2_FC_0.05_9
82,22.0,31,Male,mc_prob_0.2_FC_0.05_9
83,10.0,32,Male,mc_prob_0.2_FC_0.05_9
84,0.0,33,Male,mc_prob_0.2_FC_0.05_9
85,0.0,34,Male,mc_prob_0.2_FC_0.05_9
86,0.0,35,Male,mc_prob_0.2_FC_0.05_9
87,0.0,36,Male,mc_prob_0.2_FC_0.05_9
88,0.0,37,Male,mc_prob_0.2_FC_0.05_9
89,0.0,38,Male,mc_prob_0.2_FC_0.05_9
90,0.0,39,Male,mc_prob_0.2_FC_0.05_9
91,0.0,40,Male,mc_prob_0.2_FC_0.05_9
92,0.0,41,Male,mc_prob_0.2_FC_0.05_9
93,0.0,42,Male,mc_prob_0.2_FC_0.05_9
94,0.0,43,Male,mc_prob_0.2_FC_0.05_9
95,0.0,44,Male,mc_prob_0.2_FC_0.05_9
96,0.0,45,Male,mc_prob_0.2_FC_0.05_9
97,0.0,46,Male,mc_prob_0.2_FC_0.05_9
98,0.0,47,Male,mc_prob_0.2_FC_0.05_9
99,0.0,48,Male,mc_prob_0.2_FC_0.05_9
100,0.0,49,Male,mc_prob_0.2_FC_0.05_9
101,0.0,50,Male,mc_prob_0.2_FC_0.05_9
,Count,Generation,Sex,Run
0,7000.0,0,Female,mc_prob_0.2_FC_0.05_10
1,4230.0,1,Female,mc_prob_0.2_FC_0.05_10
2,4038.0,2,Female,mc_prob_0.2_FC_0.05_10
3,4024.0,3,Female,mc_prob_0.2_FC_0.05_10
4,4137.0,4,Female,mc_prob_0.2_FC_0.05_10
5,4085.0,5,Female,mc_prob_0.2_FC_0.05_10
6,4067.0,6,Female,mc_prob_0.2_FC_0.05_10
7,4087.0,7,Female,mc_prob_0.2_FC_0.05_10
8,3934.0,8,Female,mc_prob_0.2_FC_0.05_10
9,3860.0,9,Female,mc_prob_0.2_FC_0.05_10
10,4003.0,10,Female,mc_prob_0.2_FC_0.05_10
11,3963.0,11,Female,mc_prob_0.2_FC_0.05_10
12,3849.0,12,Female,mc_prob_0.2_FC_0.05_10
13,3831.0,13,Female,mc_prob_0.2_FC_0.05_10
14,3775.0,14,Female,mc_prob_0.2_FC_0.05_10
15,3577.0,15,Female,mc_prob_0.2_FC_0.05_10
16,3513.0,16,Female,mc_prob_0.2_FC_0.05_10
17,3556.0,17,Female,mc_prob_0.2_FC_0.05_10
18,3472.0,18,Female,mc_prob_0.2_FC_0.05_10
19,3410.0,19,Female,mc_prob_0.2_FC_0.05_10
20,3399.0,20,Female,mc_prob_0.2_FC_0.05_10
21,3271.0,21,Female,mc_prob_0.2_FC_0.05_10
22,3125.0,22,Female,mc_prob_0.2_FC_0.05_10
23,2193.0,23,Female,mc_prob_0.2_FC_0.05_10
24,1022.0,24,Female,mc_prob_0.2_FC_0.05_10
25,470.0,25,Female,mc_prob_0.2_FC_0.05_10
26,140.0,26,Female,mc_prob_0.2_FC_0.05_10
27,28.0,27,Female,mc_prob_0.2_FC_0.05_10
28,0.0,28,Female,mc_prob_0.2_FC_0.05_10
29,0.0,29,Female,mc_prob_0.2_FC_0.05_10
30,0.0,30,Female,mc_prob_0.2_FC_0.05_10
31,0.0,31,Female,mc_prob_0.2_FC_0.05_10
32,0.0,32,Female,mc_prob_0.2_FC_0.05_10
33,0.0,33,Female,mc_prob_0.2_FC_0.05_10
34,0.0,34,Female,mc_prob_0.2_FC_0.05_10
35,0.0,35,Female,mc_prob_0.2_FC_0.05_10
36,0.0,36,Female,mc_prob_0.2_FC_0.05_10
37,0.0,37,Female,mc_prob_0.2_FC_0.05_10
38,0.0,38,Female,mc_prob_0.2_FC_0.05_10
39,0.0,39,Female,mc_prob_0.2_FC_0.05_10
40,0.0,40,Female,mc_prob_0.2_FC_0.05_10
41,0.0,41,Female,mc_prob_0.2_FC_0.05_10
42,0.0,42,Female,mc_prob_0.2_FC_0.05_10
43,0.0,43,Female,mc_prob_0.2_FC_0.05_10
44,0.0,44,Female,mc_prob_0.2_FC_0.05_10
45,0.0,45,Female,mc_prob_0.2_FC_0.05_10
46,0.0,46,Female,mc_prob_0.2_FC_0.05_10
47,0.0,47,Female,mc_prob_0.2_FC_0.05_10
48,0.0,48,Female,mc_prob_0.2_FC_0.05_10
49,0.0,49,Female,mc_prob_0.2_FC_0.05_10
50,0.0,50,Female,mc_prob_0.2_FC_0.05_10
51,5000.0,0,Male,mc_prob_0.2_FC_0.05_10
52,4288.0,1,Male,mc_prob_0.2_FC_0.05_10
53,4228.0,2,Male,mc_prob_0.2_FC_0.05_10
54,4112.0,3,Male,mc_prob_0.2_FC_0.05_10
55,4197.0,4,Male,mc_prob_0.2_FC_0.05_10
56,4146.0,5,Male,mc_prob_0.2_FC_0.05_10
57,4148.0,6,Male,mc_prob_0.2_FC_0.05_10
58,4206.0,7,Male,mc_prob_0.2_FC_0.05_10
59,4094.0,8,Male,mc_prob_0.2_FC_0.05_10
60,3899.0,9,Male,mc_prob_0.2_FC_0.05_10
61,4021.0,10,Male,mc_prob_0.2_FC_0.05_10
62,4042.0,11,Male,mc_prob_0.2_FC_0.05_10
63,3920.0,12,Male,mc_prob_0.2_FC_0.05_10
64,3894.0,13,Male,mc_prob_0.2_FC_0.05_10
65,3843.0,14,Male,mc_prob_0.2_FC_0.05_10
66,3685.0,15,Male,mc_prob_0.2_FC_0.05_10
67,3624.0,16,Male,mc_prob_0.2_FC_0.05_10
68,3571.0,17,Male,mc_prob_0.2_FC_0.05_10
69,3493.0,18,Male,mc_prob_0.2_FC_0.05_10
70,3431.0,19,Male,mc_prob_0.2_FC_0.05_10
71,3498.0,20,Male,mc_prob_0.2_FC_0.05_10
72,3271.0,21,Male,mc_prob_0.2_FC_0.05_10
73,3144.0,22,Male,mc_prob_0.2_FC_0.05_10
74,2262.0,23,Male,mc_prob_0.2_FC_0.05_10
75,1051.0,24,Male,mc_prob_0.2_FC_0.05_10
76,491.0,25,Male,mc_prob_0.2_FC_0.05_10
77,142.0,26,Male,mc_prob_0.2_FC_0.05_10
78,33.0,27,Male,mc_prob_0.2_FC_0.05_10
79,0.0,28,Male,mc_prob_0.2_FC_0.05_10
80,0.0,29,Male,mc_prob_0.2_FC_0.05_10
81,0.0,30,Male,mc_prob_0.2_FC_0.05_10
82,0.0,31,Male,mc_prob_0.2_FC_0.05_10
83,0.0,32,Male,mc_prob_0.2_FC_0.05_10
84,0.0,33,Male,mc_prob_0.2_FC_0.05_10
85,0.0,34,Male,mc_prob_0.2_FC_0.05_10
86,0.0,35,Male,mc_prob_0.2_FC_0.05_10
87,0.0,36,Male,mc_prob_0.2_FC_0.05_10
88,0.0,37,Male,mc_prob_0.2_FC_0.05_10
89,0.0,38,Male,mc_prob_0.2_FC_0.05_10
90,0.0,39,Male,mc_prob_0.2_FC_0.05_10
91,0.0,40,Male,mc_prob_0.2_FC_0.05_10
92,0.0,41,Male,mc_prob_0.2_FC_0.05_10
93,0.0,42,Male,mc_prob_0.2_FC_0.05_10
94,0.0,43,Male,mc_prob_0.2_FC_0.05_10
95,0.0,44,Male,mc_prob_0.2_FC_0.05_10
96,0.0,45,Male,mc_prob_0.2_FC_0.05_10
97,0.0,46,Male,mc_prob_0.2_FC_0.05_10
98,0.0,47,Male,mc_prob_0.2_FC_0.05_10
99,0.0,48,Male,mc_prob_0.2_FC_0.05_10
100,0.0,49,Male,mc_prob_0.2_FC_0.05_10
101,0.0,50,Male,mc_prob_0.2_FC_0.05_10
,Count,Generation,Sex,Run
0,7000,0,Female,mc_prob_0.2_FC_0.1_1
1,4105,1,Female,mc_prob_0.2_FC_0.1_1
2,4164,2,Female,mc_prob_0.2_FC_0.1_1
3,4172,3,Female,mc_prob_0.2_FC_0.1_1
4,4220,4,Female,mc_prob_0.2_FC_0.1_1
5,4062,5,Female,mc_prob_0.2_FC_0.1_1
6,4109,6,Female,mc_prob_0.2_FC_0.1_1
7,4213,7,Female,mc_prob_0.2_FC_0.1_1
8,4148,8,Female,mc_prob_0.2_FC_0.1_1
9,4196,9,Female,mc_prob_0.2_FC_0.1_1
10,4065,10,Female,mc_prob_0.2_FC_0.1_1
11,4057,11,Female,mc_prob_0.2_FC_0.1_1
12,4075,12,Female,mc_prob_0.2_FC_0.1_1
13,4105,13,Female,mc_prob_0.2_FC_0.1_1
14,4131,14,Female,mc_prob_0.2_FC_0.1_1
15,4331,15,Female,mc_prob_0.2_FC_0.1_1
16,4228,16,Female,mc_prob_0.2_FC_0.1_1
17,4205,17,Female,mc_prob_0.2_FC_0.1_1
18,4177,18,Female,mc_prob_0.2_FC_0.1_1
19,4287,19,Female,mc_prob_0.2_FC_0.1_1
20,4288,20,Female,mc_prob_0.2_FC_0.1_1
21,4219,21,Female,mc_prob_0.2_FC_0.1_1
22,4295,22,Female,mc_prob_0.2_FC_0.1_1
23,4379,23,Female,mc_prob_0.2_FC_0.1_1
24,4324,24,Female,mc_prob_0.2_FC_0.1_1
25,4275,25,Female,mc_prob_0.2_FC_0.1_1
26,4342,26,Female,mc_prob_0.2_FC_0.1_1
27,4511,27,Female,mc_prob_0.2_FC_0.1_1
28,4333,28,Female,mc_prob_0.2_FC_0.1_1
29,4550,29,Female,mc_prob_0.2_FC_0.1_1
30,4532,30,Female,mc_prob_0.2_FC_0.1_1
31,4523,31,Female,mc_prob_0.2_FC_0.1_1
32,4498,32,Female,mc_prob_0.2_FC_0.1_1
33,4604,33,Female,mc_prob_0.2_FC_0.1_1
34,4546,34,Female,mc_prob_0.2_FC_0.1_1
35,4618,35,Female,mc_prob_0.2_FC_0.1_1
36,4418,36,Female,mc_prob_0.2_FC_0.1_1
37,4398,37,Female,mc_prob_0.2_FC_0.1_1
38,4500,38,Female,mc_prob_0.2_FC_0.1_1
39,4572,39,Female,mc_prob_0.2_FC_0.1_1
40,4639,40,Female,mc_prob_0.2_FC_0.1_1
41,4528,41,Female,mc_prob_0.2_FC_0.1_1
42,4692,42,Female,mc_prob_0.2_FC_0.1_1
43,4568,43,Female,mc_prob_0.2_FC_0.1_1
44,4733,44,Female,mc_prob_0.2_FC_0.1_1
45,4780,45,Female,mc_prob_0.2_FC_0.1_1
46,4685,46,Female,mc_prob_0.2_FC_0.1_1
47,4653,47,Female,mc_prob_0.2_FC_0.1_1
48,4753,48,Female,mc_prob_0.2_FC_0.1_1
49,4733,49,Female,mc_prob_0.2_FC_0.1_1
50,4635,50,Female,mc_prob_0.2_FC_0.1_1
51,5000,0,Male,mc_prob_0.2_FC_0.1_1
52,4132,1,Male,mc_prob_0.2_FC_0.1_1
53,4165,2,Male,mc_prob_0.2_FC_0.1_1
54,4225,3,Male,mc_prob_0.2_FC_0.1_1
55,4317,4,Male,mc_prob_0.2_FC_0.1_1
56,4176,5,Male,mc_prob_0.2_FC_0.1_1
57,4146,6,Male,mc_prob_0.2_FC_0.1_1
58,4237,7,Male,mc_prob_0.2_FC_0.1_1
59,4167,8,Male,mc_prob_0.2_FC_0.1_1
60,4209,9,Male,mc_prob_0.2_FC_0.1_1
61,4200,10,Male,mc_prob_0.2_FC_0.1_1
62,4095,11,Male,mc_prob_0.2_FC_0.1_1
63,4115,12,Male,mc_prob_0.2_FC_0.1_1
64,4210,13,Male,mc_prob_0.2_FC_0.1_1
65,4153,14,Male,mc_prob_0.2_FC_0.1_1
66,4353,15,Male,mc_prob_0.2_FC_0.1_1
67,4389,16,Male,mc_prob_0.2_FC_0.1_1
68,4363,17,Male,mc_prob_0.2_FC_0.1_1
69,4202,18,Male,mc_prob_0.2_FC_0.1_1
70,4291,19,Male,mc_prob_0.2_FC_0.1_1
71,4379,20,Male,mc_prob_0.2_FC_0.1_1
72,4386,21,Male,mc_prob_0.2_FC_0.1_1
73,4340,22,Male,mc_prob_0.2_FC_0.1_1
74,4430,23,Male,mc_prob_0.2_FC_0.1_1
75,4403,24,Male,mc_prob_0.2_FC_0.1_1
76,4353,25,Male,mc_prob_0.2_FC_0.1_1
77,4479,26,Male,mc_prob_0.2_FC_0.1_1
78,4539,27,Male,mc_prob_0.2_FC_0.1_1
79,4431,28,Male,mc_prob_0.2_FC_0.1_1
80,4570,29,Male,mc_prob_0.2_FC_0.1_1
81,4534,30,Male,mc_prob_0.2_FC_0.1_1
82,4655,31,Male,mc_prob_0.2_FC_0.1_1
83,4508,32,Male,mc_prob_0.2_FC_0.1_1
84,4625,33,Male,mc_prob_0.2_FC_0.1_1
85,4723,34,Male,mc_prob_0.2_FC_0.1_1
86,4728,35,Male,mc_prob_0.2_FC_0.1_1
87,4518,36,Male,mc_prob_0.2_FC_0.1_1
88,4673,37,Male,mc_prob_0.2_FC_0.1_1
89,4538,38,Male,mc_prob_0.2_FC_0.1_1
90,4595,39,Male,mc_prob_0.2_FC_0.1_1
91,4794,40,Male,mc_prob_0.2_FC_0.1_1
92,4562,41,Male,mc_prob_0.2_FC_0.1_1
93,4807,42,Male,mc_prob_0.2_FC_0.1_1
94,4635,43,Male,mc_prob_0.2_FC_0.1_1
95,4767,44,Male,mc_prob_0.2_FC_0.1_1
96,4821,45,Male,mc_prob_0.2_FC_0.1_1
97,4758,46,Male,mc_prob_0.2_FC_0.1_1
98,4854,47,Male,mc_prob_0.2_FC_0.1_1
99,4807,48,Male,mc_prob_0.2_FC_0.1_1
100,4843,49,Male,mc_prob_0.2_FC_0.1_1
101,4687,50,Male,mc_prob_0.2_FC_0.1_1
,Count,Generation,Sex,Run
0,7000,0,Female,mc_prob_0.2_FC_0.1_2
1,4041,1,Female,mc_prob_0.2_FC_0.1_2
2,4046,2,Female,mc_prob_0.2_FC_0.1_2
3,4158,3,Female,mc_prob_0.2_FC_0.1_2
4,4248,4,Female,mc_prob_0.2_FC_0.1_2
5,4313,5,Female,mc_prob_0.2_FC_0.1_2
6,4321,6,Female,mc_prob_0.2_FC_0.1_2
7,4403,7,Female,mc_prob_0.2_FC_0.1_2
8,4476,8,Female,mc_prob_0.2_FC_0.1_2
9,4417,9,Female,mc_prob_0.2_FC_0.1_2
10,4410,10,Female,mc_prob_0.2_FC_0.1_2
11,4539,11,Female,mc_prob_0.2_FC_0.1_2
12,4440,12,Female,mc_prob_0.2_FC_0.1_2
13,4435,13,Female,mc_prob_0.2_FC_0.1_2
14,4468,14,Female,mc_prob_0.2_FC_0.1_2
15,4379,15,Female,mc_prob_0.2_FC_0.1_2
16,4552,16,Female,mc_prob_0.2_FC_0.1_2
17,4580,17,Female,mc_prob_0.2_FC_0.1_2
18,4606,18,Female,mc_prob_0.2_FC_0.1_2
19,4586,19,Female,mc_prob_0.2_FC_0.1_2
20,4685,20,Female,mc_prob_0.2_FC_0.1_2
21,4606,21,Female,mc_prob_0.2_FC_0.1_2
22,4632,22,Female,mc_prob_0.2_FC_0.1_2
23,4647,23,Female,mc_prob_0.2_FC_0.1_2
24,4641,24,Female,mc_prob_0.2_FC_0.1_2
25,4573,25,Female,mc_prob_0.2_FC_0.1_2
26,4726,26,Female,mc_prob_0.2_FC_0.1_2
27,4700,27,Female,mc_prob_0.2_FC_0.1_2
28,4633,28,Female,mc_prob_0.2_FC_0.1_2
29,4707,29,Female,mc_prob_0.2_FC_0.1_2
30,4662,30,Female,mc_prob_0.2_FC_0.1_2
31,4762,31,Female,mc_prob_0.2_FC_0.1_2
32,4781,32,Female,mc_prob_0.2_FC_0.1_2
33,4821,33,Female,mc_prob_0.2_FC_0.1_2
34,4783,34,Female,mc_prob_0.2_FC_0.1_2
35,4769,35,Female,mc_prob_0.2_FC_0.1_2
36,4797,36,Female,mc_prob_0.2_FC_0.1_2
37,4889,37,Female,mc_prob_0.2_FC_0.1_2
38,4843,38,Female,mc_prob_0.2_FC_0.1_2
39,4888,39,Female,mc_prob_0.2_FC_0.1_2
40,4970,40,Female,mc_prob_0.2_FC_0.1_2
41,4871,41,Female,mc_prob_0.2_FC_0.1_2
42,4781,42,Female,mc_prob_0.2_FC_0.1_2
43,4986,43,Female,mc_prob_0.2_FC_0.1_2
44,4844,44,Female,mc_prob_0.2_FC_0.1_2
45,4847,45,Female,mc_prob_0.2_FC_0.1_2
46,4813,46,Female,mc_prob_0.2_FC_0.1_2
47,4981,47,Female,mc_prob_0.2_FC_0.1_2
48,4877,48,Female,mc_prob_0.2_FC_0.1_2
49,4888,49,Female,mc_prob_0.2_FC_0.1_2
50,5092,50,Female,mc_prob_0.2_FC_0.1_2
51,5000,0,Male,mc_prob_0.2_FC_0.1_2
52,4172,1,Male,mc_prob_0.2_FC_0.1_2
53,4081,2,Male,mc_prob_0.2_FC_0.1_2
54,4199,3,Male,mc_prob_0.2_FC_0.1_2
55,4251,4,Male,mc_prob_0.2_FC_0.1_2
56,4464,5,Male,mc_prob_0.2_FC_0.1_2
57,4362,6,Male,mc_prob_0.2_FC_0.1_2
58,4426,7,Male,mc_prob_0.2_FC_0.1_2
59,4490,8,Male,mc_prob_0.2_FC_0.1_2
60,4448,9,Male,mc_prob_0.2_FC_0.1_2
61,4420,10,Male,mc_prob_0.2_FC_0.1_2
62,4547,11,Male,mc_prob_0.2_FC_0.1_2
63,4536,12,Male,mc_prob_0.2_FC_0.1_2
64,4498,13,Male,mc_prob_0.2_FC_0.1_2
65,4564,14,Male,mc_prob_0.2_FC_0.1_2
66,4435,15,Male,mc_prob_0.2_FC_0.1_2
67,4583,16,Male,mc_prob_0.2_FC_0.1_2
68,4700,17,Male,mc_prob_0.2_FC_0.1_2
69,4654,18,Male,mc_prob_0.2_FC_0.1_2
70,4655,19,Male,mc_prob_0.2_FC_0.1_2
71,4690,20,Male,mc_prob_0.2_FC_0.1_2
72,4704,21,Male,mc_prob_0.2_FC_0.1_2
73,4639,22,Male,mc_prob_0.2_FC_0.1_2
74,4795,23,Male,mc_prob_0.2_FC_0.1_2
75,4817,24,Male,mc_prob_0.2_FC_0.1_2
76,4642,25,Male,mc_prob_0.2_FC_0.1_2
77,4734,26,Male,mc_prob_0.2_FC_0.1_2
78,4837,27,Male,mc_prob_0.2_FC_0.1_2
79,4699,28,Male,mc_prob_0.2_FC_0.1_2
80,4882,29,Male,mc_prob_0.2_FC_0.1_2
81,4699,30,Male,mc_prob_0.2_FC_0.1_2
82,4827,31,Male,mc_prob_0.2_FC_0.1_2
83,4974,32,Male,mc_prob_0.2_FC_0.1_2
84,4835,33,Male,mc_prob_0.2_FC_0.1_2
85,4943,34,Male,mc_prob_0.2_FC_0.1_2
86,4804,35,Male,mc_prob_0.2_FC_0.1_2
87,4991,36,Male,mc_prob_0.2_FC_0.1_2
88,4907,37,Male,mc_prob_0.2_FC_0.1_2
89,4844,38,Male,mc_prob_0.2_FC_0.1_2
90,4958,39,Male,mc_prob_0.2_FC_0.1_2
91,4970,40,Male,mc_prob_0.2_FC_0.1_2
92,5083,41,Male,mc_prob_0.2_FC_0.1_2
93,4883,42,Male,mc_prob_0.2_FC_0.1_2
94,4986,43,Male,mc_prob_0.2_FC_0.1_2
95,4919,44,Male,mc_prob_0.2_FC_0.1_2
96,4961,45,Male,mc_prob_0.2_FC_0.1_2
97,4888,46,Male,mc_prob_0.2_FC_0.1_2
98,5002,47,Male,mc_prob_0.2_FC_0.1_2
99,5017,48,Male,mc_prob_0.2_FC_0.1_2
100,4926,49,Male,mc_prob_0.2_FC_0.1_2
101,5097,50,Male,mc_prob_0.2_FC_0.1_2
,Count,Generation,Sex,Run
0,7000,0,Female,mc_prob_0.2_FC_0.1_3
1,4080,1,Female,mc_prob_0.2_FC_0.1_3
2,4108,2,Female,mc_prob_0.2_FC_0.1_3
3,4133,3,Female,mc_prob_0.2_FC_0.1_3
4,4112,4,Female,mc_prob_0.2_FC_0.1_3
5,4112,5,Female,mc_prob_0.2_FC_0.1_3
6,4222,6,Female,mc_prob_0.2_FC_0.1_3
7,4237,7,Female,mc_prob_0.2_FC_0.1_3
8,4319,8,Female,mc_prob_0.2_FC_0.1_3
9,4346,9,Female,mc_prob_0.2_FC_0.1_3
10,4367,10,Female,mc_prob_0.2_FC_0.1_3
11,4316,11,Female,mc_prob_0.2_FC_0.1_3
12,4286,12,Female,mc_prob_0.2_FC_0.1_3
13,4318,13,Female,mc_prob_0.2_FC_0.1_3
14,4334,14,Female,mc_prob_0.2_FC_0.1_3
15,4323,15,Female,mc_prob_0.2_FC_0.1_3
16,4329,16,Female,mc_prob_0.2_FC_0.1_3
17,4346,17,Female,mc_prob_0.2_FC_0.1_3
18,4393,18,Female,mc_prob_0.2_FC_0.1_3
19,4395,19,Female,mc_prob_0.2_FC_0.1_3
20,4457,20,Female,mc_prob_0.2_FC_0.1_3
21,4435,21,Female,mc_prob_0.2_FC_0.1_3
22,4512,22,Female,mc_prob_0.2_FC_0.1_3
23,4560,23,Female,mc_prob_0.2_FC_0.1_3
24,4575,24,Female,mc_prob_0.2_FC_0.1_3
25,4554,25,Female,mc_prob_0.2_FC_0.1_3
26,4525,26,Female,mc_prob_0.2_FC_0.1_3
27,4483,27,Female,mc_prob_0.2_FC_0.1_3
28,4420,28,Female,mc_prob_0.2_FC_0.1_3
29,4473,29,Female,mc_prob_0.2_FC_0.1_3
30,4651,30,Female,mc_prob_0.2_FC_0.1_3
31,4616,31,Female,mc_prob_0.2_FC_0.1_3
32,4573,32,Female,mc_prob_0.2_FC_0.1_3
33,4706,33,Female,mc_prob_0.2_FC_0.1_3
34,4509,34,Female,mc_prob_0.2_FC_0.1_3
35,4578,35,Female,mc_prob_0.2_FC_0.1_3
36,4697,36,Female,mc_prob_0.2_FC_0.1_3
37,4811,37,Female,mc_prob_0.2_FC_0.1_3
38,4668,38,Female,mc_prob_0.2_FC_0.1_3
39,4632,39,Female,mc_prob_0.2_FC_0.1_3
40,4799,40,Female,mc_prob_0.2_FC_0.1_3
41,4838,41,Female,mc_prob_0.2_FC_0.1_3
42,4789,42,Female,mc_prob_0.2_FC_0.1_3
43,4934,43,Female,mc_prob_0.2_FC_0.1_3
44,4849,44,Female,mc_prob_0.2_FC_0.1_3
45,4871,45,Female,mc_prob_0.2_FC_0.1_3
46,4841,46,Female,mc_prob_0.2_FC_0.1_3
47,4730,47,Female,mc_prob_0.2_FC_0.1_3
48,4803,48,Female,mc_prob_0.2_FC_0.1_3
49,4891,49,Female,mc_prob_0.2_FC_0.1_3
50,4740,50,Female,mc_prob_0.2_FC_0.1_3
51,5000,0,Male,mc_prob_0.2_FC_0.1_3
52,4108,1,Male,mc_prob_0.2_FC_0.1_3
53,4240,2,Male,mc_prob_0.2_FC_0.1_3
54,4251,3,Male,mc_prob_0.2_FC_0.1_3
55,4162,4,Male,mc_prob_0.2_FC_0.1_3
56,4212,5,Male,mc_prob_0.2_FC_0.1_3
57,4326,6,Male,mc_prob_0.2_FC_0.1_3
58,4259,7,Male,mc_prob_0.2_FC_0.1_3
59,4354,8,Male,mc_prob_0.2_FC_0.1_3
60,4355,9,Male,mc_prob_0.2_FC_0.1_3
61,4416,10,Male,mc_prob_0.2_FC_0.1_3
62,4325,11,Male,mc_prob_0.2_FC_0.1_3
63,4445,12,Male,mc_prob_0.2_FC_0.1_3
64,4336,13,Male,mc_prob_0.2_FC_0.1_3
65,4360,14,Male,mc_prob_0.2_FC_0.1_3
66,4401,15,Male,mc_prob_0.2_FC_0.1_3
67,4413,16,Male,mc_prob_0.2_FC_0.1_3
68,4500,17,Male,mc_prob_0.2_FC_0.1_3
69,4574,18,Male,mc_prob_0.2_FC_0.1_3
70,4460,19,Male,mc_prob_0.2_FC_0.1_3
71,4513,20,Male,mc_prob_0.2_FC_0.1_3
72,4541,21,Male,mc_prob_0.2_FC_0.1_3
73,4578,22,Male,mc_prob_0.2_FC_0.1_3
74,4625,23,Male,mc_prob_0.2_FC_0.1_3
75,4619,24,Male,mc_prob_0.2_FC_0.1_3
76,4645,25,Male,mc_prob_0.2_FC_0.1_3
77,4614,26,Male,mc_prob_0.2_FC_0.1_3
78,4666,27,Male,mc_prob_0.2_FC_0.1_3
79,4510,28,Male,mc_prob_0.2_FC_0.1_3
80,4535,29,Male,mc_prob_0.2_FC_0.1_3
81,4669,30,Male,mc_prob_0.2_FC_0.1_3
82,4670,31,Male,mc_prob_0.2_FC_0.1_3
83,4699,32,Male,mc_prob_0.2_FC_0.1_3
84,4749,33,Male,mc_prob_0.2_FC_0.1_3
85,4733,34,Male,mc_prob_0.2_FC_0.1_3
86,4691,35,Male,mc_prob_0.2_FC_0.1_3
87,4712,36,Male,mc_prob_0.2_FC_0.1_3
88,4830,37,Male,mc_prob_0.2_FC_0.1_3
89,4812,38,Male,mc_prob_0.2_FC_0.1_3
90,4668,39,Male,mc_prob_0.2_FC_0.1_3
91,4840,40,Male,mc_prob_0.2_FC_0.1_3
92,4911,41,Male,mc_prob_0.2_FC_0.1_3
93,4875,42,Male,mc_prob_0.2_FC_0.1_3
94,4951,43,Male,mc_prob_0.2_FC_0.1_3
95,4871,44,Male,mc_prob_0.2_FC_0.1_3
96,4904,45,Male,mc_prob_0.2_FC_0.1_3
97,4979,46,Male,mc_prob_0.2_FC_0.1_3
98,4800,47,Male,mc_prob_0.2_FC_0.1_3
99,4814,48,Male,mc_prob_0.2_FC_0.1_3
100,4957,49,Male,mc_prob_0.2_FC_0.1_3
101,4845,50,Male,mc_prob_0.2_FC_0.1_3
,Count,Generation,Sex,Run
0,7000,0,Female,mc_prob_0.2_FC_0.1_4
1,4125,1,Female,mc_prob_0.2_FC_0.1_4
2,4211,2,Female,mc_prob_0.2_FC_0.1_4
3,4163,3,Female,mc_prob_0.2_FC_0.1_4
4,4228,4,Female,mc_prob_0.2_FC_0.1_4
5,4223,5,Female,mc_prob_0.2_FC_0.1_4
6,4158,6,Female,mc_prob_0.2_FC_0.1_4
7,4095,7,Female,mc_prob_0.2_FC_0.1_4
8,4140,8,Female,mc_prob_0.2_FC_0.1_4
9,4121,9,Female,mc_prob_0.2_FC_0.1_4
10,4040,10,Female,mc_prob_0.2_FC_0.1_4
11,4166,11,Female,mc_prob_0.2_FC_0.1_4
12,4228,12,Female,mc_prob_0.2_FC_0.1_4
13,4293,13,Female,mc_prob_0.2_FC_0.1_4
14,4340,14,Female,mc_prob_0.2_FC_0.1_4
15,4236,15,Female,mc_prob_0.2_FC_0.1_4
16,4331,16,Female,mc_prob_0.2_FC_0.1_4
17,4324,17,Female,mc_prob_0.2_FC_0.1_4
18,4402,18,Female,mc_prob_0.2_FC_0.1_4
19,4438,19,Female,mc_prob_0.2_FC_0.1_4
20,4442,20,Female,mc_prob_0.2_FC_0.1_4
21,4381,21,Female,mc_prob_0.2_FC_0.1_4
22,4383,22,Female,mc_prob_0.2_FC_0.1_4
23,4479,23,Female,mc_prob_0.2_FC_0.1_4
24,4632,24,Female,mc_prob_0.2_FC_0.1_4
25,4489,25,Female,mc_prob_0.2_FC_0.1_4
26,4495,26,Female,mc_prob_0.2_FC_0.1_4
27,4442,27,Female,mc_prob_0.2_FC_0.1_4
28,4471,28,Female,mc_prob_0.2_FC_0.1_4
29,4608,29,Female,mc_prob_0.2_FC_0.1_4
30,4662,30,Female,mc_prob_0.2_FC_0.1_4
31,4664,31,Female,mc_prob_0.2_FC_0.1_4
32,4652,32,Female,mc_prob_0.2_FC_0.1_4
33,4661,33,Female,mc_prob_0.2_FC_0.1_4
34,4721,34,Female,mc_prob_0.2_FC_0.1_4
35,4668,35,Female,mc_prob_0.2_FC_0.1_4
36,4616,36,Female,mc_prob_0.2_FC_0.1_4
37,4711,37,Female,mc_prob_0.2_FC_0.1_4
38,4850,38,Female,mc_prob_0.2_FC_0.1_4
39,4697,39,Female,mc_prob_0.2_FC_0.1_4
40,4775,40,Female,mc_prob_0.2_FC_0.1_4
41,4783,41,Female,mc_prob_0.2_FC_0.1_4
42,4747,42,Female,mc_prob_0.2_FC_0.1_4
43,4799,43,Female,mc_prob_0.2_FC_0.1_4
44,4780,44,Female,mc_prob_0.2_FC_0.1_4
45,4770,45,Female,mc_prob_0.2_FC_0.1_4
46,4745,46,Female,mc_prob_0.2_FC_0.1_4
47,4856,47,Female,mc_prob_0.2_FC_0.1_4
48,4929,48,Female,mc_prob_0.2_FC_0.1_4
49,4903,49,Female,mc_prob_0.2_FC_0.1_4
50,4873,50,Female,mc_prob_0.2_FC_0.1_4
51,5000,0,Male,mc_prob_0.2_FC_0.1_4
52,4191,1,Male,mc_prob_0.2_FC_0.1_4
53,4333,2,Male,mc_prob_0.2_FC_0.1_4
54,4273,3,Male,mc_prob_0.2_FC_0.1_4
55,4315,4,Male,mc_prob_0.2_FC_0.1_4
56,4230,5,Male,mc_prob_0.2_FC_0.1_4
57,4359,6,Male,mc_prob_0.2_FC_0.1_4
58,4194,7,Male,mc_prob_0.2_FC_0.1_4
59,4142,8,Male,mc_prob_0.2_FC_0.1_4
60,4189,9,Male,mc_prob_0.2_FC_0.1_4
61,4292,10,Male,mc_prob_0.2_FC_0.1_4
62,4206,11,Male,mc_prob_0.2_FC_0.1_4
63,4259,12,Male,mc_prob_0.2_FC_0.1_4
64,4317,13,Male,mc_prob_0.2_FC_0.1_4
65,4347,14,Male,mc_prob_0.2_FC_0.1_4
66,4348,15,Male,mc_prob_0.2_FC_0.1_4
67,4341,16,Male,mc_prob_0.2_FC_0.1_4
68,4406,17,Male,mc_prob_0.2_FC_0.1_4
69,4402,18,Male,mc_prob_0.2_FC_0.1_4
70,4447,19,Male,mc_prob_0.2_FC_0.1_4
71,4516,20,Male,mc_prob_0.2_FC_0.1_4
72,4388,21,Male,mc_prob_0.2_FC_0.1_4
73,4549,22,Male,mc_prob_0.2_FC_0.1_4
74,4528,23,Male,mc_prob_0.2_FC_0.1_4
75,4681,24,Male,mc_prob_0.2_FC_0.1_4
76,4510,25,Male,mc_prob_0.2_FC_0.1_4
77,4714,26,Male,mc_prob_0.2_FC_0.1_4
78,4493,27,Male,mc_prob_0.2_FC_0.1_4
79,4526,28,Male,mc_prob_0.2_FC_0.1_4
80,4617,29,Male,mc_prob_0.2_FC_0.1_4
81,4675,30,Male,mc_prob_0.2_FC_0.1_4
82,4692,31,Male,mc_prob_0.2_FC_0.1_4
83,4705,32,Male,mc_prob_0.2_FC_0.1_4
84,4689,33,Male,mc_prob_0.2_FC_0.1_4
85,4757,34,Male,mc_prob_0.2_FC_0.1_4
86,4723,35,Male,mc_prob_0.2_FC_0.1_4
87,4737,36,Male,mc_prob_0.2_FC_0.1_4
88,4717,37,Male,mc_prob_0.2_FC_0.1_4
89,4867,38,Male,mc_prob_0.2_FC_0.1_4
90,4754,39,Male,mc_prob_0.2_FC_0.1_4
91,4925,40,Male,mc_prob_0.2_FC_0.1_4
92,4794,41,Male,mc_prob_0.2_FC_0.1_4
93,4825,42,Male,mc_prob_0.2_FC_0.1_4
94,4873,43,Male,mc_prob_0.2_FC_0.1_4
95,4847,44,Male,mc_prob_0.2_FC_0.1_4
96,4790,45,Male,mc_prob_0.2_FC_0.1_4
97,4952,46,Male,mc_prob_0.2_FC_0.1_4
98,4976,47,Male,mc_prob_0.2_FC_0.1_4
99,4962,48,Male,mc_prob_0.2_FC_0.1_4
100,4918,49,Male,mc_prob_0.2_FC_0.1_4
101,5004,50,Male,mc_prob_0.2_FC_0.1_4
,Count,Generation,Sex,Run
0,7000,0,Female,mc_prob_0.2_FC_0.1_5
1,4127,1,Female,mc_prob_0.2_FC_0.1_5
2,4058,2,Female,mc_prob_0.2_FC_0.1_5
3,4056,3,Female,mc_prob_0.2_FC_0.1_5
4,4209,4,Female,mc_prob_0.2_FC_0.1_5
5,4305,5,Female,mc_prob_0.2_FC_0.1_5
6,4250,6,Female,mc_prob_0.2_FC_0.1_5
7,4268,7,Female,mc_prob_0.2_FC_0.1_5
8,4172,8,Female,mc_prob_0.2_FC_0.1_5
9,4201,9,Female,mc_prob_0.2_FC_0.1_5
10,4280,10,Female,mc_prob_0.2_FC_0.1_5
11,4386,11,Female,mc_prob_0.2_FC_0.1_5
12,4379,12,Female,mc_prob_0.2_FC_0.1_5
13,4310,13,Female,mc_prob_0.2_FC_0.1_5
14,4368,14,Female,mc_prob_0.2_FC_0.1_5
15,4293,15,Female,mc_prob_0.2_FC_0.1_5
16,4341,16,Female,mc_prob_0.2_FC_0.1_5
17,4498,17,Female,mc_prob_0.2_FC_0.1_5
18,4501,18,Female,mc_prob_0.2_FC_0.1_5
19,4358,19,Female,mc_prob_0.2_FC_0.1_5
20,4386,20,Female,mc_prob_0.2_FC_0.1_5
21,4431,21,Female,mc_prob_0.2_FC_0.1_5
22,4355,22,Female,mc_prob_0.2_FC_0.1_5
23,4500,23,Female,mc_prob_0.2_FC_0.1_5
24,4526,24,Female,mc_prob_0.2_FC_0.1_5
25,4676,25,Female,mc_prob_0.2_FC_0.1_5
26,4536,26,Female,mc_prob_0.2_FC_0.1_5
27,4555,27,Female,mc_prob_0.2_FC_0.1_5
28,4591,28,Female,mc_prob_0.2_FC_0.1_5
29,4563,29,Female,mc_prob_0.2_FC_0.1_5
30,4664,30,Female,mc_prob_0.2_FC_0.1_5
31,4604,31,Female,mc_prob_0.2_FC_0.1_5
32,4808,32,Female,mc_prob_0.2_FC_0.1_5
33,4705,33,Female,mc_prob_0.2_FC_0.1_5
34,4619,34,Female,mc_prob_0.2_FC_0.1_5
35,4739,35,Female,mc_prob_0.2_FC_0.1_5
36,4731,36,Female,mc_prob_0.2_FC_0.1_5
37,4729,37,Female,mc_prob_0.2_FC_0.1_5
38,4766,38,Female,mc_prob_0.2_FC_0.1_5
39,4867,39,Female,mc_prob_0.2_FC_0.1_5
40,4778,40,Female,mc_prob_0.2_FC_0.1_5
41,4859,41,Female,mc_prob_0.2_FC_0.1_5
42,4750,42,Female,mc_prob_0.2_FC_0.1_5
43,4869,43,Female,mc_prob_0.2_FC_0.1_5
44,4858,44,Female,mc_prob_0.2_FC_0.1_5
45,4878,45,Female,mc_prob_0.2_FC_0.1_5
46,4795,46,Female,mc_prob_0.2_FC_0.1_5
47,4701,47,Female,mc_prob_0.2_FC_0.1_5
48,4858,48,Female,mc_prob_0.2_FC_0.1_5
49,4832,49,Female,mc_prob_0.2_FC_0.1_5
50,5032,50,Female,mc_prob_0.2_FC_0.1_5
51,5000,0,Male,mc_prob_0.2_FC_0.1_5
52,4154,1,Male,mc_prob_0.2_FC_0.1_5
53,4179,2,Male,mc_prob_0.2_FC_0.1_5
54,4065,3,Male,mc_prob_0.2_FC_0.1_5
55,4226,4,Male,mc_prob_0.2_FC_0.1_5
56,4331,5,Male,mc_prob_0.2_FC_0.1_5
57,4282,6,Male,mc_prob_0.2_FC_0.1_5
58,4286,7,Male,mc_prob_0.2_FC_0.1_5
59,4290,8,Male,mc_prob_0.2_FC_0.1_5
60,4203,9,Male,mc_prob_0.2_FC_0.1_5
61,4402,10,Male,mc_prob_0.2_FC_0.1_5
62,4415,11,Male,mc_prob_0.2_FC_0.1_5
63,4446,12,Male,mc_prob_0.2_FC_0.1_5
64,4395,13,Male,mc_prob_0.2_FC_0.1_5
65,4386,14,Male,mc_prob_0.2_FC_0.1_5
66,4319,15,Male,mc_prob_0.2_FC_0.1_5
67,4376,16,Male,mc_prob_0.2_FC_0.1_5
68,4506,17,Male,mc_prob_0.2_FC_0.1_5
69,4595,18,Male,mc_prob_0.2_FC_0.1_5
70,4491,19,Male,mc_prob_0.2_FC_0.1_5
71,4514,20,Male,mc_prob_0.2_FC_0.1_5
72,4565,21,Male,mc_prob_0.2_FC_0.1_5
73,4443,22,Male,mc_prob_0.2_FC_0.1_5
74,4534,23,Male,mc_prob_0.2_FC_0.1_5
75,4563,24,Male,mc_prob_0.2_FC_0.1_5
76,4721,25,Male,mc_prob_0.2_FC_0.1_5
77,4671,26,Male,mc_prob_0.2_FC_0.1_5
78,4625,27,Male,mc_prob_0.2_FC_0.1_5
79,4629,28,Male,mc_prob_0.2_FC_0.1_5
80,4675,29,Male,mc_prob_0.2_FC_0.1_5
81,4694,30,Male,mc_prob_0.2_FC_0.1_5
82,4778,31,Male,mc_prob_0.2_FC_0.1_5
83,4821,32,Male,mc_prob_0.2_FC_0.1_5
84,4975,33,Male,mc_prob_0.2_FC_0.1_5
85,4727,34,Male,mc_prob_0.2_FC_0.1_5
86,4834,35,Male,mc_prob_0.2_FC_0.1_5
87,4765,36,Male,mc_prob_0.2_FC_0.1_5
88,4745,37,Male,mc_prob_0.2_FC_0.1_5
89,4781,38,Male,mc_prob_0.2_FC_0.1_5
90,5015,39,Male,mc_prob_0.2_FC_0.1_5
91,4817,40,Male,mc_prob_0.2_FC_0.1_5
92,4862,41,Male,mc_prob_0.2_FC_0.1_5
93,4808,42,Male,mc_prob_0.2_FC_0.1_5
94,4874,43,Male,mc_prob_0.2_FC_0.1_5
95,4862,44,Male,mc_prob_0.2_FC_0.1_5
96,4892,45,Male,mc_prob_0.2_FC_0.1_5
97,4878,46,Male,mc_prob_0.2_FC_0.1_5
98,4897,47,Male,mc_prob_0.2_FC_0.1_5
99,4879,48,Male,mc_prob_0.2_FC_0.1_5
100,4889,49,Male,mc_prob_0.2_FC_0.1_5
101,5043,50,Male,mc_prob_0.2_FC_0.1_5
,Count,Generation,Sex,Run
0,7000,0,Female,mc_prob_0.2_FC_0.1_6
1,4009,1,Female,mc_prob_0.2_FC_0.1_6
2,3995,2,Female,mc_prob_0.2_FC_0.1_6
3,4169,3,Female,mc_prob_0.2_FC_0.1_6
4,4048,4,Female,mc_prob_0.2_FC_0.1_6
5,4116,5,Female,mc_prob_0.2_FC_0.1_6
6,4158,6,Female,mc_prob_0.2_FC_0.1_6
7,4177,7,Female,mc_prob_0.2_FC_0.1_6
8,4218,8,Female,mc_prob_0.2_FC_0.1_6
9,4173,9,Female,mc_prob_0.2_FC_0.1_6
10,4215,10,Female,mc_prob_0.2_FC_0.1_6
11,4298,11,Female,mc_prob_0.2_FC_0.1_6
12,4177,12,Female,mc_prob_0.2_FC_0.1_6
13,4302,13,Female,mc_prob_0.2_FC_0.1_6
14,4253,14,Female,mc_prob_0.2_FC_0.1_6
15,4166,15,Female,mc_prob_0.2_FC_0.1_6
16,4124,16,Female,mc_prob_0.2_FC_0.1_6
17,4284,17,Female,mc_prob_0.2_FC_0.1_6
18,4331,18,Female,mc_prob_0.2_FC_0.1_6
19,4332,19,Female,mc_prob_0.2_FC_0.1_6
20,4267,20,Female,mc_prob_0.2_FC_0.1_6
21,4383,21,Female,mc_prob_0.2_FC_0.1_6
22,4503,22,Female,mc_prob_0.2_FC_0.1_6
23,4454,23,Female,mc_prob_0.2_FC_0.1_6
24,4564,24,Female,mc_prob_0.2_FC_0.1_6
25,4419,25,Female,mc_prob_0.2_FC_0.1_6
26,4521,26,Female,mc_prob_0.2_FC_0.1_6
27,4517,27,Female,mc_prob_0.2_FC_0.1_6
28,4478,28,Female,mc_prob_0.2_FC_0.1_6
29,4588,29,Female,mc_prob_0.2_FC_0.1_6
30,4662,30,Female,mc_prob_0.2_FC_0.1_6
31,4604,31,Female,mc_prob_0.2_FC_0.1_6
32,4608,32,Female,mc_prob_0.2_FC_0.1_6
33,4594,33,Female,mc_prob_0.2_FC_0.1_6
34,4571,34,Female,mc_prob_0.2_FC_0.1_6
35,4578,35,Female,mc_prob_0.2_FC_0.1_6
36,4646,36,Female,mc_prob_0.2_FC_0.1_6
37,4685,37,Female,mc_prob_0.2_FC_0.1_6
38,4731,38,Female,mc_prob_0.2_FC_0.1_6
39,4768,39,Female,mc_prob_0.2_FC_0.1_6
40,4763,40,Female,mc_prob_0.2_FC_0.1_6
41,4820,41,Female,mc_prob_0.2_FC_0.1_6
42,4652,42,Female,mc_prob_0.2_FC_0.1_6
43,4709,43,Female,mc_prob_0.2_FC_0.1_6
44,4832,44,Female,mc_prob_0.2_FC_0.1_6
45,4730,45,Female,mc_prob_0.2_FC_0.1_6
46,4712,46,Female,mc_prob_0.2_FC_0.1_6
47,4772,47,Female,mc_prob_0.2_FC_0.1_6
48,4887,48,Female,mc_prob_0.2_FC_0.1_6
49,4916,49,Female,mc_prob_0.2_FC_0.1_6
50,4861,50,Female,mc_prob_0.2_FC_0.1_6
51,5000,0,Male,mc_prob_0.2_FC_0.1_6
52,4261,1,Male,mc_prob_0.2_FC_0.1_6
53,4103,2,Male,mc_prob_0.2_FC_0.1_6
54,4175,3,Male,mc_prob_0.2_FC_0.1_6
55,4201,4,Male,mc_prob_0.2_FC_0.1_6
56,4135,5,Male,mc_prob_0.2_FC_0.1_6
57,4317,6,Male,mc_prob_0.2_FC_0.1_6
58,4202,7,Male,mc_prob_0.2_FC_0.1_6
59,4259,8,Male,mc_prob_0.2_FC_0.1_6
60,4233,9,Male,mc_prob_0.2_FC_0.1_6
61,4252,10,Male,mc_prob_0.2_FC_0.1_6
62,4370,11,Male,mc_prob_0.2_FC_0.1_6
63,4226,12,Male,mc_prob_0.2_FC_0.1_6
64,4353,13,Male,mc_prob_0.2_FC_0.1_6
65,4265,14,Male,mc_prob_0.2_FC_0.1_6
66,4390,15,Male,mc_prob_0.2_FC_0.1_6
67,4209,16,Male,mc_prob_0.2_FC_0.1_6
68,4327,17,Male,mc_prob_0.2_FC_0.1_6
69,4380,18,Male,mc_prob_0.2_FC_0.1_6
70,4431,19,Male,mc_prob_0.2_FC_0.1_6
71,4267,20,Male,mc_prob_0.2_FC_0.1_6
72,4393,21,Male,mc_prob_0.2_FC_0.1_6
73,4555,22,Male,mc_prob_0.2_FC_0.1_6
74,4519,23,Male,mc_prob_0.2_FC_0.1_6
75,4595,24,Male,mc_prob_0.2_FC_0.1_6
76,4526,25,Male,mc_prob_0.2_FC_0.1_6
77,4528,26,Male,mc_prob_0.2_FC_0.1_6
78,4557,27,Male,mc_prob_0.2_FC_0.1_6
79,4545,28,Male,mc_prob_0.2_FC_0.1_6
80,4678,29,Male,mc_prob_0.2_FC_0.1_6
81,4748,30,Male,mc_prob_0.2_FC_0.1_6
82,4673,31,Male,mc_prob_0.2_FC_0.1_6
83,4778,32,Male,mc_prob_0.2_FC_0.1_6
84,4676,33,Male,mc_prob_0.2_FC_0.1_6
85,4696,34,Male,mc_prob_0.2_FC_0.1_6
86,4660,35,Male,mc_prob_0.2_FC_0.1_6
87,4692,36,Male,mc_prob_0.2_FC_0.1_6
88,4754,37,Male,mc_prob_0.2_FC_0.1_6
89,4805,38,Male,mc_prob_0.2_FC_0.1_6
90,4779,39,Male,mc_prob_0.2_FC_0.1_6
91,4803,40,Male,mc_prob_0.2_FC_0.1_6
92,4844,41,Male,mc_prob_0.2_FC_0.1_6
93,4886,42,Male,mc_prob_0.2_FC_0.1_6
94,4758,43,Male,mc_prob_0.2_FC_0.1_6
95,4921,44,Male,mc_prob_0.2_FC_0.1_6
96,4961,45,Male,mc_prob_0.2_FC_0.1_6
97,4814,46,Male,mc_prob_0.2_FC_0.1_6
98,4863,47,Male,mc_prob_0.2_FC_0.1_6
99,5029,48,Male,mc_prob_0.2_FC_0.1_6
100,5022,49,Male,mc_prob_0.2_FC_0.1_6
101,5024,50,Male,mc_prob_0.2_FC_0.1_6
,Count,Generation,Sex,Run
0,7000,0,Female,mc_prob_0.2_FC_0.1_7
1,4104,1,Female,mc_prob_0.2_FC_0.1_7
2,4155,2,Female,mc_prob_0.2_FC_0.1_7
3,4212,3,Female,mc_prob_0.2_FC_0.1_7
4,4108,4,Female,mc_prob_0.2_FC_0.1_7
5,4038,5,Female,mc_prob_0.2_FC_0.1_7
6,3997,6,Female,mc_prob_0.2_FC_0.1_7
7,4035,7,Female,mc_prob_0.2_FC_0.1_7
8,4152,8,Female,mc_prob_0.2_FC_0.1_7
9,4231,9,Female,mc_prob_0.2_FC_0.1_7
10,4175,10,Female,mc_prob_0.2_FC_0.1_7
11,4237,11,Female,mc_prob_0.2_FC_0.1_7
12,4149,12,Female,mc_prob_0.2_FC_0.1_7
13,4227,13,Female,mc_prob_0.2_FC_0.1_7
14,4226,14,Female,mc_prob_0.2_FC_0.1_7
15,4042,15,Female,mc_prob_0.2_FC_0.1_7
16,4210,16,Female,mc_prob_0.2_FC_0.1_7
17,4242,17,Female,mc_prob_0.2_FC_0.1_7
18,4295,18,Female,mc_prob_0.2_FC_0.1_7
19,4229,19,Female,mc_prob_0.2_FC_0.1_7
20,4169,20,Female,mc_prob_0.2_FC_0.1_7
21,4204,21,Female,mc_prob_0.2_FC_0.1_7
22,4362,22,Female,mc_prob_0.2_FC_0.1_7
23,4315,23,Female,mc_prob_0.2_FC_0.1_7
24,4333,24,Female,mc_prob_0.2_FC_0.1_7
25,4319,25,Female,mc_prob_0.2_FC_0.1_7
26,4300,26,Female,mc_prob_0.2_FC_0.1_7
27,4438,27,Female,mc_prob_0.2_FC_0.1_7
28,4480,28,Female,mc_prob_0.2_FC_0.1_7
29,4449,29,Female,mc_prob_0.2_FC_0.1_7
30,4541,30,Female,mc_prob_0.2_FC_0.1_7
31,4712,31,Female,mc_prob_0.2_FC_0.1_7
32,4774,32,Female,mc_prob_0.2_FC_0.1_7
33,4695,33,Female,mc_prob_0.2_FC_0.1_7
34,4754,34,Female,mc_prob_0.2_FC_0.1_7
35,4656,35,Female,mc_prob_0.2_FC_0.1_7
36,4685,36,Female,mc_prob_0.2_FC_0.1_7
37,4706,37,Female,mc_prob_0.2_FC_0.1_7
38,4739,38,Female,mc_prob_0.2_FC_0.1_7
39,4836,39,Female,mc_prob_0.2_FC_0.1_7
40,4964,40,Female,mc_prob_0.2_FC_0.1_7
41,4896,41,Female,mc_prob_0.2_FC_0.1_7
42,4866,42,Female,mc_prob_0.2_FC_0.1_7
43,4848,43,Female,mc_prob_0.2_FC_0.1_7
44,4717,44,Female,mc_prob_0.2_FC_0.1_7
45,4719,45,Female,mc_prob_0.2_FC_0.1_7
46,4691,46,Female,mc_prob_0.2_FC_0.1_7
47,4840,47,Female,mc_prob_0.2_FC_0.1_7
48,4837,48,Female,mc_prob_0.2_FC_0.1_7
49,4893,49,Female,mc_prob_0.2_FC_0.1_7
50,4913,50,Female,mc_prob_0.2_FC_0.1_7
51,5000,0,Male,mc_prob_0.2_FC_0.1_7
52,4181,1,Male,mc_prob_0.2_FC_0.1_7
53,4158,2,Male,mc_prob_0.2_FC_0.1_7
54,4235,3,Male,mc_prob_0.2_FC_0.1_7
55,4302,4,Male,mc_prob_0.2_FC_0.1_7
56,4254,5,Male,mc_prob_0.2_FC_0.1_7
57,4077,6,Male,mc_prob_0.2_FC_0.1_7
58,4116,7,Male,mc_prob_0.2_FC_0.1_7
59,4153,8,Male,mc_prob_0.2_FC_0.1_7
60,4250,9,Male,mc_prob_0.2_FC_0.1_7
61,4296,10,Male,mc_prob_0.2_FC_0.1_7
62,4244,11,Male,mc_prob_0.2_FC_0.1_7
63,4285,12,Male,mc_prob_0.2_FC_0.1_7
64,4265,13,Male,mc_prob_0.2_FC_0.1_7
65,4458,14,Male,mc_prob_0.2_FC_0.1_7
66,4233,15,Male,mc_prob_0.2_FC_0.1_7
67,4226,16,Male,mc_prob_0.2_FC_0.1_7
68,4358,17,Male,mc_prob_0.2_FC_0.1_7
69,4335,18,Male,mc_prob_0.2_FC_0.1_7
70,4384,19,Male,mc_prob_0.2_FC_0.1_7
71,4291,20,Male,mc_prob_0.2_FC_0.1_7
72,4275,21,Male,mc_prob_0.2_FC_0.1_7
73,4406,22,Male,mc_prob_0.2_FC_0.1_7
74,4447,23,Male,mc_prob_0.2_FC_0.1_7
75,4469,24,Male,mc_prob_0.2_FC_0.1_7
76,4504,25,Male,mc_prob_0.2_FC_0.1_7
77,4380,26,Male,mc_prob_0.2_FC_0.1_7
78,4574,27,Male,mc_prob_0.2_FC_0.1_7
79,4497,28,Male,mc_prob_0.2_FC_0.1_7
80,4520,29,Male,mc_prob_0.2_FC_0.1_7
81,4585,30,Male,mc_prob_0.2_FC_0.1_7
82,4716,31,Male,mc_prob_0.2_FC_0.1_7
83,4783,32,Male,mc_prob_0.2_FC_0.1_7
84,4793,33,Male,mc_prob_0.2_FC_0.1_7
85,4810,34,Male,mc_prob_0.2_FC_0.1_7
86,4714,35,Male,mc_prob_0.2_FC_0.1_7
87,4817,36,Male,mc_prob_0.2_FC_0.1_7
88,4737,37,Male,mc_prob_0.2_FC_0.1_7
89,4818,38,Male,mc_prob_0.2_FC_0.1_7
90,4847,39,Male,mc_prob_0.2_FC_0.1_7
91,4985,40,Male,mc_prob_0.2_FC_0.1_7
92,4953,41,Male,mc_prob_0.2_FC_0.1_7
93,4874,42,Male,mc_prob_0.2_FC_0.1_7
94,4940,43,Male,mc_prob_0.2_FC_0.1_7
95,4745,44,Male,mc_prob_0.2_FC_0.1_7
96,4867,45,Male,mc_prob_0.2_FC_0.1_7
97,4740,46,Male,mc_prob_0.2_FC_0.1_7
98,4882,47,Male,mc_prob_0.2_FC_0.1_7
99,4890,48,Male,mc_prob_0.2_FC_0.1_7
100,4917,49,Male,mc_prob_0.2_FC_0.1_7
101,5019,50,Male,mc_prob_0.2_FC_0.1_7
,Count,Generation,Sex,Run
0,7000,0,Female,mc_prob_0.2_FC_0.1_8
1,4163,1,Female,mc_prob_0.2_FC_0.1_8
2,4094,2,Female,mc_prob_0.2_FC_0.1_8
3,4213,3,Female,mc_prob_0.2_FC_0.1_8
4,4050,4,Female,mc_prob_0.2_FC_0.1_8
5,3973,5,Female,mc_prob_0.2_FC_0.1_8
6,4112,6,Female,mc_prob_0.2_FC_0.1_8
7,4118,7,Female,mc_prob_0.2_FC_0.1_8
8,4162,8,Female,mc_prob_0.2_FC_0.1_8
9,4265,9,Female,mc_prob_0.2_FC_0.1_8
10,4240,10,Female,mc_prob_0.2_FC_0.1_8
11,4158,11,Female,mc_prob_0.2_FC_0.1_8
12,4235,12,Female,mc_prob_0.2_FC_0.1_8
13,4213,13,Female,mc_prob_0.2_FC_0.1_8
14,4217,14,Female,mc_prob_0.2_FC_0.1_8
15,4236,15,Female,mc_prob_0.2_FC_0.1_8
16,4378,16,Female,mc_prob_0.2_FC_0.1_8
17,4192,17,Female,mc_prob_0.2_FC_0.1_8
18,4153,18,Female,mc_prob_0.2_FC_0.1_8
19,4267,19,Female,mc_prob_0.2_FC_0.1_8
20,4291,20,Female,mc_prob_0.2_FC_0.1_8
21,4290,21,Female,mc_prob_0.2_FC_0.1_8
22,4254,22,Female,mc_prob_0.2_FC_0.1_8
23,4412,23,Female,mc_prob_0.2_FC_0.1_8
24,4583,24,Female,mc_prob_0.2_FC_0.1_8
25,4538,25,Female,mc_prob_0.2_FC_0.1_8
26,4476,26,Female,mc_prob_0.2_FC_0.1_8
27,4585,27,Female,mc_prob_0.2_FC_0.1_8
28,4469,28,Female,mc_prob_0.2_FC_0.1_8
29,4587,29,Female,mc_prob_0.2_FC_0.1_8
30,4533,30,Female,mc_prob_0.2_FC_0.1_8
31,4600,31,Female,mc_prob_0.2_FC_0.1_8
32,4633,32,Female,mc_prob_0.2_FC_0.1_8
33,4635,33,Female,mc_prob_0.2_FC_0.1_8
34,4608,34,Female,mc_prob_0.2_FC_0.1_8
35,4597,35,Female,mc_prob_0.2_FC_0.1_8
36,4656,36,Female,mc_prob_0.2_FC_0.1_8
37,4738,37,Female,mc_prob_0.2_FC_0.1_8
38,4708,38,Female,mc_prob_0.2_FC_0.1_8
39,4763,39,Female,mc_prob_0.2_FC_0.1_8
40,4802,40,Female,mc_prob_0.2_FC_0.1_8
41,4750,41,Female,mc_prob_0.2_FC_0.1_8
42,4726,42,Female,mc_prob_0.2_FC_0.1_8
43,4830,43,Female,mc_prob_0.2_FC_0.1_8
44,4822,44,Female,mc_prob_0.2_FC_0.1_8
45,4993,45,Female,mc_prob_0.2_FC_0.1_8
46,4819,46,Female,mc_prob_0.2_FC_0.1_8
47,4774,47,Female,mc_prob_0.2_FC_0.1_8
48,4859,48,Female,mc_prob_0.2_FC_0.1_8
49,4947,49,Female,mc_prob_0.2_FC_0.1_8
50,4897,50,Female,mc_prob_0.2_FC_0.1_8
51,5000,0,Male,mc_prob_0.2_FC_0.1_8
52,4221,1,Male,mc_prob_0.2_FC_0.1_8
53,4111,2,Male,mc_prob_0.2_FC_0.1_8
54,4366,3,Male,mc_prob_0.2_FC_0.1_8
55,4106,4,Male,mc_prob_0.2_FC_0.1_8
56,4200,5,Male,mc_prob_0.2_FC_0.1_8
57,4125,6,Male,mc_prob_0.2_FC_0.1_8
58,4206,7,Male,mc_prob_0.2_FC_0.1_8
59,4235,8,Male,mc_prob_0.2_FC_0.1_8
60,4301,9,Male,mc_prob_0.2_FC_0.1_8
61,4282,10,Male,mc_prob_0.2_FC_0.1_8
62,4224,11,Male,mc_prob_0.2_FC_0.1_8
63,4242,12,Male,mc_prob_0.2_FC_0.1_8
64,4291,13,Male,mc_prob_0.2_FC_0.1_8
65,4316,14,Male,mc_prob_0.2_FC_0.1_8
66,4299,15,Male,mc_prob_0.2_FC_0.1_8
67,4466,16,Male,mc_prob_0.2_FC_0.1_8
68,4409,17,Male,mc_prob_0.2_FC_0.1_8
69,4232,18,Male,mc_prob_0.2_FC_0.1_8
70,4328,19,Male,mc_prob_0.2_FC_0.1_8
71,4352,20,Male,mc_prob_0.2_FC_0.1_8
72,4376,21,Male,mc_prob_0.2_FC_0.1_8
73,4288,22,Male,mc_prob_0.2_FC_0.1_8
74,4478,23,Male,mc_prob_0.2_FC_0.1_8
75,4587,24,Male,mc_prob_0.2_FC_0.1_8
76,4559,25,Male,mc_prob_0.2_FC_0.1_8
77,4504,26,Male,mc_prob_0.2_FC_0.1_8
78,4680,27,Male,mc_prob_0.2_FC_0.1_8
79,4692,28,Male,mc_prob_0.2_FC_0.1_8
80,4599,29,Male,mc_prob_0.2_FC_0.1_8
81,4695,30,Male,mc_prob_0.2_FC_0.1_8
82,4710,31,Male,mc_prob_0.2_FC_0.1_8
83,4821,32,Male,mc_prob_0.2_FC_0.1_8
84,4740,33,Male,mc_prob_0.2_FC_0.1_8
85,4699,34,Male,mc_prob_0.2_FC_0.1_8
86,4705,35,Male,mc_prob_0.2_FC_0.1_8
87,4724,36,Male,mc_prob_0.2_FC_0.1_8
88,4860,37,Male,mc_prob_0.2_FC_0.1_8
89,4794,38,Male,mc_prob_0.2_FC_0.1_8
90,4825,39,Male,mc_prob_0.2_FC_0.1_8
91,4844,40,Male,mc_prob_0.2_FC_0.1_8
92,4777,41,Male,mc_prob_0.2_FC_0.1_8
93,4745,42,Male,mc_prob_0.2_FC_0.1_8
94,4837,43,Male,mc_prob_0.2_FC_0.1_8
95,4930,44,Male,mc_prob_0.2_FC_0.1_8
96,5050,45,Male,mc_prob_0.2_FC_0.1_8
97,4998,46,Male,mc_prob_0.2_FC_0.1_8
98,4791,47,Male,mc_prob_0.2_FC_0.1_8
99,4927,48,Male,mc_prob_0.2_FC_0.1_8
100,4963,49,Male,mc_prob_0.2_FC_0.1_8
101,4909,50,Male,mc_prob_0.2_FC_0.1_8
,Count,Generation,Sex,Run
0,7000,0,Female,mc_prob_0.2_FC_0.1_9
1,4231,1,Female,mc_prob_0.2_FC_0.1_9
2,4127,2,Female,mc_prob_0.2_FC_0.1_9
3,4197,3,Female,mc_prob_0.2_FC_0.1_9
4,4161,4,Female,mc_prob_0.2_FC_0.1_9
5,4146,5,Female,mc_prob_0.2_FC_0.1_9
6,4258,6,Female,mc_prob_0.2_FC_0.1_9
7,4327,7,Female,mc_prob_0.2_FC_0.1_9
8,4204,8,Female,mc_prob_0.2_FC_0.1_9
9,4367,9,Female,mc_prob_0.2_FC_0.1_9
10,4340,10,Female,mc_prob_0.2_FC_0.1_9
11,4335,11,Female,mc_prob_0.2_FC_0.1_9
12,4489,12,Female,mc_prob_0.2_FC_0.1_9
13,4426,13,Female,mc_prob_0.2_FC_0.1_9
14,4470,14,Female,mc_prob_0.2_FC_0.1_9
15,4400,15,Female,mc_prob_0.2_FC_0.1_9
16,4480,16,Female,mc_prob_0.2_FC_0.1_9
17,4527,17,Female,mc_prob_0.2_FC_0.1_9
18,4464,18,Female,mc_prob_0.2_FC_0.1_9
19,4631,19,Female,mc_prob_0.2_FC_0.1_9
20,4508,20,Female,mc_prob_0.2_FC_0.1_9
21,4560,21,Female,mc_prob_0.2_FC_0.1_9
22,4669,22,Female,mc_prob_0.2_FC_0.1_9
23,4637,23,Female,mc_prob_0.2_FC_0.1_9
24,4681,24,Female,mc_prob_0.2_FC_0.1_9
25,4617,25,Female,mc_prob_0.2_FC_0.1_9
26,4626,26,Female,mc_prob_0.2_FC_0.1_9
27,4658,27,Female,mc_prob_0.2_FC_0.1_9
28,4591,28,Female,mc_prob_0.2_FC_0.1_9
29,4645,29,Female,mc_prob_0.2_FC_0.1_9
30,4766,30,Female,mc_prob_0.2_FC_0.1_9
31,4609,31,Female,mc_prob_0.2_FC_0.1_9
32,4713,32,Female,mc_prob_0.2_FC_0.1_9
33,4783,33,Female,mc_prob_0.2_FC_0.1_9
34,4803,34,Female,mc_prob_0.2_FC_0.1_9
35,4821,35,Female,mc_prob_0.2_FC_0.1_9
36,4847,36,Female,mc_prob_0.2_FC_0.1_9
37,4760,37,Female,mc_prob_0.2_FC_0.1_9
38,4805,38,Female,mc_prob_0.2_FC_0.1_9
39,4891,39,Female,mc_prob_0.2_FC_0.1_9
40,4893,40,Female,mc_prob_0.2_FC_0.1_9
41,4876,41,Female,mc_prob_0.2_FC_0.1_9
42,4794,42,Female,mc_prob_0.2_FC_0.1_9
43,4795,43,Female,mc_prob_0.2_FC_0.1_9
44,4811,44,Female,mc_prob_0.2_FC_0.1_9
45,4816,45,Female,mc_prob_0.2_FC_0.1_9
46,4819,46,Female,mc_prob_0.2_FC_0.1_9
47,4740,47,Female,mc_prob_0.2_FC_0.1_9
48,4837,48,Female,mc_prob_0.2_FC_0.1_9
49,4868,49,Female,mc_prob_0.2_FC_0.1_9
50,4772,50,Female,mc_prob_0.2_FC_0.1_9
51,5000,0,Male,mc_prob_0.2_FC_0.1_9
52,4252,1,Male,mc_prob_0.2_FC_0.1_9
53,4134,2,Male,mc_prob_0.2_FC_0.1_9
54,4262,3,Male,mc_prob_0.2_FC_0.1_9
55,4245,4,Male,mc_prob_0.2_FC_0.1_9
56,4166,5,Male,mc_prob_0.2_FC_0.1_9
57,4327,6,Male,mc_prob_0.2_FC_0.1_9
58,4389,7,Male,mc_prob_0.2_FC_0.1_9
59,4288,8,Male,mc_prob_0.2_FC_0.1_9
60,4385,9,Male,mc_prob_0.2_FC_0.1_9
61,4421,10,Male,mc_prob_0.2_FC_0.1_9
62,4401,11,Male,mc_prob_0.2_FC_0.1_9
63,4516,12,Male,mc_prob_0.2_FC_0.1_9
64,4518,13,Male,mc_prob_0.2_FC_0.1_9
65,4476,14,Male,mc_prob_0.2_FC_0.1_9
66,4433,15,Male,mc_prob_0.2_FC_0.1_9
67,4480,16,Male,mc_prob_0.2_FC_0.1_9
68,4587,17,Male,mc_prob_0.2_FC_0.1_9
69,4509,18,Male,mc_prob_0.2_FC_0.1_9
70,4649,19,Male,mc_prob_0.2_FC_0.1_9
71,4633,20,Male,mc_prob_0.2_FC_0.1_9
72,4639,21,Male,mc_prob_0.2_FC_0.1_9
73,4712,22,Male,mc_prob_0.2_FC_0.1_9
74,4700,23,Male,mc_prob_0.2_FC_0.1_9
75,4774,24,Male,mc_prob_0.2_FC_0.1_9
76,4621,25,Male,mc_prob_0.2_FC_0.1_9
77,4740,26,Male,mc_prob_0.2_FC_0.1_9
78,4701,27,Male,mc_prob_0.2_FC_0.1_9
79,4841,28,Male,mc_prob_0.2_FC_0.1_9
80,4698,29,Male,mc_prob_0.2_FC_0.1_9
81,4856,30,Male,mc_prob_0.2_FC_0.1_9
82,4794,31,Male,mc_prob_0.2_FC_0.1_9
83,4854,32,Male,mc_prob_0.2_FC_0.1_9
84,4816,33,Male,mc_prob_0.2_FC_0.1_9
85,4847,34,Male,mc_prob_0.2_FC_0.1_9
86,4844,35,Male,mc_prob_0.2_FC_0.1_9
87,4880,36,Male,mc_prob_0.2_FC_0.1_9
88,4877,37,Male,mc_prob_0.2_FC_0.1_9
89,4917,38,Male,mc_prob_0.2_FC_0.1_9
90,4908,39,Male,mc_prob_0.2_FC_0.1_9
91,4956,40,Male,mc_prob_0.2_FC_0.1_9
92,4969,41,Male,mc_prob_0.2_FC_0.1_9
93,4817,42,Male,mc_prob_0.2_FC_0.1_9
94,4800,43,Male,mc_prob_0.2_FC_0.1_9
95,4889,44,Male,mc_prob_0.2_FC_0.1_9
96,4851,45,Male,mc_prob_0.2_FC_0.1_9
97,4978,46,Male,mc_prob_0.2_FC_0.1_9
98,4932,47,Male,mc_prob_0.2_FC_0.1_9
99,4837,48,Male,mc_prob_0.2_FC_0.1_9
100,4992,49,Male,mc_prob_0.2_FC_0.1_9
101,4963,50,Male,mc_prob_0.2_FC_0.1_9
,Count,Generation,Sex,Run
0,7000,0,Female,mc_prob_0.2_FC_0.1_10
1,4239,1,Female,mc_prob_0.2_FC_0.1_10
2,4055,2,Female,mc_prob_0.2_FC_0.1_10
3,4124,3,Female,mc_prob_0.2_FC_0.1_10
4,4140,4,Female,mc_prob_0.2_FC_0.1_10
5,4200,5,Female,mc_prob_0.2_FC_0.1_10
6,4208,6,Female,mc_prob_0.2_FC_0.1_10
7,4282,7,Female,mc_prob_0.2_FC_0.1_10
8,4370,8,Female,mc_prob_0.2_FC_0.1_10
9,4297,9,Female,mc_prob_0.2_FC_0.1_10
10,4199,10,Female,mc_prob_0.2_FC_0.1_10
11,4332,11,Female,mc_prob_0.2_FC_0.1_10
12,4342,12,Female,mc_prob_0.2_FC_0.1_10
13,4302,13,Female,mc_prob_0.2_FC_0.1_10
14,4286,14,Female,mc_prob_0.2_FC_0.1_10
15,4299,15,Female,mc_prob_0.2_FC_0.1_10
16,4306,16,Female,mc_prob_0.2_FC_0.1_10
17,4322,17,Female,mc_prob_0.2_FC_0.1_10
18,4399,18,Female,mc_prob_0.2_FC_0.1_10
19,4432,19,Female,mc_prob_0.2_FC_0.1_10
20,4491,20,Female,mc_prob_0.2_FC_0.1_10
21,4473,21,Female,mc_prob_0.2_FC_0.1_10
22,4508,22,Female,mc_prob_0.2_FC_0.1_10
23,4696,23,Female,mc_prob_0.2_FC_0.1_10
24,4562,24,Female,mc_prob_0.2_FC_0.1_10
25,4601,25,Female,mc_prob_0.2_FC_0.1_10
26,4641,26,Female,mc_prob_0.2_FC_0.1_10
27,4705,27,Female,mc_prob_0.2_FC_0.1_10
28,4804,28,Female,mc_prob_0.2_FC_0.1_10
29,4750,29,Female,mc_prob_0.2_FC_0.1_10
30,4706,30,Female,mc_prob_0.2_FC_0.1_10
31,4784,31,Female,mc_prob_0.2_FC_0.1_10
32,4869,32,Female,mc_prob_0.2_FC_0.1_10
33,4736,33,Female,mc_prob_0.2_FC_0.1_10
34,4677,34,Female,mc_prob_0.2_FC_0.1_10
35,4729,35,Female,mc_prob_0.2_FC_0.1_10
36,4868,36,Female,mc_prob_0.2_FC_0.1_10
37,4831,37,Female,mc_prob_0.2_FC_0.1_10
38,4839,38,Female,mc_prob_0.2_FC_0.1_10
39,4633,39,Female,mc_prob_0.2_FC_0.1_10
40,4836,40,Female,mc_prob_0.2_FC_0.1_10
41,4771,41,Female,mc_prob_0.2_FC_0.1_10
42,4764,42,Female,mc_prob_0.2_FC_0.1_10
43,4843,43,Female,mc_prob_0.2_FC_0.1_10
44,4934,44,Female,mc_prob_0.2_FC_0.1_10
45,4887,45,Female,mc_prob_0.2_FC_0.1_10
46,4828,46,Female,mc_prob_0.2_FC_0.1_10
47,4745,47,Female,mc_prob_0.2_FC_0.1_10
48,4891,48,Female,mc_prob_0.2_FC_0.1_10
49,5000,49,Female,mc_prob_0.2_FC_0.1_10
50,4880,50,Female,mc_prob_0.2_FC_0.1_10
51,5000,0,Male,mc_prob_0.2_FC_0.1_10
52,4335,1,Male,mc_prob_0.2_FC_0.1_10
53,4137,2,Male,mc_prob_0.2_FC_0.1_10
54,4277,3,Male,mc_prob_0.2_FC_0.1_10
55,4196,4,Male,mc_prob_0.2_FC_0.1_10
56,4285,5,Male,mc_prob_0.2_FC_0.1_10
57,4238,6,Male,mc_prob_0.2_FC_0.1_10
58,4303,7,Male,mc_prob_0.2_FC_0.1_10
59,4379,8,Male,mc_prob_0.2_FC_0.1_10
60,4341,9,Male,mc_prob_0.2_FC_0.1_10
61,4219,10,Male,mc_prob_0.2_FC_0.1_10
62,4336,11,Male,mc_prob_0.2_FC_0.1_10
63,4374,12,Male,mc_prob_0.2_FC_0.1_10
64,4451,13,Male,mc_prob_0.2_FC_0.1_10
65,4350,14,Male,mc_prob_0.2_FC_0.1_10
66,4359,15,Male,mc_prob_0.2_FC_0.1_10
67,4399,16,Male,mc_prob_0.2_FC_0.1_10
68,4519,17,Male,mc_prob_0.2_FC_0.1_10
69,4417,18,Male,mc_prob_0.2_FC_0.1_10
70,4466,19,Male,mc_prob_0.2_FC_0.1_10
71,4493,20,Male,mc_prob_0.2_FC_0.1_10
72,4694,21,Male,mc_prob_0.2_FC_0.1_10
73,4547,22,Male,mc_prob_0.2_FC_0.1_10
74,4698,23,Male,mc_prob_0.2_FC_0.1_10
75,4634,24,Male,mc_prob_0.2_FC_0.1_10
76,4718,25,Male,mc_prob_0.2_FC_0.1_10
77,4657,26,Male,mc_prob_0.2_FC_0.1_10
78,4706,27,Male,mc_prob_0.2_FC_0.1_10
79,4842,28,Male,mc_prob_0.2_FC_0.1_10
80,4789,29,Male,mc_prob_0.2_FC_0.1_10
81,4728,30,Male,mc_prob_0.2_FC_0.1_10
82,4841,31,Male,mc_prob_0.2_FC_0.1_10
83,4928,32,Male,mc_prob_0.2_FC_0.1_10
84,4860,33,Male,mc_prob_0.2_FC_0.1_10
85,4848,34,Male,mc_prob_0.2_FC_0.1_10
86,4746,35,Male,mc_prob_0.2_FC_0.1_10
87,4872,36,Male,mc_prob_0.2_FC_0.1_10
88,4891,37,Male,mc_prob_0.2_FC_0.1_10
89,4991,38,Male,mc_prob_0.2_FC_0.1_10
90,4739,39,Male,mc_prob_0.2_FC_0.1_10
91,4916,40,Male,mc_prob_0.2_FC_0.1_10
92,4870,41,Male,mc_prob_0.2_FC_0.1_10
93,4928,42,Male,mc_prob_0.2_FC_0.1_10
94,4861,43,Male,mc_prob_0.2_FC_0.1_10
95,4988,44,Male,mc_prob_0.2_FC_0.1_10
96,4963,45,Male,mc_prob_0.2_FC_0.1_10
97,4892,46,Male,mc_prob_0.2_FC_0.1_10
98,4917,47,Male,mc_prob_0.2_FC_0.1_10
99,4909,48,Male,mc_prob_0.2_FC_0.1_10
100,5049,49,Male,mc_prob_0.2_FC_0.1_10
101,4896,50,Male,mc_prob_0.2_FC_0.1_10
,Count,Generation,Sex,Run
0,7000,0,Female,mc_prob_0.2_FC_0.15_1
1,3947,1,Female,mc_prob_0.2_FC_0.15_1
2,3998,2,Female,mc_prob_0.2_FC_0.15_1
3,4153,3,Female,mc_prob_0.2_FC_0.15_1
4,4182,4,Female,mc_prob_0.2_FC_0.15_1
5,4286,5,Female,mc_prob_0.2_FC_0.15_1
6,4293,6,Female,mc_prob_0.2_FC_0.15_1
7,4265,7,Female,mc_prob_0.2_FC_0.15_1
8,4278,8,Female,mc_prob_0.2_FC_0.15_1
9,4371,9,Female,mc_prob_0.2_FC_0.15_1
10,4531,10,Female,mc_prob_0.2_FC_0.15_1
11,4577,11,Female,mc_prob_0.2_FC_0.15_1
12,4707,12,Female,mc_prob_0.2_FC_0.15_1
13,4664,13,Female,mc_prob_0.2_FC_0.15_1
14,4617,14,Female,mc_prob_0.2_FC_0.15_1
15,4538,15,Female,mc_prob_0.2_FC_0.15_1
16,4502,16,Female,mc_prob_0.2_FC_0.15_1
17,4775,17,Female,mc_prob_0.2_FC_0.15_1
18,4798,18,Female,mc_prob_0.2_FC_0.15_1
19,4886,19,Female,mc_prob_0.2_FC_0.15_1
20,4828,20,Female,mc_prob_0.2_FC_0.15_1
21,4920,21,Female,mc_prob_0.2_FC_0.15_1
22,4814,22,Female,mc_prob_0.2_FC_0.15_1
23,4772,23,Female,mc_prob_0.2_FC_0.15_1
24,4822,24,Female,mc_prob_0.2_FC_0.15_1
25,4910,25,Female,mc_prob_0.2_FC_0.15_1
26,4806,26,Female,mc_prob_0.2_FC_0.15_1
27,4809,27,Female,mc_prob_0.2_FC_0.15_1
28,4761,28,Female,mc_prob_0.2_FC_0.15_1
29,4804,29,Female,mc_prob_0.2_FC_0.15_1
30,4821,30,Female,mc_prob_0.2_FC_0.15_1
31,4966,31,Female,mc_prob_0.2_FC_0.15_1
32,5116,32,Female,mc_prob_0.2_FC_0.15_1
33,5126,33,Female,mc_prob_0.2_FC_0.15_1
34,5027,34,Female,mc_prob_0.2_FC_0.15_1
35,4894,35,Female,mc_prob_0.2_FC_0.15_1
36,4899,36,Female,mc_prob_0.2_FC_0.15_1
37,4837,37,Female,mc_prob_0.2_FC_0.15_1
38,4845,38,Female,mc_prob_0.2_FC_0.15_1
39,5027,39,Female,mc_prob_0.2_FC_0.15_1
40,4981,40,Female,mc_prob_0.2_FC_0.15_1
41,4995,41,Female,mc_prob_0.2_FC_0.15_1
42,4949,42,Female,mc_prob_0.2_FC_0.15_1
43,4937,43,Female,mc_prob_0.2_FC_0.15_1
44,4821,44,Female,mc_prob_0.2_FC_0.15_1
45,4783,45,Female,mc_prob_0.2_FC_0.15_1
46,4810,46,Female,mc_prob_0.2_FC_0.15_1
47,4928,47,Female,mc_prob_0.2_FC_0.15_1
48,4890,48,Female,mc_prob_0.2_FC_0.15_1
49,5089,49,Female,mc_prob_0.2_FC_0.15_1
50,4995,50,Female,mc_prob_0.2_FC_0.15_1
51,5000,0,Male,mc_prob_0.2_FC_0.15_1
52,4102,1,Male,mc_prob_0.2_FC_0.15_1
53,4135,2,Male,mc_prob_0.2_FC_0.15_1
54,4154,3,Male,mc_prob_0.2_FC_0.15_1
55,4295,4,Male,mc_prob_0.2_FC_0.15_1
56,4313,5,Male,mc_prob_0.2_FC_0.15_1
57,4344,6,Male,mc_prob_0.2_FC_0.15_1
58,4353,7,Male,mc_prob_0.2_FC_0.15_1
59,4404,8,Male,mc_prob_0.2_FC_0.15_1
60,4459,9,Male,mc_prob_0.2_FC_0.15_1
61,4589,10,Male,mc_prob_0.2_FC_0.15_1
62,4594,11,Male,mc_prob_0.2_FC_0.15_1
63,4785,12,Male,mc_prob_0.2_FC_0.15_1
64,4762,13,Male,mc_prob_0.2_FC_0.15_1
65,4725,14,Male,mc_prob_0.2_FC_0.15_1
66,4650,15,Male,mc_prob_0.2_FC_0.15_1
67,4600,16,Male,mc_prob_0.2_FC_0.15_1
68,4836,17,Male,mc_prob_0.2_FC_0.15_1
69,4815,18,Male,mc_prob_0.2_FC_0.15_1
70,5042,19,Male,mc_prob_0.2_FC_0.15_1
71,4836,20,Male,mc_prob_0.2_FC_0.15_1
72,4942,21,Male,mc_prob_0.2_FC_0.15_1
73,4852,22,Male,mc_prob_0.2_FC_0.15_1
74,4857,23,Male,mc_prob_0.2_FC_0.15_1
75,4950,24,Male,mc_prob_0.2_FC_0.15_1
76,4981,25,Male,mc_prob_0.2_FC_0.15_1
77,4895,26,Male,mc_prob_0.2_FC_0.15_1
78,5038,27,Male,mc_prob_0.2_FC_0.15_1
79,4811,28,Male,mc_prob_0.2_FC_0.15_1
80,4973,29,Male,mc_prob_0.2_FC_0.15_1
81,4841,30,Male,mc_prob_0.2_FC_0.15_1
82,4980,31,Male,mc_prob_0.2_FC_0.15_1
83,5126,32,Male,mc_prob_0.2_FC_0.15_1
84,5126,33,Male,mc_prob_0.2_FC_0.15_1
85,5146,34,Male,mc_prob_0.2_FC_0.15_1
86,4924,35,Male,mc_prob_0.2_FC_0.15_1
87,4968,36,Male,mc_prob_0.2_FC_0.15_1
88,4911,37,Male,mc_prob_0.2_FC_0.15_1
89,4857,38,Male,mc_prob_0.2_FC_0.15_1
90,5084,39,Male,mc_prob_0.2_FC_0.15_1
91,5017,40,Male,mc_prob_0.2_FC_0.15_1
92,5049,41,Male,mc_prob_0.2_FC_0.15_1
93,4980,42,Male,mc_prob_0.2_FC_0.15_1
94,4967,43,Male,mc_prob_0.2_FC_0.15_1
95,5049,44,Male,mc_prob_0.2_FC_0.15_1
96,5018,45,Male,mc_prob_0.2_FC_0.15_1
97,4975,46,Male,mc_prob_0.2_FC_0.15_1
98,4949,47,Male,mc_prob_0.2_FC_0.15_1
99,4984,48,Male,mc_prob_0.2_FC_0.15_1
100,5089,49,Male,mc_prob_0.2_FC_0.15_1
101,5105,50,Male,mc_prob_0.2_FC_0.15_1
,Count,Generation,Sex,Run
0,7000,0,Female,mc_prob_0.2_FC_0.15_2
1,4019,1,Female,mc_prob_0.2_FC_0.15_2
2,4134,2,Female,mc_prob_0.2_FC_0.15_2
3,4256,3,Female,mc_prob_0.2_FC_0.15_2
4,4280,4,Female,mc_prob_0.2_FC_0.15_2
5,4288,5,Female,mc_prob_0.2_FC_0.15_2
6,4349,6,Female,mc_prob_0.2_FC_0.15_2
7,4408,7,Female,mc_prob_0.2_FC_0.15_2
8,4388,8,Female,mc_prob_0.2_FC_0.15_2
9,4438,9,Female,mc_prob_0.2_FC_0.15_2
10,4371,10,Female,mc_prob_0.2_FC_0.15_2
11,4579,11,Female,mc_prob_0.2_FC_0.15_2
12,4653,12,Female,mc_prob_0.2_FC_0.15_2
13,4633,13,Female,mc_prob_0.2_FC_0.15_2
14,4631,14,Female,mc_prob_0.2_FC_0.15_2
15,4696,15,Female,mc_prob_0.2_FC_0.15_2
16,4696,16,Female,mc_prob_0.2_FC_0.15_2
17,4775,17,Female,mc_prob_0.2_FC_0.15_2
18,4665,18,Female,mc_prob_0.2_FC_0.15_2
19,4724,19,Female,mc_prob_0.2_FC_0.15_2
20,4841,20,Female,mc_prob_0.2_FC_0.15_2
21,4807,21,Female,mc_prob_0.2_FC_0.15_2
22,4843,22,Female,mc_prob_0.2_FC_0.15_2
23,4864,23,Female,mc_prob_0.2_FC_0.15_2
24,4860,24,Female,mc_prob_0.2_FC_0.15_2
25,4807,25,Female,mc_prob_0.2_FC_0.15_2
26,4890,26,Female,mc_prob_0.2_FC_0.15_2
27,4904,27,Female,mc_prob_0.2_FC_0.15_2
28,4766,28,Female,mc_prob_0.2_FC_0.15_2
29,4785,29,Female,mc_prob_0.2_FC_0.15_2
30,4859,30,Female,mc_prob_0.2_FC_0.15_2
31,4845,31,Female,mc_prob_0.2_FC_0.15_2
32,4903,32,Female,mc_prob_0.2_FC_0.15_2
33,5003,33,Female,mc_prob_0.2_FC_0.15_2
34,4905,34,Female,mc_prob_0.2_FC_0.15_2
35,4921,35,Female,mc_prob_0.2_FC_0.15_2
36,4964,36,Female,mc_prob_0.2_FC_0.15_2
37,4883,37,Female,mc_prob_0.2_FC_0.15_2
38,4864,38,Female,mc_prob_0.2_FC_0.15_2
39,4976,39,Female,mc_prob_0.2_FC_0.15_2
40,4932,40,Female,mc_prob_0.2_FC_0.15_2
41,4931,41,Female,mc_prob_0.2_FC_0.15_2
42,4927,42,Female,mc_prob_0.2_FC_0.15_2
43,4932,43,Female,mc_prob_0.2_FC_0.15_2
44,4901,44,Female,mc_prob_0.2_FC_0.15_2
45,5078,45,Female,mc_prob_0.2_FC_0.15_2
46,4859,46,Female,mc_prob_0.2_FC_0.15_2
47,5066,47,Female,mc_prob_0.2_FC_0.15_2
48,4899,48,Female,mc_prob_0.2_FC_0.15_2
49,4879,49,Female,mc_prob_0.2_FC_0.15_2
50,4920,50,Female,mc_prob_0.2_FC_0.15_2
51,5000,0,Male,mc_prob_0.2_FC_0.15_2
52,4109,1,Male,mc_prob_0.2_FC_0.15_2
53,4146,2,Male,mc_prob_0.2_FC_0.15_2
54,4318,3,Male,mc_prob_0.2_FC_0.15_2
55,4294,4,Male,mc_prob_0.2_FC_0.15_2
56,4393,5,Male,mc_prob_0.2_FC_0.15_2
57,4367,6,Male,mc_prob_0.2_FC_0.15_2
58,4522,7,Male,mc_prob_0.2_FC_0.15_2
59,4393,8,Male,mc_prob_0.2_FC_0.15_2
60,4488,9,Male,mc_prob_0.2_FC_0.15_2
61,4473,10,Male,mc_prob_0.2_FC_0.15_2
62,4615,11,Male,mc_prob_0.2_FC_0.15_2
63,4685,12,Male,mc_prob_0.2_FC_0.15_2
64,4697,13,Male,mc_prob_0.2_FC_0.15_2
65,4669,14,Male,mc_prob_0.2_FC_0.15_2
66,4795,15,Male,mc_prob_0.2_FC_0.15_2
67,4788,16,Male,mc_prob_0.2_FC_0.15_2
68,4858,17,Male,mc_prob_0.2_FC_0.15_2
69,4779,18,Male,mc_prob_0.2_FC_0.15_2
70,4829,19,Male,mc_prob_0.2_FC_0.15_2
71,4855,20,Male,mc_prob_0.2_FC_0.15_2
72,4898,21,Male,mc_prob_0.2_FC_0.15_2
73,4872,22,Male,mc_prob_0.2_FC_0.15_2
74,4928,23,Male,mc_prob_0.2_FC_0.15_2
75,4990,24,Male,mc_prob_0.2_FC_0.15_2
76,4899,25,Male,mc_prob_0.2_FC_0.15_2
77,4922,26,Male,mc_prob_0.2_FC_0.15_2
78,4946,27,Male,mc_prob_0.2_FC_0.15_2
79,5035,28,Male,mc_prob_0.2_FC_0.15_2
80,4839,29,Male,mc_prob_0.2_FC_0.15_2
81,4936,30,Male,mc_prob_0.2_FC_0.15_2
82,4974,31,Male,mc_prob_0.2_FC_0.15_2
83,5009,32,Male,mc_prob_0.2_FC_0.15_2
84,5085,33,Male,mc_prob_0.2_FC_0.15_2
85,4984,34,Male,mc_prob_0.2_FC_0.15_2
86,4973,35,Male,mc_prob_0.2_FC_0.15_2
87,5076,36,Male,mc_prob_0.2_FC_0.15_2
88,5135,37,Male,mc_prob_0.2_FC_0.15_2
89,4906,38,Male,mc_prob_0.2_FC_0.15_2
90,4995,39,Male,mc_prob_0.2_FC_0.15_2
91,4961,40,Male,mc_prob_0.2_FC_0.15_2
92,4948,41,Male,mc_prob_0.2_FC_0.15_2
93,5110,42,Male,mc_prob_0.2_FC_0.15_2
94,4972,43,Male,mc_prob_0.2_FC_0.15_2
95,5056,44,Male,mc_prob_0.2_FC_0.15_2
96,5086,45,Male,mc_prob_0.2_FC_0.15_2
97,4982,46,Male,mc_prob_0.2_FC_0.15_2
98,5069,47,Male,mc_prob_0.2_FC_0.15_2
99,5039,48,Male,mc_prob_0.2_FC_0.15_2
100,4995,49,Male,mc_prob_0.2_FC_0.15_2
101,4934,50,Male,mc_prob_0.2_FC_0.15_2
,Count,Generation,Sex,Run
0,7000,0,Female,mc_prob_0.2_FC_0.15_3
1,4087,1,Female,mc_prob_0.2_FC_0.15_3
2,4189,2,Female,mc_prob_0.2_FC_0.15_3
3,4194,3,Female,mc_prob_0.2_FC_0.15_3
4,4237,4,Female,mc_prob_0.2_FC_0.15_3
5,4344,5,Female,mc_prob_0.2_FC_0.15_3
6,4367,6,Female,mc_prob_0.2_FC_0.15_3
7,4400,7,Female,mc_prob_0.2_FC_0.15_3
8,4496,8,Female,mc_prob_0.2_FC_0.15_3
9,4460,9,Female,mc_prob_0.2_FC_0.15_3
10,4674,10,Female,mc_prob_0.2_FC_0.15_3
11,4707,11,Female,mc_prob_0.2_FC_0.15_3
12,4674,12,Female,mc_prob_0.2_FC_0.15_3
13,4710,13,Female,mc_prob_0.2_FC_0.15_3
14,4766,14,Female,mc_prob_0.2_FC_0.15_3
15,4783,15,Female,mc_prob_0.2_FC_0.15_3
16,4757,16,Female,mc_prob_0.2_FC_0.15_3
17,4831,17,Female,mc_prob_0.2_FC_0.15_3
18,4801,18,Female,mc_prob_0.2_FC_0.15_3
19,4875,19,Female,mc_prob_0.2_FC_0.15_3
20,4872,20,Female,mc_prob_0.2_FC_0.15_3
21,4812,21,Female,mc_prob_0.2_FC_0.15_3
22,4763,22,Female,mc_prob_0.2_FC_0.15_3
23,4831,23,Female,mc_prob_0.2_FC_0.15_3
24,4712,24,Female,mc_prob_0.2_FC_0.15_3
25,4818,25,Female,mc_prob_0.2_FC_0.15_3
26,4960,26,Female,mc_prob_0.2_FC_0.15_3
27,5022,27,Female,mc_prob_0.2_FC_0.15_3
28,5061,28,Female,mc_prob_0.2_FC_0.15_3
29,4963,29,Female,mc_prob_0.2_FC_0.15_3
30,4939,30,Female,mc_prob_0.2_FC_0.15_3
31,4971,31,Female,mc_prob_0.2_FC_0.15_3
32,4930,32,Female,mc_prob_0.2_FC_0.15_3
33,4922,33,Female,mc_prob_0.2_FC_0.15_3
34,4864,34,Female,mc_prob_0.2_FC_0.15_3
35,4978,35,Female,mc_prob_0.2_FC_0.15_3
36,5104,36,Female,mc_prob_0.2_FC_0.15_3
37,5078,37,Female,mc_prob_0.2_FC_0.15_3
38,5102,38,Female,mc_prob_0.2_FC_0.15_3
39,4914,39,Female,mc_prob_0.2_FC_0.15_3
40,4953,40,Female,mc_prob_0.2_FC_0.15_3
41,4962,41,Female,mc_prob_0.2_FC_0.15_3
42,4821,42,Female,mc_prob_0.2_FC_0.15_3
43,4913,43,Female,mc_prob_0.2_FC_0.15_3
44,4992,44,Female,mc_prob_0.2_FC_0.15_3
45,5051,45,Female,mc_prob_0.2_FC_0.15_3
46,5035,46,Female,mc_prob_0.2_FC_0.15_3
47,5065,47,Female,mc_prob_0.2_FC_0.15_3
48,5149,48,Female,mc_prob_0.2_FC_0.15_3
49,5037,49,Female,mc_prob_0.2_FC_0.15_3
50,4877,50,Female,mc_prob_0.2_FC_0.15_3
51,5000,0,Male,mc_prob_0.2_FC_0.15_3
52,4255,1,Male,mc_prob_0.2_FC_0.15_3
53,4250,2,Male,mc_prob_0.2_FC_0.15_3
54,4229,3,Male,mc_prob_0.2_FC_0.15_3
55,4316,4,Male,mc_prob_0.2_FC_0.15_3
56,4377,5,Male,mc_prob_0.2_FC_0.15_3
57,4433,6,Male,mc_prob_0.2_FC_0.15_3
58,4470,7,Male,mc_prob_0.2_FC_0.15_3
59,4593,8,Male,mc_prob_0.2_FC_0.15_3
60,4499,9,Male,mc_prob_0.2_FC_0.15_3
61,4703,10,Male,mc_prob_0.2_FC_0.15_3
62,4729,11,Male,mc_prob_0.2_FC_0.15_3
63,4701,12,Male,mc_prob_0.2_FC_0.15_3
64,4713,13,Male,mc_prob_0.2_FC_0.15_3
65,4799,14,Male,mc_prob_0.2_FC_0.15_3
66,4832,15,Male,mc_prob_0.2_FC_0.15_3
67,4780,16,Male,mc_prob_0.2_FC_0.15_3
68,4845,17,Male,mc_prob_0.2_FC_0.15_3
69,4817,18,Male,mc_prob_0.2_FC_0.15_3
70,4879,19,Male,mc_prob_0.2_FC_0.15_3
71,4955,20,Male,mc_prob_0.2_FC_0.15_3
72,4939,21,Male,mc_prob_0.2_FC_0.15_3
73,4911,22,Male,mc_prob_0.2_FC_0.15_3
74,4889,23,Male,mc_prob_0.2_FC_0.15_3
75,4827,24,Male,mc_prob_0.2_FC_0.15_3
76,4831,25,Male,mc_prob_0.2_FC_0.15_3
77,5030,26,Male,mc_prob_0.2_FC_0.15_3
78,5071,27,Male,mc_prob_0.2_FC_0.15_3
79,5066,28,Male,mc_prob_0.2_FC_0.15_3
80,5120,29,Male,mc_prob_0.2_FC_0.15_3
81,4945,30,Male,mc_prob_0.2_FC_0.15_3
82,5046,31,Male,mc_prob_0.2_FC_0.15_3
83,5005,32,Male,mc_prob_0.2_FC_0.15_3
84,4952,33,Male,mc_prob_0.2_FC_0.15_3
85,4896,34,Male,mc_prob_0.2_FC_0.15_3
86,5019,35,Male,mc_prob_0.2_FC_0.15_3
87,5106,36,Male,mc_prob_0.2_FC_0.15_3
88,5114,37,Male,mc_prob_0.2_FC_0.15_3
89,5126,38,Male,mc_prob_0.2_FC_0.15_3
90,5032,39,Male,mc_prob_0.2_FC_0.15_3
91,5014,40,Male,mc_prob_0.2_FC_0.15_3
92,5052,41,Male,mc_prob_0.2_FC_0.15_3
93,4853,42,Male,mc_prob_0.2_FC_0.15_3
94,4970,43,Male,mc_prob_0.2_FC_0.15_3
95,5034,44,Male,mc_prob_0.2_FC_0.15_3
96,5121,45,Male,mc_prob_0.2_FC_0.15_3
97,5080,46,Male,mc_prob_0.2_FC_0.15_3
98,5068,47,Male,mc_prob_0.2_FC_0.15_3
99,5187,48,Male,mc_prob_0.2_FC_0.15_3
100,5057,49,Male,mc_prob_0.2_FC_0.15_3
101,4926,50,Male,mc_prob_0.2_FC_0.15_3
,Count,Generation,Sex,Run
0,7000,0,Female,mc_prob_0.2_FC_0.15_4
1,4229,1,Female,mc_prob_0.2_FC_0.15_4
2,4230,2,Female,mc_prob_0.2_FC_0.15_4
3,4287,3,Female,mc_prob_0.2_FC_0.15_4
4,4287,4,Female,mc_prob_0.2_FC_0.15_4
5,4190,5,Female,mc_prob_0.2_FC_0.15_4
6,4217,6,Female,mc_prob_0.2_FC_0.15_4
7,4254,7,Female,mc_prob_0.2_FC_0.15_4
8,4302,8,Female,mc_prob_0.2_FC_0.15_4
9,4430,9,Female,mc_prob_0.2_FC_0.15_4
10,4595,10,Female,mc_prob_0.2_FC_0.15_4
11,4596,11,Female,mc_prob_0.2_FC_0.15_4
12,4658,12,Female,mc_prob_0.2_FC_0.15_4
13,4570,13,Female,mc_prob_0.2_FC_0.15_4
14,4707,14,Female,mc_prob_0.2_FC_0.15_4
15,4643,15,Female,mc_prob_0.2_FC_0.15_4
16,4703,16,Female,mc_prob_0.2_FC_0.15_4
17,4720,17,Female,mc_prob_0.2_FC_0.15_4
18,4726,18,Female,mc_prob_0.2_FC_0.15_4
19,4717,19,Female,mc_prob_0.2_FC_0.15_4
20,4877,20,Female,mc_prob_0.2_FC_0.15_4
21,4785,21,Female,mc_prob_0.2_FC_0.15_4
22,4794,22,Female,mc_prob_0.2_FC_0.15_4
23,4890,23,Female,mc_prob_0.2_FC_0.15_4
24,4975,24,Female,mc_prob_0.2_FC_0.15_4
25,4917,25,Female,mc_prob_0.2_FC_0.15_4
26,4914,26,Female,mc_prob_0.2_FC_0.15_4
27,4871,27,Female,mc_prob_0.2_FC_0.15_4
28,4873,28,Female,mc_prob_0.2_FC_0.15_4
29,4840,29,Female,mc_prob_0.2_FC_0.15_4
30,4922,30,Female,mc_prob_0.2_FC_0.15_4
31,4938,31,Female,mc_prob_0.2_FC_0.15_4
32,4854,32,Female,mc_prob_0.2_FC_0.15_4
33,4819,33,Female,mc_prob_0.2_FC_0.15_4
34,4844,34,Female,mc_prob_0.2_FC_0.15_4
35,4886,35,Female,mc_prob_0.2_FC_0.15_4
36,4906,36,Female,mc_prob_0.2_FC_0.15_4
37,5037,37,Female,mc_prob_0.2_FC_0.15_4
38,4975,38,Female,mc_prob_0.2_FC_0.15_4
39,4902,39,Female,mc_prob_0.2_FC_0.15_4
40,4994,40,Female,mc_prob_0.2_FC_0.15_4
41,4912,41,Female,mc_prob_0.2_FC_0.15_4
42,4947,42,Female,mc_prob_0.2_FC_0.15_4
43,4964,43,Female,mc_prob_0.2_FC_0.15_4
44,5004,44,Female,mc_prob_0.2_FC_0.15_4
45,4881,45,Female,mc_prob_0.2_FC_0.15_4
46,4916,46,Female,mc_prob_0.2_FC_0.15_4
47,4968,47,Female,mc_prob_0.2_FC_0.15_4
48,4960,48,Female,mc_prob_0.2_FC_0.15_4
49,4963,49,Female,mc_prob_0.2_FC_0.15_4
50,4971,50,Female,mc_prob_0.2_FC_0.15_4
51,5000,0,Male,mc_prob_0.2_FC_0.15_4
52,4243,1,Male,mc_prob_0.2_FC_0.15_4
53,4234,2,Male,mc_prob_0.2_FC_0.15_4
54,4354,3,Male,mc_prob_0.2_FC_0.15_4
55,4369,4,Male,mc_prob_0.2_FC_0.15_4
56,4324,5,Male,mc_prob_0.2_FC_0.15_4
57,4327,6,Male,mc_prob_0.2_FC_0.15_4
58,4422,7,Male,mc_prob_0.2_FC_0.15_4
59,4443,8,Male,mc_prob_0.2_FC_0.15_4
60,4517,9,Male,mc_prob_0.2_FC_0.15_4
61,4599,10,Male,mc_prob_0.2_FC_0.15_4
62,4711,11,Male,mc_prob_0.2_FC_0.15_4
63,4730,12,Male,mc_prob_0.2_FC_0.15_4
64,4652,13,Male,mc_prob_0.2_FC_0.15_4
65,4757,14,Male,mc_prob_0.2_FC_0.15_4
66,4727,15,Male,mc_prob_0.2_FC_0.15_4
67,4764,16,Male,mc_prob_0.2_FC_0.15_4
68,4755,17,Male,mc_prob_0.2_FC_0.15_4
69,4807,18,Male,mc_prob_0.2_FC_0.15_4
70,4929,19,Male,mc_prob_0.2_FC_0.15_4
71,4902,20,Male,mc_prob_0.2_FC_0.15_4
72,4929,21,Male,mc_prob_0.2_FC_0.15_4
73,4879,22,Male,mc_prob_0.2_FC_0.15_4
74,4903,23,Male,mc_prob_0.2_FC_0.15_4
75,4981,24,Male,mc_prob_0.2_FC_0.15_4
76,5026,25,Male,mc_prob_0.2_FC_0.15_4
77,4988,26,Male,mc_prob_0.2_FC_0.15_4
78,4987,27,Male,mc_prob_0.2_FC_0.15_4
79,4937,28,Male,mc_prob_0.2_FC_0.15_4
80,4891,29,Male,mc_prob_0.2_FC_0.15_4
81,4941,30,Male,mc_prob_0.2_FC_0.15_4
82,4955,31,Male,mc_prob_0.2_FC_0.15_4
83,5005,32,Male,mc_prob_0.2_FC_0.15_4
84,4855,33,Male,mc_prob_0.2_FC_0.15_4
85,4926,34,Male,mc_prob_0.2_FC_0.15_4
86,4894,35,Male,mc_prob_0.2_FC_0.15_4
87,4999,36,Male,mc_prob_0.2_FC_0.15_4
88,5040,37,Male,mc_prob_0.2_FC_0.15_4
89,5000,38,Male,mc_prob_0.2_FC_0.15_4
90,5054,39,Male,mc_prob_0.2_FC_0.15_4
91,5005,40,Male,mc_prob_0.2_FC_0.15_4
92,5078,41,Male,mc_prob_0.2_FC_0.15_4
93,4959,42,Male,mc_prob_0.2_FC_0.15_4
94,4993,43,Male,mc_prob_0.2_FC_0.15_4
95,5136,44,Male,mc_prob_0.2_FC_0.15_4
96,5129,45,Male,mc_prob_0.2_FC_0.15_4
97,4933,46,Male,mc_prob_0.2_FC_0.15_4
98,5065,47,Male,mc_prob_0.2_FC_0.15_4
99,4998,48,Male,mc_prob_0.2_FC_0.15_4
100,5039,49,Male,mc_prob_0.2_FC_0.15_4
101,5080,50,Male,mc_prob_0.2_FC_0.15_4
,Count,Generation,Sex,Run
0,7000,0,Female,mc_prob_0.2_FC_0.15_5
1,4047,1,Female,mc_prob_0.2_FC_0.15_5
2,4065,2,Female,mc_prob_0.2_FC_0.15_5
3,4192,3,Female,mc_prob_0.2_FC_0.15_5
4,4140,4,Female,mc_prob_0.2_FC_0.15_5
5,4302,5,Female,mc_prob_0.2_FC_0.15_5
6,4315,6,Female,mc_prob_0.2_FC_0.15_5
7,4362,7,Female,mc_prob_0.2_FC_0.15_5
8,4420,8,Female,mc_prob_0.2_FC_0.15_5
9,4472,9,Female,mc_prob_0.2_FC_0.15_5
10,4482,10,Female,mc_prob_0.2_FC_0.15_5
11,4603,11,Female,mc_prob_0.2_FC_0.15_5
12,4656,12,Female,mc_prob_0.2_FC_0.15_5
13,4778,13,Female,mc_prob_0.2_FC_0.15_5
14,4827,14,Female,mc_prob_0.2_FC_0.15_5
15,4712,15,Female,mc_prob_0.2_FC_0.15_5
16,4754,16,Female,mc_prob_0.2_FC_0.15_5
17,4841,17,Female,mc_prob_0.2_FC_0.15_5
18,4730,18,Female,mc_prob_0.2_FC_0.15_5
19,4798,19,Female,mc_prob_0.2_FC_0.15_5
20,4761,20,Female,mc_prob_0.2_FC_0.15_5
21,4735,21,Female,mc_prob_0.2_FC_0.15_5
22,4722,22,Female,mc_prob_0.2_FC_0.15_5
23,4799,23,Female,mc_prob_0.2_FC_0.15_5
24,4866,24,Female,mc_prob_0.2_FC_0.15_5
25,4849,25,Female,mc_prob_0.2_FC_0.15_5
26,4991,26,Female,mc_prob_0.2_FC_0.15_5
27,4957,27,Female,mc_prob_0.2_FC_0.15_5
28,4828,28,Female,mc_prob_0.2_FC_0.15_5
29,4956,29,Female,mc_prob_0.2_FC_0.15_5
30,4916,30,Female,mc_prob_0.2_FC_0.15_5
31,4861,31,Female,mc_prob_0.2_FC_0.15_5
32,4905,32,Female,mc_prob_0.2_FC_0.15_5
33,4963,33,Female,mc_prob_0.2_FC_0.15_5
34,4952,34,Female,mc_prob_0.2_FC_0.15_5
35,5040,35,Female,mc_prob_0.2_FC_0.15_5
36,4950,36,Female,mc_prob_0.2_FC_0.15_5
37,4958,37,Female,mc_prob_0.2_FC_0.15_5
38,4919,38,Female,mc_prob_0.2_FC_0.15_5
39,5042,39,Female,mc_prob_0.2_FC_0.15_5
40,4828,40,Female,mc_prob_0.2_FC_0.15_5
41,4752,41,Female,mc_prob_0.2_FC_0.15_5
42,4807,42,Female,mc_prob_0.2_FC_0.15_5
43,4859,43,Female,mc_prob_0.2_FC_0.15_5
44,5026,44,Female,mc_prob_0.2_FC_0.15_5
45,5079,45,Female,mc_prob_0.2_FC_0.15_5
46,4931,46,Female,mc_prob_0.2_FC_0.15_5
47,4879,47,Female,mc_prob_0.2_FC_0.15_5
48,4943,48,Female,mc_prob_0.2_FC_0.15_5
49,4900,49,Female,mc_prob_0.2_FC_0.15_5
50,4907,50,Female,mc_prob_0.2_FC_0.15_5
51,5000,0,Male,mc_prob_0.2_FC_0.15_5
52,4124,1,Male,mc_prob_0.2_FC_0.15_5
53,4134,2,Male,mc_prob_0.2_FC_0.15_5
54,4254,3,Male,mc_prob_0.2_FC_0.15_5
55,4226,4,Male,mc_prob_0.2_FC_0.15_5
56,4307,5,Male,mc_prob_0.2_FC_0.15_5
57,4359,6,Male,mc_prob_0.2_FC_0.15_5
58,4367,7,Male,mc_prob_0.2_FC_0.15_5
59,4469,8,Male,mc_prob_0.2_FC_0.15_5
60,4502,9,Male,mc_prob_0.2_FC_0.15_5
61,4532,10,Male,mc_prob_0.2_FC_0.15_5
62,4652,11,Male,mc_prob_0.2_FC_0.15_5
63,4676,12,Male,mc_prob_0.2_FC_0.15_5
64,4832,13,Male,mc_prob_0.2_FC_0.15_5
65,4845,14,Male,mc_prob_0.2_FC_0.15_5
66,4776,15,Male,mc_prob_0.2_FC_0.15_5
67,4792,16,Male,mc_prob_0.2_FC_0.15_5
68,4859,17,Male,mc_prob_0.2_FC_0.15_5
69,4746,18,Male,mc_prob_0.2_FC_0.15_5
70,4890,19,Male,mc_prob_0.2_FC_0.15_5
71,4869,20,Male,mc_prob_0.2_FC_0.15_5
72,4809,21,Male,mc_prob_0.2_FC_0.15_5
73,4801,22,Male,mc_prob_0.2_FC_0.15_5
74,4845,23,Male,mc_prob_0.2_FC_0.15_5
75,4940,24,Male,mc_prob_0.2_FC_0.15_5
76,4879,25,Male,mc_prob_0.2_FC_0.15_5
77,4995,26,Male,mc_prob_0.2_FC_0.15_5
78,5056,27,Male,mc_prob_0.2_FC_0.15_5
79,4864,28,Male,mc_prob_0.2_FC_0.15_5
80,4984,29,Male,mc_prob_0.2_FC_0.15_5
81,4928,30,Male,mc_prob_0.2_FC_0.15_5
82,5005,31,Male,mc_prob_0.2_FC_0.15_5
83,4982,32,Male,mc_prob_0.2_FC_0.15_5
84,4966,33,Male,mc_prob_0.2_FC_0.15_5
85,5024,34,Male,mc_prob_0.2_FC_0.15_5
86,5095,35,Male,mc_prob_0.2_FC_0.15_5
87,4968,36,Male,mc_prob_0.2_FC_0.15_5
88,5000,37,Male,mc_prob_0.2_FC_0.15_5
89,4943,38,Male,mc_prob_0.2_FC_0.15_5
90,5202,39,Male,mc_prob_0.2_FC_0.15_5
91,5083,40,Male,mc_prob_0.2_FC_0.15_5
92,4876,41,Male,mc_prob_0.2_FC_0.15_5
93,4957,42,Male,mc_prob_0.2_FC_0.15_5
94,4887,43,Male,mc_prob_0.2_FC_0.15_5
95,5043,44,Male,mc_prob_0.2_FC_0.15_5
96,5104,45,Male,mc_prob_0.2_FC_0.15_5
97,5179,46,Male,mc_prob_0.2_FC_0.15_5
98,4932,47,Male,mc_prob_0.2_FC_0.15_5
99,5092,48,Male,mc_prob_0.2_FC_0.15_5
100,4951,49,Male,mc_prob_0.2_FC_0.15_5
101,5035,50,Male,mc_prob_0.2_FC_0.15_5
,Count,Generation,Sex,Run
0,7000,0,Female,mc_prob_0.2_FC_0.15_6
1,4028,1,Female,mc_prob_0.2_FC_0.15_6
2,3988,2,Female,mc_prob_0.2_FC_0.15_6
3,4144,3,Female,mc_prob_0.2_FC_0.15_6
4,4181,4,Female,mc_prob_0.2_FC_0.15_6
5,4188,5,Female,mc_prob_0.2_FC_0.15_6
6,4391,6,Female,mc_prob_0.2_FC_0.15_6
7,4338,7,Female,mc_prob_0.2_FC_0.15_6
8,4414,8,Female,mc_prob_0.2_FC_0.15_6
9,4383,9,Female,mc_prob_0.2_FC_0.15_6
10,4421,10,Female,mc_prob_0.2_FC_0.15_6
11,4492,11,Female,mc_prob_0.2_FC_0.15_6
12,4532,12,Female,mc_prob_0.2_FC_0.15_6
13,4667,13,Female,mc_prob_0.2_FC_0.15_6
14,4565,14,Female,mc_prob_0.2_FC_0.15_6
15,4736,15,Female,mc_prob_0.2_FC_0.15_6
16,4763,16,Female,mc_prob_0.2_FC_0.15_6
17,4654,17,Female,mc_prob_0.2_FC_0.15_6
18,4707,18,Female,mc_prob_0.2_FC_0.15_6
19,4864,19,Female,mc_prob_0.2_FC_0.15_6
20,4895,20,Female,mc_prob_0.2_FC_0.15_6
21,4761,21,Female,mc_prob_0.2_FC_0.15_6
22,4861,22,Female,mc_prob_0.2_FC_0.15_6
23,4908,23,Female,mc_prob_0.2_FC_0.15_6
24,4943,24,Female,mc_prob_0.2_FC_0.15_6
25,4910,25,Female,mc_prob_0.2_FC_0.15_6
26,4909,26,Female,mc_prob_0.2_FC_0.15_6
27,4957,27,Female,mc_prob_0.2_FC_0.15_6
28,4969,28,Female,mc_prob_0.2_FC_0.15_6
29,4981,29,Female,mc_prob_0.2_FC_0.15_6
30,4905,30,Female,mc_prob_0.2_FC_0.15_6
31,4957,31,Female,mc_prob_0.2_FC_0.15_6
32,4994,32,Female,mc_prob_0.2_FC_0.15_6
33,4855,33,Female,mc_prob_0.2_FC_0.15_6
34,4848,34,Female,mc_prob_0.2_FC_0.15_6
35,4930,35,Female,mc_prob_0.2_FC_0.15_6
36,5046,36,Female,mc_prob_0.2_FC_0.15_6
37,4952,37,Female,mc_prob_0.2_FC_0.15_6
38,4915,38,Female,mc_prob_0.2_FC_0.15_6
39,4898,39,Female,mc_prob_0.2_FC_0.15_6
40,4921,40,Female,mc_prob_0.2_FC_0.15_6
41,4866,41,Female,mc_prob_0.2_FC_0.15_6
42,4912,42,Female,mc_prob_0.2_FC_0.15_6
43,4900,43,Female,mc_prob_0.2_FC_0.15_6
44,4972,44,Female,mc_prob_0.2_FC_0.15_6
45,5033,45,Female,mc_prob_0.2_FC_0.15_6
46,5061,46,Female,mc_prob_0.2_FC_0.15_6
47,5063,47,Female,mc_prob_0.2_FC_0.15_6
48,4904,48,Female,mc_prob_0.2_FC_0.15_6
49,4993,49,Female,mc_prob_0.2_FC_0.15_6
50,4998,50,Female,mc_prob_0.2_FC_0.15_6
51,5000,0,Male,mc_prob_0.2_FC_0.15_6
52,4163,1,Male,mc_prob_0.2_FC_0.15_6
53,4011,2,Male,mc_prob_0.2_FC_0.15_6
54,4176,3,Male,mc_prob_0.2_FC_0.15_6
55,4255,4,Male,mc_prob_0.2_FC_0.15_6
56,4216,5,Male,mc_prob_0.2_FC_0.15_6
57,4428,6,Male,mc_prob_0.2_FC_0.15_6
58,4441,7,Male,mc_prob_0.2_FC_0.15_6
59,4442,8,Male,mc_prob_0.2_FC_0.15_6
60,4545,9,Male,mc_prob_0.2_FC_0.15_6
61,4430,10,Male,mc_prob_0.2_FC_0.15_6
62,4647,11,Male,mc_prob_0.2_FC_0.15_6
63,4576,12,Male,mc_prob_0.2_FC_0.15_6
64,4770,13,Male,mc_prob_0.2_FC_0.15_6
65,4672,14,Male,mc_prob_0.2_FC_0.15_6
66,4799,15,Male,mc_prob_0.2_FC_0.15_6
67,4918,16,Male,mc_prob_0.2_FC_0.15_6
68,4813,17,Male,mc_prob_0.2_FC_0.15_6
69,4716,18,Male,mc_prob_0.2_FC_0.15_6
70,4876,19,Male,mc_prob_0.2_FC_0.15_6
71,4898,20,Male,mc_prob_0.2_FC_0.15_6
72,4920,21,Male,mc_prob_0.2_FC_0.15_6
73,4871,22,Male,mc_prob_0.2_FC_0.15_6
74,4975,23,Male,mc_prob_0.2_FC_0.15_6
75,5004,24,Male,mc_prob_0.2_FC_0.15_6
76,4970,25,Male,mc_prob_0.2_FC_0.15_6
77,4925,26,Male,mc_prob_0.2_FC_0.15_6
78,5004,27,Male,mc_prob_0.2_FC_0.15_6
79,4996,28,Male,mc_prob_0.2_FC_0.15_6
80,5037,29,Male,mc_prob_0.2_FC_0.15_6
81,4936,30,Male,mc_prob_0.2_FC_0.15_6
82,4970,31,Male,mc_prob_0.2_FC_0.15_6
83,5069,32,Male,mc_prob_0.2_FC_0.15_6
84,4949,33,Male,mc_prob_0.2_FC_0.15_6
85,4981,34,Male,mc_prob_0.2_FC_0.15_6
86,4930,35,Male,mc_prob_0.2_FC_0.15_6
87,5115,36,Male,mc_prob_0.2_FC_0.15_6
88,4982,37,Male,mc_prob_0.2_FC_0.15_6
89,4925,38,Male,mc_prob_0.2_FC_0.15_6
90,5041,39,Male,mc_prob_0.2_FC_0.15_6
91,4976,40,Male,mc_prob_0.2_FC_0.15_6
92,4878,41,Male,mc_prob_0.2_FC_0.15_6
93,4974,42,Male,mc_prob_0.2_FC_0.15_6
94,4914,43,Male,mc_prob_0.2_FC_0.15_6
95,5012,44,Male,mc_prob_0.2_FC_0.15_6
96,5046,45,Male,mc_prob_0.2_FC_0.15_6
97,5133,46,Male,mc_prob_0.2_FC_0.15_6
98,5064,47,Male,mc_prob_0.2_FC_0.15_6
99,4977,48,Male,mc_prob_0.2_FC_0.15_6
100,5021,49,Male,mc_prob_0.2_FC_0.15_6
101,5100,50,Male,mc_prob_0.2_FC_0.15_6
,Count,Generation,Sex,Run
0,7000,0,Female,mc_prob_0.2_FC_0.15_7
1,4139,1,Female,mc_prob_0.2_FC_0.15_7
2,4008,2,Female,mc_prob_0.2_FC_0.15_7
3,4077,3,Female,mc_prob_0.2_FC_0.15_7
4,4198,4,Female,mc_prob_0.2_FC_0.15_7
5,4273,5,Female,mc_prob_0.2_FC_0.15_7
6,4399,6,Female,mc_prob_0.2_FC_0.15_7
7,4466,7,Female,mc_prob_0.2_FC_0.15_7
8,4570,8,Female,mc_prob_0.2_FC_0.15_7
9,4470,9,Female,mc_prob_0.2_FC_0.15_7
10,4505,10,Female,mc_prob_0.2_FC_0.15_7
11,4476,11,Female,mc_prob_0.2_FC_0.15_7
12,4351,12,Female,mc_prob_0.2_FC_0.15_7
13,4536,13,Female,mc_prob_0.2_FC_0.15_7
14,4597,14,Female,mc_prob_0.2_FC_0.15_7
15,4669,15,Female,mc_prob_0.2_FC_0.15_7
16,4655,16,Female,mc_prob_0.2_FC_0.15_7
17,4741,17,Female,mc_prob_0.2_FC_0.15_7
18,4667,18,Female,mc_prob_0.2_FC_0.15_7
19,4688,19,Female,mc_prob_0.2_FC_0.15_7
20,4594,20,Female,mc_prob_0.2_FC_0.15_7
21,4796,21,Female,mc_prob_0.2_FC_0.15_7
22,4805,22,Female,mc_prob_0.2_FC_0.15_7
23,4761,23,Female,mc_prob_0.2_FC_0.15_7
24,4762,24,Female,mc_prob_0.2_FC_0.15_7
25,4754,25,Female,mc_prob_0.2_FC_0.15_7
26,4843,26,Female,mc_prob_0.2_FC_0.15_7
27,4771,27,Female,mc_prob_0.2_FC_0.15_7
28,4840,28,Female,mc_prob_0.2_FC_0.15_7
29,4878,29,Female,mc_prob_0.2_FC_0.15_7
30,4915,30,Female,mc_prob_0.2_FC_0.15_7
31,4898,31,Female,mc_prob_0.2_FC_0.15_7
32,4882,32,Female,mc_prob_0.2_FC_0.15_7
33,4896,33,Female,mc_prob_0.2_FC_0.15_7
34,4887,34,Female,mc_prob_0.2_FC_0.15_7
35,4896,35,Female,mc_prob_0.2_FC_0.15_7
36,4980,36,Female,mc_prob_0.2_FC_0.15_7
37,5027,37,Female,mc_prob_0.2_FC_0.15_7
38,4988,38,Female,mc_prob_0.2_FC_0.15_7
39,5040,39,Female,mc_prob_0.2_FC_0.15_7
40,5050,40,Female,mc_prob_0.2_FC_0.15_7
41,5019,41,Female,mc_prob_0.2_FC_0.15_7
42,4969,42,Female,mc_prob_0.2_FC_0.15_7
43,4981,43,Female,mc_prob_0.2_FC_0.15_7
44,4934,44,Female,mc_prob_0.2_FC_0.15_7
45,5016,45,Female,mc_prob_0.2_FC_0.15_7
46,4828,46,Female,mc_prob_0.2_FC_0.15_7
47,4972,47,Female,mc_prob_0.2_FC_0.15_7
48,5016,48,Female,mc_prob_0.2_FC_0.15_7
49,5090,49,Female,mc_prob_0.2_FC_0.15_7
50,5038,50,Female,mc_prob_0.2_FC_0.15_7
51,5000,0,Male,mc_prob_0.2_FC_0.15_7
52,4158,1,Male,mc_prob_0.2_FC_0.15_7
53,4119,2,Male,mc_prob_0.2_FC_0.15_7
54,4295,3,Male,mc_prob_0.2_FC_0.15_7
55,4261,4,Male,mc_prob_0.2_FC_0.15_7
56,4292,5,Male,mc_prob_0.2_FC_0.15_7
57,4485,6,Male,mc_prob_0.2_FC_0.15_7
58,4496,7,Male,mc_prob_0.2_FC_0.15_7
59,4571,8,Male,mc_prob_0.2_FC_0.15_7
60,4522,9,Male,mc_prob_0.2_FC_0.15_7
61,4523,10,Male,mc_prob_0.2_FC_0.15_7
62,4584,11,Male,mc_prob_0.2_FC_0.15_7
63,4697,12,Male,mc_prob_0.2_FC_0.15_7
64,4578,13,Male,mc_prob_0.2_FC_0.15_7
65,4661,14,Male,mc_prob_0.2_FC_0.15_7
66,4703,15,Male,mc_prob_0.2_FC_0.15_7
67,4753,16,Male,mc_prob_0.2_FC_0.15_7
68,4779,17,Male,mc_prob_0.2_FC_0.15_7
69,4867,18,Male,mc_prob_0.2_FC_0.15_7
70,4787,19,Male,mc_prob_0.2_FC_0.15_7
71,4755,20,Male,mc_prob_0.2_FC_0.15_7
72,4822,21,Male,mc_prob_0.2_FC_0.15_7
73,4984,22,Male,mc_prob_0.2_FC_0.15_7
74,4817,23,Male,mc_prob_0.2_FC_0.15_7
75,4964,24,Male,mc_prob_0.2_FC_0.15_7
76,4801,25,Male,mc_prob_0.2_FC_0.15_7
77,4903,26,Male,mc_prob_0.2_FC_0.15_7
78,4879,27,Male,mc_prob_0.2_FC_0.15_7
79,4901,28,Male,mc_prob_0.2_FC_0.15_7
80,4960,29,Male,mc_prob_0.2_FC_0.15_7
81,4919,30,Male,mc_prob_0.2_FC_0.15_7
82,5099,31,Male,mc_prob_0.2_FC_0.15_7
83,4958,32,Male,mc_prob_0.2_FC_0.15_7
84,4950,33,Male,mc_prob_0.2_FC_0.15_7
85,5081,34,Male,mc_prob_0.2_FC_0.15_7
86,4911,35,Male,mc_prob_0.2_FC_0.15_7
87,4980,36,Male,mc_prob_0.2_FC_0.15_7
88,5091,37,Male,mc_prob_0.2_FC_0.15_7
89,5011,38,Male,mc_prob_0.2_FC_0.15_7
90,5063,39,Male,mc_prob_0.2_FC_0.15_7
91,5057,40,Male,mc_prob_0.2_FC_0.15_7
92,5095,41,Male,mc_prob_0.2_FC_0.15_7
93,5018,42,Male,mc_prob_0.2_FC_0.15_7
94,5046,43,Male,mc_prob_0.2_FC_0.15_7
95,5002,44,Male,mc_prob_0.2_FC_0.15_7
96,5079,45,Male,mc_prob_0.2_FC_0.15_7
97,4978,46,Male,mc_prob_0.2_FC_0.15_7
98,5002,47,Male,mc_prob_0.2_FC_0.15_7
99,5128,48,Male,mc_prob_0.2_FC_0.15_7
100,5114,49,Male,mc_prob_0.2_FC_0.15_7
101,5054,50,Male,mc_prob_0.2_FC_0.15_7
,Count,Generation,Sex,Run
0,7000,0,Female,mc_prob_0.2_FC_0.15_8
1,4052,1,Female,mc_prob_0.2_FC_0.15_8
2,4178,2,Female,mc_prob_0.2_FC_0.15_8
3,4207,3,Female,mc_prob_0.2_FC_0.15_8
4,4155,4,Female,mc_prob_0.2_FC_0.15_8
5,4162,5,Female,mc_prob_0.2_FC_0.15_8
6,4229,6,Female,mc_prob_0.2_FC_0.15_8
7,4336,7,Female,mc_prob_0.2_FC_0.15_8
8,4433,8,Female,mc_prob_0.2_FC_0.15_8
9,4542,9,Female,mc_prob_0.2_FC_0.15_8
10,4537,10,Female,mc_prob_0.2_FC_0.15_8
11,4550,11,Female,mc_prob_0.2_FC_0.15_8
12,4543,12,Female,mc_prob_0.2_FC_0.15_8
13,4443,13,Female,mc_prob_0.2_FC_0.15_8
14,4572,14,Female,mc_prob_0.2_FC_0.15_8
15,4620,15,Female,mc_prob_0.2_FC_0.15_8
16,4749,16,Female,mc_prob_0.2_FC_0.15_8
17,4713,17,Female,mc_prob_0.2_FC_0.15_8
18,4795,18,Female,mc_prob_0.2_FC_0.15_8
19,4779,19,Female,mc_prob_0.2_FC_0.15_8
20,4850,20,Female,mc_prob_0.2_FC_0.15_8
21,4863,21,Female,mc_prob_0.2_FC_0.15_8
22,4982,22,Female,mc_prob_0.2_FC_0.15_8
23,4934,23,Female,mc_prob_0.2_FC_0.15_8
24,4903,24,Female,mc_prob_0.2_FC_0.15_8
25,4885,25,Female,mc_prob_0.2_FC_0.15_8
26,4823,26,Female,mc_prob_0.2_FC_0.15_8
27,4758,27,Female,mc_prob_0.2_FC_0.15_8
28,5010,28,Female,mc_prob_0.2_FC_0.15_8
29,4908,29,Female,mc_prob_0.2_FC_0.15_8
30,4921,30,Female,mc_prob_0.2_FC_0.15_8
31,4974,31,Female,mc_prob_0.2_FC_0.15_8
32,4912,32,Female,mc_prob_0.2_FC_0.15_8
33,4923,33,Female,mc_prob_0.2_FC_0.15_8
34,4958,34,Female,mc_prob_0.2_FC_0.15_8
35,4770,35,Female,mc_prob_0.2_FC_0.15_8
36,4786,36,Female,mc_prob_0.2_FC_0.15_8
37,4707,37,Female,mc_prob_0.2_FC_0.15_8
38,4842,38,Female,mc_prob_0.2_FC_0.15_8
39,4945,39,Female,mc_prob_0.2_FC_0.15_8
40,4994,40,Female,mc_prob_0.2_FC_0.15_8
41,5012,41,Female,mc_prob_0.2_FC_0.15_8
42,5095,42,Female,mc_prob_0.2_FC_0.15_8
43,4988,43,Female,mc_prob_0.2_FC_0.15_8
44,4969,44,Female,mc_prob_0.2_FC_0.15_8
45,4855,45,Female,mc_prob_0.2_FC_0.15_8
46,4910,46,Female,mc_prob_0.2_FC_0.15_8
47,4982,47,Female,mc_prob_0.2_FC_0.15_8
48,4978,48,Female,mc_prob_0.2_FC_0.15_8
49,4976,49,Female,mc_prob_0.2_FC_0.15_8
50,5067,50,Female,mc_prob_0.2_FC_0.15_8
51,5000,0,Male,mc_prob_0.2_FC_0.15_8
52,4084,1,Male,mc_prob_0.2_FC_0.15_8
53,4193,2,Male,mc_prob_0.2_FC_0.15_8
54,4261,3,Male,mc_prob_0.2_FC_0.15_8
55,4309,4,Male,mc_prob_0.2_FC_0.15_8
56,4397,5,Male,mc_prob_0.2_FC_0.15_8
57,4291,6,Male,mc_prob_0.2_FC_0.15_8
58,4560,7,Male,mc_prob_0.2_FC_0.15_8
59,4448,8,Male,mc_prob_0.2_FC_0.15_8
60,4546,9,Male,mc_prob_0.2_FC_0.15_8
61,4591,10,Male,mc_prob_0.2_FC_0.15_8
62,4617,11,Male,mc_prob_0.2_FC_0.15_8
63,4577,12,Male,mc_prob_0.2_FC_0.15_8
64,4608,13,Male,mc_prob_0.2_FC_0.15_8
65,4601,14,Male,mc_prob_0.2_FC_0.15_8
66,4709,15,Male,mc_prob_0.2_FC_0.15_8
67,4772,16,Male,mc_prob_0.2_FC_0.15_8
68,4757,17,Male,mc_prob_0.2_FC_0.15_8
69,4827,18,Male,mc_prob_0.2_FC_0.15_8
70,4818,19,Male,mc_prob_0.2_FC_0.15_8
71,4940,20,Male,mc_prob_0.2_FC_0.15_8
72,4888,21,Male,mc_prob_0.2_FC_0.15_8
73,4989,22,Male,mc_prob_0.2_FC_0.15_8
74,4973,23,Male,mc_prob_0.2_FC_0.15_8
75,4936,24,Male,mc_prob_0.2_FC_0.15_8
76,4975,25,Male,mc_prob_0.2_FC_0.15_8
77,4920,26,Male,mc_prob_0.2_FC_0.15_8
78,4795,27,Male,mc_prob_0.2_FC_0.15_8
79,5061,28,Male,mc_prob_0.2_FC_0.15_8
80,4936,29,Male,mc_prob_0.2_FC_0.15_8
81,4926,30,Male,mc_prob_0.2_FC_0.15_8
82,5019,31,Male,mc_prob_0.2_FC_0.15_8
83,5031,32,Male,mc_prob_0.2_FC_0.15_8
84,4956,33,Male,mc_prob_0.2_FC_0.15_8
85,5085,34,Male,mc_prob_0.2_FC_0.15_8
86,4942,35,Male,mc_prob_0.2_FC_0.15_8
87,4958,36,Male,mc_prob_0.2_FC_0.15_8
88,4876,37,Male,mc_prob_0.2_FC_0.15_8
89,4865,38,Male,mc_prob_0.2_FC_0.15_8
90,4989,39,Male,mc_prob_0.2_FC_0.15_8
91,5028,40,Male,mc_prob_0.2_FC_0.15_8
92,5037,41,Male,mc_prob_0.2_FC_0.15_8
93,5112,42,Male,mc_prob_0.2_FC_0.15_8
94,5153,43,Male,mc_prob_0.2_FC_0.15_8
95,5005,44,Male,mc_prob_0.2_FC_0.15_8
96,5039,45,Male,mc_prob_0.2_FC_0.15_8
97,4947,46,Male,mc_prob_0.2_FC_0.15_8
98,5024,47,Male,mc_prob_0.2_FC_0.15_8
99,5012,48,Male,mc_prob_0.2_FC_0.15_8
100,5013,49,Male,mc_prob_0.2_FC_0.15_8
101,5103,50,Male,mc_prob_0.2_FC_0.15_8
,Count,Generation,Sex,Run
0,7000,0,Female,mc_prob_0.2_FC_0.15_9
1,4071,1,Female,mc_prob_0.2_FC_0.15_9
2,4091,2,Female,mc_prob_0.2_FC_0.15_9
3,4170,3,Female,mc_prob_0.2_FC_0.15_9
4,4110,4,Female,mc_prob_0.2_FC_0.15_9
5,4161,5,Female,mc_prob_0.2_FC_0.15_9
6,4332,6,Female,mc_prob_0.2_FC_0.15_9
7,4375,7,Female,mc_prob_0.2_FC_0.15_9
8,4560,8,Female,mc_prob_0.2_FC_0.15_9
9,4629,9,Female,mc_prob_0.2_FC_0.15_9
10,4501,10,Female,mc_prob_0.2_FC_0.15_9
11,4541,11,Female,mc_prob_0.2_FC_0.15_9
12,4683,12,Female,mc_prob_0.2_FC_0.15_9
13,4675,13,Female,mc_prob_0.2_FC_0.15_9
14,4714,14,Female,mc_prob_0.2_FC_0.15_9
15,4877,15,Female,mc_prob_0.2_FC_0.15_9
16,4780,16,Female,mc_prob_0.2_FC_0.15_9
17,4772,17,Female,mc_prob_0.2_FC_0.15_9
18,4725,18,Female,mc_prob_0.2_FC_0.15_9
19,4903,19,Female,mc_prob_0.2_FC_0.15_9
20,4916,20,Female,mc_prob_0.2_FC_0.15_9
21,4803,21,Female,mc_prob_0.2_FC_0.15_9
22,4776,22,Female,mc_prob_0.2_FC_0.15_9
23,4956,23,Female,mc_prob_0.2_FC_0.15_9
24,4955,24,Female,mc_prob_0.2_FC_0.15_9
25,4878,25,Female,mc_prob_0.2_FC_0.15_9
26,4930,26,Female,mc_prob_0.2_FC_0.15_9
27,4903,27,Female,mc_prob_0.2_FC_0.15_9
28,4785,28,Female,mc_prob_0.2_FC_0.15_9
29,4901,29,Female,mc_prob_0.2_FC_0.15_9
30,4813,30,Female,mc_prob_0.2_FC_0.15_9
31,4983,31,Female,mc_prob_0.2_FC_0.15_9
32,5103,32,Female,mc_prob_0.2_FC_0.15_9
33,5013,33,Female,mc_prob_0.2_FC_0.15_9
34,4865,34,Female,mc_prob_0.2_FC_0.15_9
35,4749,35,Female,mc_prob_0.2_FC_0.15_9
36,4908,36,Female,mc_prob_0.2_FC_0.15_9
37,4968,37,Female,mc_prob_0.2_FC_0.15_9
38,4951,38,Female,mc_prob_0.2_FC_0.15_9
39,4873,39,Female,mc_prob_0.2_FC_0.15_9
40,4767,40,Female,mc_prob_0.2_FC_0.15_9
41,4907,41,Female,mc_prob_0.2_FC_0.15_9
42,5081,42,Female,mc_prob_0.2_FC_0.15_9
43,5047,43,Female,mc_prob_0.2_FC_0.15_9
44,4946,44,Female,mc_prob_0.2_FC_0.15_9
45,4933,45,Female,mc_prob_0.2_FC_0.15_9
46,4977,46,Female,mc_prob_0.2_FC_0.15_9
47,5045,47,Female,mc_prob_0.2_FC_0.15_9
48,5136,48,Female,mc_prob_0.2_FC_0.15_9
49,5012,49,Female,mc_prob_0.2_FC_0.15_9
50,5066,50,Female,mc_prob_0.2_FC_0.15_9
51,5000,0,Male,mc_prob_0.2_FC_0.15_9
52,4149,1,Male,mc_prob_0.2_FC_0.15_9
53,4141,2,Male,mc_prob_0.2_FC_0.15_9
54,4341,3,Male,mc_prob_0.2_FC_0.15_9
55,4353,4,Male,mc_prob_0.2_FC_0.15_9
56,4267,5,Male,mc_prob_0.2_FC_0.15_9
57,4422,6,Male,mc_prob_0.2_FC_0.15_9
58,4406,7,Male,mc_prob_0.2_FC_0.15_9
59,4561,8,Male,mc_prob_0.2_FC_0.15_9
60,4639,9,Male,mc_prob_0.2_FC_0.15_9
61,4651,10,Male,mc_prob_0.2_FC_0.15_9
62,4557,11,Male,mc_prob_0.2_FC_0.15_9
63,4703,12,Male,mc_prob_0.2_FC_0.15_9
64,4687,13,Male,mc_prob_0.2_FC_0.15_9
65,4754,14,Male,mc_prob_0.2_FC_0.15_9
66,4921,15,Male,mc_prob_0.2_FC_0.15_9
67,4903,16,Male,mc_prob_0.2_FC_0.15_9
68,4862,17,Male,mc_prob_0.2_FC_0.15_9
69,4826,18,Male,mc_prob_0.2_FC_0.15_9
70,4933,19,Male,mc_prob_0.2_FC_0.15_9
71,4979,20,Male,mc_prob_0.2_FC_0.15_9
72,4887,21,Male,mc_prob_0.2_FC_0.15_9
73,4811,22,Male,mc_prob_0.2_FC_0.15_9
74,5045,23,Male,mc_prob_0.2_FC_0.15_9
75,4975,24,Male,mc_prob_0.2_FC_0.15_9
76,4981,25,Male,mc_prob_0.2_FC_0.15_9
77,4957,26,Male,mc_prob_0.2_FC_0.15_9
78,4986,27,Male,mc_prob_0.2_FC_0.15_9
79,4887,28,Male,mc_prob_0.2_FC_0.15_9
80,5009,29,Male,mc_prob_0.2_FC_0.15_9
81,4934,30,Male,mc_prob_0.2_FC_0.15_9
82,5055,31,Male,mc_prob_0.2_FC_0.15_9
83,5110,32,Male,mc_prob_0.2_FC_0.15_9
84,5077,33,Male,mc_prob_0.2_FC_0.15_9
85,5114,34,Male,mc_prob_0.2_FC_0.15_9
86,4856,35,Male,mc_prob_0.2_FC_0.15_9
87,4954,36,Male,mc_prob_0.2_FC_0.15_9
88,5028,37,Male,mc_prob_0.2_FC_0.15_9
89,4969,38,Male,mc_prob_0.2_FC_0.15_9
90,5008,39,Male,mc_prob_0.2_FC_0.15_9
91,4907,40,Male,mc_prob_0.2_FC_0.15_9
92,4910,41,Male,mc_prob_0.2_FC_0.15_9
93,5081,42,Male,mc_prob_0.2_FC_0.15_9
94,5183,43,Male,mc_prob_0.2_FC_0.15_9
95,4951,44,Male,mc_prob_0.2_FC_0.15_9
96,5035,45,Male,mc_prob_0.2_FC_0.15_9
97,5012,46,Male,mc_prob_0.2_FC_0.15_9
98,5057,47,Male,mc_prob_0.2_FC_0.15_9
99,5138,48,Male,mc_prob_0.2_FC_0.15_9
100,5018,49,Male,mc_prob_0.2_FC_0.15_9
101,5218,50,Male,mc_prob_0.2_FC_0.15_9
,Count,Generation,Sex,Run
0,7000,0,Female,mc_prob_0.2_FC_0.15_10
1,4117,1,Female,mc_prob_0.2_FC_0.15_10
2,4236,2,Female,mc_prob_0.2_FC_0.15_10
3,4216,3,Female,mc_prob_0.2_FC_0.15_10
4,4251,4,Female,mc_prob_0.2_FC_0.15_10
5,4296,5,Female,mc_prob_0.2_FC_0.15_10
6,4382,6,Female,mc_prob_0.2_FC_0.15_10
7,4371,7,Female,mc_prob_0.2_FC_0.15_10
8,4315,8,Female,mc_prob_0.2_FC_0.15_10
9,4391,9,Female,mc_prob_0.2_FC_0.15_10
10,4413,10,Female,mc_prob_0.2_FC_0.15_10
11,4344,11,Female,mc_prob_0.2_FC_0.15_10
12,4517,12,Female,mc_prob_0.2_FC_0.15_10
13,4495,13,Female,mc_prob_0.2_FC_0.15_10
14,4593,14,Female,mc_prob_0.2_FC_0.15_10
15,4649,15,Female,mc_prob_0.2_FC_0.15_10
16,4623,16,Female,mc_prob_0.2_FC_0.15_10
17,4714,17,Female,mc_prob_0.2_FC_0.15_10
18,4695,18,Female,mc_prob_0.2_FC_0.15_10
19,4726,19,Female,mc_prob_0.2_FC_0.15_10
20,4753,20,Female,mc_prob_0.2_FC_0.15_10
21,4813,21,Female,mc_prob_0.2_FC_0.15_10
22,4763,22,Female,mc_prob_0.2_FC_0.15_10
23,4827,23,Female,mc_prob_0.2_FC_0.15_10
24,4807,24,Female,mc_prob_0.2_FC_0.15_10
25,4944,25,Female,mc_prob_0.2_FC_0.15_10
26,4887,26,Female,mc_prob_0.2_FC_0.15_10
27,4764,27,Female,mc_prob_0.2_FC_0.15_10
28,4942,28,Female,mc_prob_0.2_FC_0.15_10
29,4787,29,Female,mc_prob_0.2_FC_0.15_10
30,4811,30,Female,mc_prob_0.2_FC_0.15_10
31,5033,31,Female,mc_prob_0.2_FC_0.15_10
32,5032,32,Female,mc_prob_0.2_FC_0.15_10
33,4932,33,Female,mc_prob_0.2_FC_0.15_10
34,4885,34,Female,mc_prob_0.2_FC_0.15_10
35,4988,35,Female,mc_prob_0.2_FC_0.15_10
36,4850,36,Female,mc_prob_0.2_FC_0.15_10
37,5013,37,Female,mc_prob_0.2_FC_0.15_10
38,5018,38,Female,mc_prob_0.2_FC_0.15_10
39,4878,39,Female,mc_prob_0.2_FC_0.15_10
40,4968,40,Female,mc_prob_0.2_FC_0.15_10
41,4964,41,Female,mc_prob_0.2_FC_0.15_10
42,4861,42,Female,mc_prob_0.2_FC_0.15_10
43,4825,43,Female,mc_prob_0.2_FC_0.15_10
44,4807,44,Female,mc_prob_0.2_FC_0.15_10
45,4934,45,Female,mc_prob_0.2_FC_0.15_10
46,5021,46,Female,mc_prob_0.2_FC_0.15_10
47,4844,47,Female,mc_prob_0.2_FC_0.15_10
48,4867,48,Female,mc_prob_0.2_FC_0.15_10
49,4958,49,Female,mc_prob_0.2_FC_0.15_10
50,4852,50,Female,mc_prob_0.2_FC_0.15_10
51,5000,0,Male,mc_prob_0.2_FC_0.15_10
52,4133,1,Male,mc_prob_0.2_FC_0.15_10
53,4253,2,Male,mc_prob_0.2_FC_0.15_10
54,4251,3,Male,mc_prob_0.2_FC_0.15_10
55,4300,4,Male,mc_prob_0.2_FC_0.15_10
56,4324,5,Male,mc_prob_0.2_FC_0.15_10
57,4420,6,Male,mc_prob_0.2_FC_0.15_10
58,4424,7,Male,mc_prob_0.2_FC_0.15_10
59,4393,8,Male,mc_prob_0.2_FC_0.15_10
60,4556,9,Male,mc_prob_0.2_FC_0.15_10
61,4469,10,Male,mc_prob_0.2_FC_0.15_10
62,4567,11,Male,mc_prob_0.2_FC_0.15_10
63,4612,12,Male,mc_prob_0.2_FC_0.15_10
64,4587,13,Male,mc_prob_0.2_FC_0.15_10
65,4602,14,Male,mc_prob_0.2_FC_0.15_10
66,4721,15,Male,mc_prob_0.2_FC_0.15_10
67,4790,16,Male,mc_prob_0.2_FC_0.15_10
68,4753,17,Male,mc_prob_0.2_FC_0.15_10
69,4778,18,Male,mc_prob_0.2_FC_0.15_10
70,4829,19,Male,mc_prob_0.2_FC_0.15_10
71,4799,20,Male,mc_prob_0.2_FC_0.15_10
72,4890,21,Male,mc_prob_0.2_FC_0.15_10
73,4867,22,Male,mc_prob_0.2_FC_0.15_10
74,4938,23,Male,mc_prob_0.2_FC_0.15_10
75,4983,24,Male,mc_prob_0.2_FC_0.15_10
76,4962,25,Male,mc_prob_0.2_FC_0.15_10
77,5000,26,Male,mc_prob_0.2_FC_0.15_10
78,4785,27,Male,mc_prob_0.2_FC_0.15_10
79,5022,28,Male,mc_prob_0.2_FC_0.15_10
80,4901,29,Male,mc_prob_0.2_FC_0.15_10
81,4847,30,Male,mc_prob_0.2_FC_0.15_10
82,5047,31,Male,mc_prob_0.2_FC_0.15_10
83,5048,32,Male,mc_prob_0.2_FC_0.15_10
84,4995,33,Male,mc_prob_0.2_FC_0.15_10
85,4977,34,Male,mc_prob_0.2_FC_0.15_10
86,5012,35,Male,mc_prob_0.2_FC_0.15_10
87,4977,36,Male,mc_prob_0.2_FC_0.15_10
88,5017,37,Male,mc_prob_0.2_FC_0.15_10
89,5020,38,Male,mc_prob_0.2_FC_0.15_10
90,4940,39,Male,mc_prob_0.2_FC_0.15_10
91,4986,40,Male,mc_prob_0.2_FC_0.15_10
92,5011,41,Male,mc_prob_0.2_FC_0.15_10
93,5018,42,Male,mc_prob_0.2_FC_0.15_10
94,4988,43,Male,mc_prob_0.2_FC_0.15_10
95,4924,44,Male,mc_prob_0.2_FC_0.15_10
96,4970,45,Male,mc_prob_0.2_FC_0.15_10
97,5095,46,Male,mc_prob_0.2_FC_0.15_10
98,4970,47,Male,mc_prob_0.2_FC_0.15_10
99,5066,48,Male,mc_prob_0.2_FC_0.15_10
100,4964,49,Male,mc_prob_0.2_FC_0.15_10
101,5033,50,Male,mc_prob_0.2_FC_0.15_10
,Count,Generation,Sex,Run
0,7000,0,Female,mc_prob_0.2_FC_0.2_1
1,3967,1,Female,mc_prob_0.2_FC_0.2_1
2,3957,2,Female,mc_prob_0.2_FC_0.2_1
3,4207,3,Female,mc_prob_0.2_FC_0.2_1
4,4404,4,Female,mc_prob_0.2_FC_0.2_1
5,4501,5,Female,mc_prob_0.2_FC_0.2_1
6,4482,6,Female,mc_prob_0.2_FC_0.2_1
7,4616,7,Female,mc_prob_0.2_FC_0.2_1
8,4530,8,Female,mc_prob_0.2_FC_0.2_1
9,4516,9,Female,mc_prob_0.2_FC_0.2_1
10,4587,10,Female,mc_prob_0.2_FC_0.2_1
11,4623,11,Female,mc_prob_0.2_FC_0.2_1
12,4745,12,Female,mc_prob_0.2_FC_0.2_1
13,4792,13,Female,mc_prob_0.2_FC_0.2_1
14,4713,14,Female,mc_prob_0.2_FC_0.2_1
15,4859,15,Female,mc_prob_0.2_FC_0.2_1
16,4921,16,Female,mc_prob_0.2_FC_0.2_1
17,4903,17,Female,mc_prob_0.2_FC_0.2_1
18,4709,18,Female,mc_prob_0.2_FC_0.2_1
19,4842,19,Female,mc_prob_0.2_FC_0.2_1
20,4959,20,Female,mc_prob_0.2_FC_0.2_1
21,5016,21,Female,mc_prob_0.2_FC_0.2_1
22,4968,22,Female,mc_prob_0.2_FC_0.2_1
23,4987,23,Female,mc_prob_0.2_FC_0.2_1
24,4963,24,Female,mc_prob_0.2_FC_0.2_1
25,4843,25,Female,mc_prob_0.2_FC_0.2_1
26,4816,26,Female,mc_prob_0.2_FC_0.2_1
27,4898,27,Female,mc_prob_0.2_FC_0.2_1
28,4859,28,Female,mc_prob_0.2_FC_0.2_1
29,4828,29,Female,mc_prob_0.2_FC_0.2_1
30,4932,30,Female,mc_prob_0.2_FC_0.2_1
31,5002,31,Female,mc_prob_0.2_FC_0.2_1
32,4959,32,Female,mc_prob_0.2_FC_0.2_1
33,4860,33,Female,mc_prob_0.2_FC_0.2_1
34,4976,34,Female,mc_prob_0.2_FC_0.2_1
35,5134,35,Female,mc_prob_0.2_FC_0.2_1
36,4976,36,Female,mc_prob_0.2_FC_0.2_1
37,4987,37,Female,mc_prob_0.2_FC_0.2_1
38,4960,38,Female,mc_prob_0.2_FC_0.2_1
39,4961,39,Female,mc_prob_0.2_FC_0.2_1
40,5023,40,Female,mc_prob_0.2_FC_0.2_1
41,4990,41,Female,mc_prob_0.2_FC_0.2_1
42,4956,42,Female,mc_prob_0.2_FC_0.2_1
43,4837,43,Female,mc_prob_0.2_FC_0.2_1
44,4875,44,Female,mc_prob_0.2_FC_0.2_1
45,5022,45,Female,mc_prob_0.2_FC_0.2_1
46,5048,46,Female,mc_prob_0.2_FC_0.2_1
47,4963,47,Female,mc_prob_0.2_FC_0.2_1
48,4943,48,Female,mc_prob_0.2_FC_0.2_1
49,5014,49,Female,mc_prob_0.2_FC_0.2_1
50,4924,50,Female,mc_prob_0.2_FC_0.2_1
51,5000,0,Male,mc_prob_0.2_FC_0.2_1
52,4106,1,Male,mc_prob_0.2_FC_0.2_1
53,4147,2,Male,mc_prob_0.2_FC_0.2_1
54,4217,3,Male,mc_prob_0.2_FC_0.2_1
55,4406,4,Male,mc_prob_0.2_FC_0.2_1
56,4598,5,Male,mc_prob_0.2_FC_0.2_1
57,4485,6,Male,mc_prob_0.2_FC_0.2_1
58,4702,7,Male,mc_prob_0.2_FC_0.2_1
59,4533,8,Male,mc_prob_0.2_FC_0.2_1
60,4679,9,Male,mc_prob_0.2_FC_0.2_1
61,4790,10,Male,mc_prob_0.2_FC_0.2_1
62,4741,11,Male,mc_prob_0.2_FC_0.2_1
63,4755,12,Male,mc_prob_0.2_FC_0.2_1
64,4979,13,Male,mc_prob_0.2_FC_0.2_1
65,4831,14,Male,mc_prob_0.2_FC_0.2_1
66,4870,15,Male,mc_prob_0.2_FC_0.2_1
67,4922,16,Male,mc_prob_0.2_FC_0.2_1
68,5081,17,Male,mc_prob_0.2_FC_0.2_1
69,4844,18,Male,mc_prob_0.2_FC_0.2_1
70,4907,19,Male,mc_prob_0.2_FC_0.2_1
71,5052,20,Male,mc_prob_0.2_FC_0.2_1
72,5079,21,Male,mc_prob_0.2_FC_0.2_1
73,4977,22,Male,mc_prob_0.2_FC_0.2_1
74,5044,23,Male,mc_prob_0.2_FC_0.2_1
75,4973,24,Male,mc_prob_0.2_FC_0.2_1
76,5010,25,Male,mc_prob_0.2_FC_0.2_1
77,4926,26,Male,mc_prob_0.2_FC_0.2_1
78,4938,27,Male,mc_prob_0.2_FC_0.2_1
79,4997,28,Male,mc_prob_0.2_FC_0.2_1
80,4917,29,Male,mc_prob_0.2_FC_0.2_1
81,4993,30,Male,mc_prob_0.2_FC_0.2_1
82,5011,31,Male,mc_prob_0.2_FC_0.2_1
83,5079,32,Male,mc_prob_0.2_FC_0.2_1
84,5042,33,Male,mc_prob_0.2_FC_0.2_1
85,5008,34,Male,mc_prob_0.2_FC_0.2_1
86,5141,35,Male,mc_prob_0.2_FC_0.2_1
87,5083,36,Male,mc_prob_0.2_FC_0.2_1
88,5054,37,Male,mc_prob_0.2_FC_0.2_1
89,5069,38,Male,mc_prob_0.2_FC_0.2_1
90,4985,39,Male,mc_prob_0.2_FC_0.2_1
91,5121,40,Male,mc_prob_0.2_FC_0.2_1
92,5034,41,Male,mc_prob_0.2_FC_0.2_1
93,5103,42,Male,mc_prob_0.2_FC_0.2_1
94,4864,43,Male,mc_prob_0.2_FC_0.2_1
95,4963,44,Male,mc_prob_0.2_FC_0.2_1
96,5022,45,Male,mc_prob_0.2_FC_0.2_1
97,5078,46,Male,mc_prob_0.2_FC_0.2_1
98,4969,47,Male,mc_prob_0.2_FC_0.2_1
99,4947,48,Male,mc_prob_0.2_FC_0.2_1
100,5110,49,Male,mc_prob_0.2_FC_0.2_1
101,4940,50,Male,mc_prob_0.2_FC_0.2_1
,Count,Generation,Sex,Run
0,7000,0,Female,mc_prob_0.2_FC_0.2_2
1,4017,1,Female,mc_prob_0.2_FC_0.2_2
2,4100,2,Female,mc_prob_0.2_FC_0.2_2
3,4198,3,Female,mc_prob_0.2_FC_0.2_2
4,4254,4,Female,mc_prob_0.2_FC_0.2_2
5,4440,5,Female,mc_prob_0.2_FC_0.2_2
6,4528,6,Female,mc_prob_0.2_FC_0.2_2
7,4635,7,Female,mc_prob_0.2_FC_0.2_2
8,4538,8,Female,mc_prob_0.2_FC_0.2_2
9,4519,9,Female,mc_prob_0.2_FC_0.2_2
10,4612,10,Female,mc_prob_0.2_FC_0.2_2
11,4763,11,Female,mc_prob_0.2_FC_0.2_2
12,4838,12,Female,mc_prob_0.2_FC_0.2_2
13,4984,13,Female,mc_prob_0.2_FC_0.2_2
14,4876,14,Female,mc_prob_0.2_FC_0.2_2
15,4764,15,Female,mc_prob_0.2_FC_0.2_2
16,4831,16,Female,mc_prob_0.2_FC_0.2_2
17,4826,17,Female,mc_prob_0.2_FC_0.2_2
18,4882,18,Female,mc_prob_0.2_FC_0.2_2
19,4928,19,Female,mc_prob_0.2_FC_0.2_2
20,4966,20,Female,mc_prob_0.2_FC_0.2_2
21,4888,21,Female,mc_prob_0.2_FC_0.2_2
22,4819,22,Female,mc_prob_0.2_FC_0.2_2
23,4949,23,Female,mc_prob_0.2_FC_0.2_2
24,4982,24,Female,mc_prob_0.2_FC_0.2_2
25,4975,25,Female,mc_prob_0.2_FC_0.2_2
26,4963,26,Female,mc_prob_0.2_FC_0.2_2
27,4916,27,Female,mc_prob_0.2_FC_0.2_2
28,4975,28,Female,mc_prob_0.2_FC_0.2_2
29,4974,29,Female,mc_prob_0.2_FC_0.2_2
30,4878,30,Female,mc_prob_0.2_FC_0.2_2
31,4926,31,Female,mc_prob_0.2_FC_0.2_2
32,5040,32,Female,mc_prob_0.2_FC_0.2_2
33,4979,33,Female,mc_prob_0.2_FC_0.2_2
34,4882,34,Female,mc_prob_0.2_FC_0.2_2
35,4854,35,Female,mc_prob_0.2_FC_0.2_2
36,5018,36,Female,mc_prob_0.2_FC_0.2_2
37,4956,37,Female,mc_prob_0.2_FC_0.2_2
38,4994,38,Female,mc_prob_0.2_FC_0.2_2
39,5047,39,Female,mc_prob_0.2_FC_0.2_2
40,4860,40,Female,mc_prob_0.2_FC_0.2_2
41,5029,41,Female,mc_prob_0.2_FC_0.2_2
42,5010,42,Female,mc_prob_0.2_FC_0.2_2
43,4976,43,Female,mc_prob_0.2_FC_0.2_2
44,5004,44,Female,mc_prob_0.2_FC_0.2_2
45,4940,45,Female,mc_prob_0.2_FC_0.2_2
46,4930,46,Female,mc_prob_0.2_FC_0.2_2
47,4819,47,Female,mc_prob_0.2_FC_0.2_2
48,4961,48,Female,mc_prob_0.2_FC_0.2_2
49,4933,49,Female,mc_prob_0.2_FC_0.2_2
50,5019,50,Female,mc_prob_0.2_FC_0.2_2
51,5000,0,Male,mc_prob_0.2_FC_0.2_2
52,4017,1,Male,mc_prob_0.2_FC_0.2_2
53,4169,2,Male,mc_prob_0.2_FC_0.2_2
54,4327,3,Male,mc_prob_0.2_FC_0.2_2
55,4280,4,Male,mc_prob_0.2_FC_0.2_2
56,4487,5,Male,mc_prob_0.2_FC_0.2_2
57,4541,6,Male,mc_prob_0.2_FC_0.2_2
58,4652,7,Male,mc_prob_0.2_FC_0.2_2
59,4781,8,Male,mc_prob_0.2_FC_0.2_2
60,4538,9,Male,mc_prob_0.2_FC_0.2_2
61,4694,10,Male,mc_prob_0.2_FC_0.2_2
62,4816,11,Male,mc_prob_0.2_FC_0.2_2
63,4955,12,Male,mc_prob_0.2_FC_0.2_2
64,5004,13,Male,mc_prob_0.2_FC_0.2_2
65,4980,14,Male,mc_prob_0.2_FC_0.2_2
66,4787,15,Male,mc_prob_0.2_FC_0.2_2
67,4996,16,Male,mc_prob_0.2_FC_0.2_2
68,4858,17,Male,mc_prob_0.2_FC_0.2_2
69,5030,18,Male,mc_prob_0.2_FC_0.2_2
70,4974,19,Male,mc_prob_0.2_FC_0.2_2
71,4999,20,Male,mc_prob_0.2_FC_0.2_2
72,5065,21,Male,mc_prob_0.2_FC_0.2_2
73,4954,22,Male,mc_prob_0.2_FC_0.2_2
74,4951,23,Male,mc_prob_0.2_FC_0.2_2
75,5051,24,Male,mc_prob_0.2_FC_0.2_2
76,4975,25,Male,mc_prob_0.2_FC_0.2_2
77,5008,26,Male,mc_prob_0.2_FC_0.2_2
78,5014,27,Male,mc_prob_0.2_FC_0.2_2
79,5001,28,Male,mc_prob_0.2_FC_0.2_2
80,5060,29,Male,mc_prob_0.2_FC_0.2_2
81,4993,30,Male,mc_prob_0.2_FC_0.2_2
82,4969,31,Male,mc_prob_0.2_FC_0.2_2
83,5058,32,Male,mc_prob_0.2_FC_0.2_2
84,5087,33,Male,mc_prob_0.2_FC_0.2_2
85,4909,34,Male,mc_prob_0.2_FC_0.2_2
86,4869,35,Male,mc_prob_0.2_FC_0.2_2
87,5057,36,Male,mc_prob_0.2_FC_0.2_2
88,4982,37,Male,mc_prob_0.2_FC_0.2_2
89,5062,38,Male,mc_prob_0.2_FC_0.2_2
90,5124,39,Male,mc_prob_0.2_FC_0.2_2
91,4941,40,Male,mc_prob_0.2_FC_0.2_2
92,5044,41,Male,mc_prob_0.2_FC_0.2_2
93,5055,42,Male,mc_prob_0.2_FC_0.2_2
94,5098,43,Male,mc_prob_0.2_FC_0.2_2
95,5030,44,Male,mc_prob_0.2_FC_0.2_2
96,5040,45,Male,mc_prob_0.2_FC_0.2_2
97,5063,46,Male,mc_prob_0.2_FC_0.2_2
98,4939,47,Male,mc_prob_0.2_FC_0.2_2
99,5046,48,Male,mc_prob_0.2_FC_0.2_2
100,4958,49,Male,mc_prob_0.2_FC_0.2_2
101,5045,50,Male,mc_prob_0.2_FC_0.2_2
,Count,Generation,Sex,Run
0,7000,0,Female,mc_prob_0.2_FC_0.2_3
1,3995,1,Female,mc_prob_0.2_FC_0.2_3
2,3966,2,Female,mc_prob_0.2_FC_0.2_3
3,4022,3,Female,mc_prob_0.2_FC_0.2_3
4,4347,4,Female,mc_prob_0.2_FC_0.2_3
5,4487,5,Female,mc_prob_0.2_FC_0.2_3
6,4422,6,Female,mc_prob_0.2_FC_0.2_3
7,4392,7,Female,mc_prob_0.2_FC_0.2_3
8,4453,8,Female,mc_prob_0.2_FC_0.2_3
9,4683,9,Female,mc_prob_0.2_FC_0.2_3
10,4675,10,Female,mc_prob_0.2_FC_0.2_3
11,4722,11,Female,mc_prob_0.2_FC_0.2_3
12,4863,12,Female,mc_prob_0.2_FC_0.2_3
13,4874,13,Female,mc_prob_0.2_FC_0.2_3
14,4686,14,Female,mc_prob_0.2_FC_0.2_3
15,4700,15,Female,mc_prob_0.2_FC_0.2_3
16,4825,16,Female,mc_prob_0.2_FC_0.2_3
17,5000,17,Female,mc_prob_0.2_FC_0.2_3
18,4842,18,Female,mc_prob_0.2_FC_0.2_3
19,4859,19,Female,mc_prob_0.2_FC_0.2_3
20,4994,20,Female,mc_prob_0.2_FC_0.2_3
21,4989,21,Female,mc_prob_0.2_FC_0.2_3
22,4842,22,Female,mc_prob_0.2_FC_0.2_3
23,4855,23,Female,mc_prob_0.2_FC_0.2_3
24,4722,24,Female,mc_prob_0.2_FC_0.2_3
25,4787,25,Female,mc_prob_0.2_FC_0.2_3
26,5035,26,Female,mc_prob_0.2_FC_0.2_3
27,5062,27,Female,mc_prob_0.2_FC_0.2_3
28,4938,28,Female,mc_prob_0.2_FC_0.2_3
29,4946,29,Female,mc_prob_0.2_FC_0.2_3
30,4990,30,Female,mc_prob_0.2_FC_0.2_3
31,4956,31,Female,mc_prob_0.2_FC_0.2_3
32,4794,32,Female,mc_prob_0.2_FC_0.2_3
33,4808,33,Female,mc_prob_0.2_FC_0.2_3
34,5059,34,Female,mc_prob_0.2_FC_0.2_3
35,5015,35,Female,mc_prob_0.2_FC_0.2_3
36,5107,36,Female,mc_prob_0.2_FC_0.2_3
37,5086,37,Female,mc_prob_0.2_FC_0.2_3
38,5031,38,Female,mc_prob_0.2_FC_0.2_3
39,5040,39,Female,mc_prob_0.2_FC_0.2_3
40,4978,40,Female,mc_prob_0.2_FC_0.2_3
41,4965,41,Female,mc_prob_0.2_FC_0.2_3
42,5055,42,Female,mc_prob_0.2_FC_0.2_3
43,4952,43,Female,mc_prob_0.2_FC_0.2_3
44,4953,44,Female,mc_prob_0.2_FC_0.2_3
45,5003,45,Female,mc_prob_0.2_FC_0.2_3
46,5014,46,Female,mc_prob_0.2_FC_0.2_3
47,4888,47,Female,mc_prob_0.2_FC_0.2_3
48,4978,48,Female,mc_prob_0.2_FC_0.2_3
49,4891,49,Female,mc_prob_0.2_FC_0.2_3
50,4934,50,Female,mc_prob_0.2_FC_0.2_3
51,5000,0,Male,mc_prob_0.2_FC_0.2_3
52,4073,1,Male,mc_prob_0.2_FC_0.2_3
53,4080,2,Male,mc_prob_0.2_FC_0.2_3
54,4065,3,Male,mc_prob_0.2_FC_0.2_3
55,4366,4,Male,mc_prob_0.2_FC_0.2_3
56,4521,5,Male,mc_prob_0.2_FC_0.2_3
57,4496,6,Male,mc_prob_0.2_FC_0.2_3
58,4542,7,Male,mc_prob_0.2_FC_0.2_3
59,4481,8,Male,mc_prob_0.2_FC_0.2_3
60,4776,9,Male,mc_prob_0.2_FC_0.2_3
61,4784,10,Male,mc_prob_0.2_FC_0.2_3
62,4821,11,Male,mc_prob_0.2_FC_0.2_3
63,4936,12,Male,mc_prob_0.2_FC_0.2_3
64,5016,13,Male,mc_prob_0.2_FC_0.2_3
65,4897,14,Male,mc_prob_0.2_FC_0.2_3
66,4773,15,Male,mc_prob_0.2_FC_0.2_3
67,4851,16,Male,mc_prob_0.2_FC_0.2_3
68,5077,17,Male,mc_prob_0.2_FC_0.2_3
69,4934,18,Male,mc_prob_0.2_FC_0.2_3
70,4882,19,Male,mc_prob_0.2_FC_0.2_3
71,5051,20,Male,mc_prob_0.2_FC_0.2_3
72,5063,21,Male,mc_prob_0.2_FC_0.2_3
73,4907,22,Male,mc_prob_0.2_FC_0.2_3
74,5031,23,Male,mc_prob_0.2_FC_0.2_3
75,4824,24,Male,mc_prob_0.2_FC_0.2_3
76,4789,25,Male,mc_prob_0.2_FC_0.2_3
77,5044,26,Male,mc_prob_0.2_FC_0.2_3
78,5086,27,Male,mc_prob_0.2_FC_0.2_3
79,4967,28,Male,mc_prob_0.2_FC_0.2_3
80,5031,29,Male,mc_prob_0.2_FC_0.2_3
81,5019,30,Male,mc_prob_0.2_FC_0.2_3
82,4967,31,Male,mc_prob_0.2_FC_0.2_3
83,5033,32,Male,mc_prob_0.2_FC_0.2_3
84,4889,33,Male,mc_prob_0.2_FC_0.2_3
85,5095,34,Male,mc_prob_0.2_FC_0.2_3
86,5044,35,Male,mc_prob_0.2_FC_0.2_3
87,5123,36,Male,mc_prob_0.2_FC_0.2_3
88,5114,37,Male,mc_prob_0.2_FC_0.2_3
89,5047,38,Male,mc_prob_0.2_FC_0.2_3
90,5061,39,Male,mc_prob_0.2_FC_0.2_3
91,4985,40,Male,mc_prob_0.2_FC_0.2_3
92,4971,41,Male,mc_prob_0.2_FC_0.2_3
93,5116,42,Male,mc_prob_0.2_FC_0.2_3
94,5034,43,Male,mc_prob_0.2_FC_0.2_3
95,5026,44,Male,mc_prob_0.2_FC_0.2_3
96,5032,45,Male,mc_prob_0.2_FC_0.2_3
97,5070,46,Male,mc_prob_0.2_FC_0.2_3
98,4982,47,Male,mc_prob_0.2_FC_0.2_3
99,5019,48,Male,mc_prob_0.2_FC_0.2_3
100,5013,49,Male,mc_prob_0.2_FC_0.2_3
101,5002,50,Male,mc_prob_0.2_FC_0.2_3
,Count,Generation,Sex,Run
0,7000,0,Female,mc_prob_0.2_FC_0.2_4
1,4149,1,Female,mc_prob_0.2_FC_0.2_4
2,4192,2,Female,mc_prob_0.2_FC_0.2_4
3,4158,3,Female,mc_prob_0.2_FC_0.2_4
4,4147,4,Female,mc_prob_0.2_FC_0.2_4
5,4442,5,Female,mc_prob_0.2_FC_0.2_4
6,4513,6,Female,mc_prob_0.2_FC_0.2_4
7,4553,7,Female,mc_prob_0.2_FC_0.2_4
8,4538,8,Female,mc_prob_0.2_FC_0.2_4
9,4680,9,Female,mc_prob_0.2_FC_0.2_4
10,4703,10,Female,mc_prob_0.2_FC_0.2_4
11,4891,11,Female,mc_prob_0.2_FC_0.2_4
12,4829,12,Female,mc_prob_0.2_FC_0.2_4
13,4689,13,Female,mc_prob_0.2_FC_0.2_4
14,4681,14,Female,mc_prob_0.2_FC_0.2_4
15,4970,15,Female,mc_prob_0.2_FC_0.2_4
16,4910,16,Female,mc_prob_0.2_FC_0.2_4
17,4927,17,Female,mc_prob_0.2_FC_0.2_4
18,4966,18,Female,mc_prob_0.2_FC_0.2_4
19,4965,19,Female,mc_prob_0.2_FC_0.2_4
20,4799,20,Female,mc_prob_0.2_FC_0.2_4
21,4880,21,Female,mc_prob_0.2_FC_0.2_4
22,4828,22,Female,mc_prob_0.2_FC_0.2_4
23,4759,23,Female,mc_prob_0.2_FC_0.2_4
24,4813,24,Female,mc_prob_0.2_FC_0.2_4
25,4973,25,Female,mc_prob_0.2_FC_0.2_4
26,4786,26,Female,mc_prob_0.2_FC_0.2_4
27,4796,27,Female,mc_prob_0.2_FC_0.2_4
28,4896,28,Female,mc_prob_0.2_FC_0.2_4
29,5017,29,Female,mc_prob_0.2_FC_0.2_4
30,4996,30,Female,mc_prob_0.2_FC_0.2_4
31,4979,31,Female,mc_prob_0.2_FC_0.2_4
32,4919,32,Female,mc_prob_0.2_FC_0.2_4
33,4802,33,Female,mc_prob_0.2_FC_0.2_4
34,4858,34,Female,mc_prob_0.2_FC_0.2_4
35,4902,35,Female,mc_prob_0.2_FC_0.2_4
36,4957,36,Female,mc_prob_0.2_FC_0.2_4
37,5017,37,Female,mc_prob_0.2_FC_0.2_4
38,4978,38,Female,mc_prob_0.2_FC_0.2_4
39,4919,39,Female,mc_prob_0.2_FC_0.2_4
40,4996,40,Female,mc_prob_0.2_FC_0.2_4
41,4918,41,Female,mc_prob_0.2_FC_0.2_4
42,4876,42,Female,mc_prob_0.2_FC_0.2_4
43,4820,43,Female,mc_prob_0.2_FC_0.2_4
44,5036,44,Female,mc_prob_0.2_FC_0.2_4
45,4851,45,Female,mc_prob_0.2_FC_0.2_4
46,4999,46,Female,mc_prob_0.2_FC_0.2_4
47,4875,47,Female,mc_prob_0.2_FC_0.2_4
48,4789,48,Female,mc_prob_0.2_FC_0.2_4
49,4957,49,Female,mc_prob_0.2_FC_0.2_4
50,4939,50,Female,mc_prob_0.2_FC_0.2_4
51,5000,0,Male,mc_prob_0.2_FC_0.2_4
52,4159,1,Male,mc_prob_0.2_FC_0.2_4
53,4231,2,Male,mc_prob_0.2_FC_0.2_4
54,4247,3,Male,mc_prob_0.2_FC_0.2_4
55,4211,4,Male,mc_prob_0.2_FC_0.2_4
56,4481,5,Male,mc_prob_0.2_FC_0.2_4
57,4559,6,Male,mc_prob_0.2_FC_0.2_4
58,4669,7,Male,mc_prob_0.2_FC_0.2_4
59,4549,8,Male,mc_prob_0.2_FC_0.2_4
60,4873,9,Male,mc_prob_0.2_FC_0.2_4
61,4706,10,Male,mc_prob_0.2_FC_0.2_4
62,4938,11,Male,mc_prob_0.2_FC_0.2_4
63,4851,12,Male,mc_prob_0.2_FC_0.2_4
64,4908,13,Male,mc_prob_0.2_FC_0.2_4
65,4730,14,Male,mc_prob_0.2_FC_0.2_4
66,4980,15,Male,mc_prob_0.2_FC_0.2_4
67,4945,16,Male,mc_prob_0.2_FC_0.2_4
68,5007,17,Male,mc_prob_0.2_FC_0.2_4
69,4967,18,Male,mc_prob_0.2_FC_0.2_4
70,5081,19,Male,mc_prob_0.2_FC_0.2_4
71,4804,20,Male,mc_prob_0.2_FC_0.2_4
72,4933,21,Male,mc_prob_0.2_FC_0.2_4
73,5058,22,Male,mc_prob_0.2_FC_0.2_4
74,4980,23,Male,mc_prob_0.2_FC_0.2_4
75,4890,24,Male,mc_prob_0.2_FC_0.2_4
76,5128,25,Male,mc_prob_0.2_FC_0.2_4
77,5032,26,Male,mc_prob_0.2_FC_0.2_4
78,4919,27,Male,mc_prob_0.2_FC_0.2_4
79,4921,28,Male,mc_prob_0.2_FC_0.2_4
80,5040,29,Male,mc_prob_0.2_FC_0.2_4
81,5074,30,Male,mc_prob_0.2_FC_0.2_4
82,5038,31,Male,mc_prob_0.2_FC_0.2_4
83,5123,32,Male,mc_prob_0.2_FC_0.2_4
84,4886,33,Male,mc_prob_0.2_FC_0.2_4
85,4993,34,Male,mc_prob_0.2_FC_0.2_4
86,4916,35,Male,mc_prob_0.2_FC_0.2_4
87,5073,36,Male,mc_prob_0.2_FC_0.2_4
88,5028,37,Male,mc_prob_0.2_FC_0.2_4
89,5018,38,Male,mc_prob_0.2_FC_0.2_4
90,4964,39,Male,mc_prob_0.2_FC_0.2_4
91,5075,40,Male,mc_prob_0.2_FC_0.2_4
92,4977,41,Male,mc_prob_0.2_FC_0.2_4
93,5031,42,Male,mc_prob_0.2_FC_0.2_4
94,4894,43,Male,mc_prob_0.2_FC_0.2_4
95,5092,44,Male,mc_prob_0.2_FC_0.2_4
96,4993,45,Male,mc_prob_0.2_FC_0.2_4
97,5027,46,Male,mc_prob_0.2_FC_0.2_4
98,4990,47,Male,mc_prob_0.2_FC_0.2_4
99,4998,48,Male,mc_prob_0.2_FC_0.2_4
100,4971,49,Male,mc_prob_0.2_FC_0.2_4
101,4974,50,Male,mc_prob_0.2_FC_0.2_4
,Count,Generation,Sex,Run
0,7000,0,Female,mc_prob_0.2_FC_0.2_5
1,3945,1,Female,mc_prob_0.2_FC_0.2_5
2,4069,2,Female,mc_prob_0.2_FC_0.2_5
3,4100,3,Female,mc_prob_0.2_FC_0.2_5
4,4361,4,Female,mc_prob_0.2_FC_0.2_5
5,4457,5,Female,mc_prob_0.2_FC_0.2_5
6,4322,6,Female,mc_prob_0.2_FC_0.2_5
7,4507,7,Female,mc_prob_0.2_FC_0.2_5
8,4647,8,Female,mc_prob_0.2_FC_0.2_5
9,4581,9,Female,mc_prob_0.2_FC_0.2_5
10,4624,10,Female,mc_prob_0.2_FC_0.2_5
11,4666,11,Female,mc_prob_0.2_FC_0.2_5
12,4710,12,Female,mc_prob_0.2_FC_0.2_5
13,4828,13,Female,mc_prob_0.2_FC_0.2_5
14,4846,14,Female,mc_prob_0.2_FC_0.2_5
15,4800,15,Female,mc_prob_0.2_FC_0.2_5
16,4992,16,Female,mc_prob_0.2_FC_0.2_5
17,5008,17,Female,mc_prob_0.2_FC_0.2_5
18,4944,18,Female,mc_prob_0.2_FC_0.2_5
19,4924,19,Female,mc_prob_0.2_FC_0.2_5
20,4958,20,Female,mc_prob_0.2_FC_0.2_5
21,5013,21,Female,mc_prob_0.2_FC_0.2_5
22,4860,22,Female,mc_prob_0.2_FC_0.2_5
23,5090,23,Female,mc_prob_0.2_FC_0.2_5
24,4946,24,Female,mc_prob_0.2_FC_0.2_5
25,4840,25,Female,mc_prob_0.2_FC_0.2_5
26,4856,26,Female,mc_prob_0.2_FC_0.2_5
27,4882,27,Female,mc_prob_0.2_FC_0.2_5
28,4979,28,Female,mc_prob_0.2_FC_0.2_5
29,4975,29,Female,mc_prob_0.2_FC_0.2_5
30,4904,30,Female,mc_prob_0.2_FC_0.2_5
31,5023,31,Female,mc_prob_0.2_FC_0.2_5
32,5042,32,Female,mc_prob_0.2_FC_0.2_5
33,4955,33,Female,mc_prob_0.2_FC_0.2_5
34,4861,34,Female,mc_prob_0.2_FC_0.2_5
35,4837,35,Female,mc_prob_0.2_FC_0.2_5
36,4842,36,Female,mc_prob_0.2_FC_0.2_5
37,4927,37,Female,mc_prob_0.2_FC_0.2_5
38,4904,38,Female,mc_prob_0.2_FC_0.2_5
39,4975,39,Female,mc_prob_0.2_FC_0.2_5
40,4851,40,Female,mc_prob_0.2_FC_0.2_5
41,5030,41,Female,mc_prob_0.2_FC_0.2_5
42,5072,42,Female,mc_prob_0.2_FC_0.2_5
43,4981,43,Female,mc_prob_0.2_FC_0.2_5
44,4994,44,Female,mc_prob_0.2_FC_0.2_5
45,4947,45,Female,mc_prob_0.2_FC_0.2_5
46,4940,46,Female,mc_prob_0.2_FC_0.2_5
47,5079,47,Female,mc_prob_0.2_FC_0.2_5
48,4982,48,Female,mc_prob_0.2_FC_0.2_5
49,4981,49,Female,mc_prob_0.2_FC_0.2_5
50,5028,50,Female,mc_prob_0.2_FC_0.2_5
51,5000,0,Male,mc_prob_0.2_FC_0.2_5
52,4018,1,Male,mc_prob_0.2_FC_0.2_5
53,4124,2,Male,mc_prob_0.2_FC_0.2_5
54,4219,3,Male,mc_prob_0.2_FC_0.2_5
55,4402,4,Male,mc_prob_0.2_FC_0.2_5
56,4523,5,Male,mc_prob_0.2_FC_0.2_5
57,4433,6,Male,mc_prob_0.2_FC_0.2_5
58,4529,7,Male,mc_prob_0.2_FC_0.2_5
59,4719,8,Male,mc_prob_0.2_FC_0.2_5
60,4690,9,Male,mc_prob_0.2_FC_0.2_5
61,4710,10,Male,mc_prob_0.2_FC_0.2_5
62,4871,11,Male,mc_prob_0.2_FC_0.2_5
63,4720,12,Male,mc_prob_0.2_FC_0.2_5
64,4852,13,Male,mc_prob_0.2_FC_0.2_5
65,4946,14,Male,mc_prob_0.2_FC_0.2_5
66,4832,15,Male,mc_prob_0.2_FC_0.2_5
67,5000,16,Male,mc_prob_0.2_FC_0.2_5
68,5057,17,Male,mc_prob_0.2_FC_0.2_5
69,5070,18,Male,mc_prob_0.2_FC_0.2_5
70,4996,19,Male,mc_prob_0.2_FC_0.2_5
71,4979,20,Male,mc_prob_0.2_FC_0.2_5
72,5096,21,Male,mc_prob_0.2_FC_0.2_5
73,4925,22,Male,mc_prob_0.2_FC_0.2_5
74,5101,23,Male,mc_prob_0.2_FC_0.2_5
75,5138,24,Male,mc_prob_0.2_FC_0.2_5
76,4945,25,Male,mc_prob_0.2_FC_0.2_5
77,4947,26,Male,mc_prob_0.2_FC_0.2_5
78,4894,27,Male,mc_prob_0.2_FC_0.2_5
79,4991,28,Male,mc_prob_0.2_FC_0.2_5
80,5095,29,Male,mc_prob_0.2_FC_0.2_5
81,4939,30,Male,mc_prob_0.2_FC_0.2_5
82,5050,31,Male,mc_prob_0.2_FC_0.2_5
83,5084,32,Male,mc_prob_0.2_FC_0.2_5
84,5074,33,Male,mc_prob_0.2_FC_0.2_5
85,4957,34,Male,mc_prob_0.2_FC_0.2_5
86,5055,35,Male,mc_prob_0.2_FC_0.2_5
87,4962,36,Male,mc_prob_0.2_FC_0.2_5
88,5076,37,Male,mc_prob_0.2_FC_0.2_5
89,4905,38,Male,mc_prob_0.2_FC_0.2_5
90,5106,39,Male,mc_prob_0.2_FC_0.2_5
91,4928,40,Male,mc_prob_0.2_FC_0.2_5
92,5037,41,Male,mc_prob_0.2_FC_0.2_5
93,5185,42,Male,mc_prob_0.2_FC_0.2_5
94,5003,43,Male,mc_prob_0.2_FC_0.2_5
95,5018,44,Male,mc_prob_0.2_FC_0.2_5
96,5052,45,Male,mc_prob_0.2_FC_0.2_5
97,4985,46,Male,mc_prob_0.2_FC_0.2_5
98,5087,47,Male,mc_prob_0.2_FC_0.2_5
99,5034,48,Male,mc_prob_0.2_FC_0.2_5
100,5078,49,Male,mc_prob_0.2_FC_0.2_5
101,5084,50,Male,mc_prob_0.2_FC_0.2_5
,Count,Generation,Sex,Run
0,7000,0,Female,mc_prob_0.2_FC_0.2_6
1,3940,1,Female,mc_prob_0.2_FC_0.2_6
2,4079,2,Female,mc_prob_0.2_FC_0.2_6
3,4243,3,Female,mc_prob_0.2_FC_0.2_6
4,4432,4,Female,mc_prob_0.2_FC_0.2_6
5,4425,5,Female,mc_prob_0.2_FC_0.2_6
6,4484,6,Female,mc_prob_0.2_FC_0.2_6
7,4480,7,Female,mc_prob_0.2_FC_0.2_6
8,4409,8,Female,mc_prob_0.2_FC_0.2_6
9,4593,9,Female,mc_prob_0.2_FC_0.2_6
10,4606,10,Female,mc_prob_0.2_FC_0.2_6
11,4565,11,Female,mc_prob_0.2_FC_0.2_6
12,4752,12,Female,mc_prob_0.2_FC_0.2_6
13,4744,13,Female,mc_prob_0.2_FC_0.2_6
14,4808,14,Female,mc_prob_0.2_FC_0.2_6
15,4851,15,Female,mc_prob_0.2_FC_0.2_6
16,4988,16,Female,mc_prob_0.2_FC_0.2_6
17,4810,17,Female,mc_prob_0.2_FC_0.2_6
18,4792,18,Female,mc_prob_0.2_FC_0.2_6
19,4931,19,Female,mc_prob_0.2_FC_0.2_6
20,4809,20,Female,mc_prob_0.2_FC_0.2_6
21,4970,21,Female,mc_prob_0.2_FC_0.2_6
22,4894,22,Female,mc_prob_0.2_FC_0.2_6
23,4904,23,Female,mc_prob_0.2_FC_0.2_6
24,5003,24,Female,mc_prob_0.2_FC_0.2_6
25,4989,25,Female,mc_prob_0.2_FC_0.2_6
26,5039,26,Female,mc_prob_0.2_FC_0.2_6
27,4944,27,Female,mc_prob_0.2_FC_0.2_6
28,4865,28,Female,mc_prob_0.2_FC_0.2_6
29,4842,29,Female,mc_prob_0.2_FC_0.2_6
30,4896,30,Female,mc_prob_0.2_FC_0.2_6
31,4999,31,Female,mc_prob_0.2_FC_0.2_6
32,5056,32,Female,mc_prob_0.2_FC_0.2_6
33,4950,33,Female,mc_prob_0.2_FC_0.2_6
34,4965,34,Female,mc_prob_0.2_FC_0.2_6
35,5076,35,Female,mc_prob_0.2_FC_0.2_6
36,4944,36,Female,mc_prob_0.2_FC_0.2_6
37,4914,37,Female,mc_prob_0.2_FC_0.2_6
38,4798,38,Female,mc_prob_0.2_FC_0.2_6
39,4692,39,Female,mc_prob_0.2_FC_0.2_6
40,4878,40,Female,mc_prob_0.2_FC_0.2_6
41,5010,41,Female,mc_prob_0.2_FC_0.2_6
42,5115,42,Female,mc_prob_0.2_FC_0.2_6
43,4993,43,Female,mc_prob_0.2_FC_0.2_6
44,5140,44,Female,mc_prob_0.2_FC_0.2_6
45,5066,45,Female,mc_prob_0.2_FC_0.2_6
46,5056,46,Female,mc_prob_0.2_FC_0.2_6
47,4988,47,Female,mc_prob_0.2_FC_0.2_6
48,5001,48,Female,mc_prob_0.2_FC_0.2_6
49,4922,49,Female,mc_prob_0.2_FC_0.2_6
50,5081,50,Female,mc_prob_0.2_FC_0.2_6
51,5000,0,Male,mc_prob_0.2_FC_0.2_6
52,3961,1,Male,mc_prob_0.2_FC_0.2_6
53,4119,2,Male,mc_prob_0.2_FC_0.2_6
54,4248,3,Male,mc_prob_0.2_FC_0.2_6
55,4435,4,Male,mc_prob_0.2_FC_0.2_6
56,4497,5,Male,mc_prob_0.2_FC_0.2_6
57,4499,6,Male,mc_prob_0.2_FC_0.2_6
58,4693,7,Male,mc_prob_0.2_FC_0.2_6
59,4519,8,Male,mc_prob_0.2_FC_0.2_6
60,4602,9,Male,mc_prob_0.2_FC_0.2_6
61,4726,10,Male,mc_prob_0.2_FC_0.2_6
62,4745,11,Male,mc_prob_0.2_FC_0.2_6
63,4764,12,Male,mc_prob_0.2_FC_0.2_6
64,4830,13,Male,mc_prob_0.2_FC_0.2_6
65,4821,14,Male,mc_prob_0.2_FC_0.2_6
66,4851,15,Male,mc_prob_0.2_FC_0.2_6
67,5013,16,Male,mc_prob_0.2_FC_0.2_6
68,5037,17,Male,mc_prob_0.2_FC_0.2_6
69,4815,18,Male,mc_prob_0.2_FC_0.2_6
70,5042,19,Male,mc_prob_0.2_FC_0.2_6
71,4854,20,Male,mc_prob_0.2_FC_0.2_6
72,5000,21,Male,mc_prob_0.2_FC_0.2_6
73,4969,22,Male,mc_prob_0.2_FC_0.2_6
74,4941,23,Male,mc_prob_0.2_FC_0.2_6
75,5086,24,Male,mc_prob_0.2_FC_0.2_6
76,5011,25,Male,mc_prob_0.2_FC_0.2_6
77,5083,26,Male,mc_prob_0.2_FC_0.2_6
78,5030,27,Male,mc_prob_0.2_FC_0.2_6
79,5001,28,Male,mc_prob_0.2_FC_0.2_6
80,4897,29,Male,mc_prob_0.2_FC_0.2_6
81,5023,30,Male,mc_prob_0.2_FC_0.2_6
82,5000,31,Male,mc_prob_0.2_FC_0.2_6
83,5074,32,Male,mc_prob_0.2_FC_0.2_6
84,5131,33,Male,mc_prob_0.2_FC_0.2_6
85,4979,34,Male,mc_prob_0.2_FC_0.2_6
86,5087,35,Male,mc_prob_0.2_FC_0.2_6
87,5038,36,Male,mc_prob_0.2_FC_0.2_6
88,5035,37,Male,mc_prob_0.2_FC_0.2_6
89,5050,38,Male,mc_prob_0.2_FC_0.2_6
90,4874,39,Male,mc_prob_0.2_FC_0.2_6
91,4928,40,Male,mc_prob_0.2_FC_0.2_6
92,5035,41,Male,mc_prob_0.2_FC_0.2_6
93,5142,42,Male,mc_prob_0.2_FC_0.2_6
94,4999,43,Male,mc_prob_0.2_FC_0.2_6
95,5239,44,Male,mc_prob_0.2_FC_0.2_6
96,5070,45,Male,mc_prob_0.2_FC_0.2_6
97,5062,46,Male,mc_prob_0.2_FC_0.2_6
98,5024,47,Male,mc_prob_0.2_FC_0.2_6
99,5060,48,Male,mc_prob_0.2_FC_0.2_6
100,4925,49,Male,mc_prob_0.2_FC_0.2_6
101,5118,50,Male,mc_prob_0.2_FC_0.2_6
,Count,Generation,Sex,Run
0,7000,0,Female,mc_prob_0.2_FC_0.2_7
1,4054,1,Female,mc_prob_0.2_FC_0.2_7
2,4067,2,Female,mc_prob_0.2_FC_0.2_7
3,4093,3,Female,mc_prob_0.2_FC_0.2_7
4,4224,4,Female,mc_prob_0.2_FC_0.2_7
5,4334,5,Female,mc_prob_0.2_FC_0.2_7
6,4422,6,Female,mc_prob_0.2_FC_0.2_7
7,4364,7,Female,mc_prob_0.2_FC_0.2_7
8,4516,8,Female,mc_prob_0.2_FC_0.2_7
9,4703,9,Female,mc_prob_0.2_FC_0.2_7
10,4697,10,Female,mc_prob_0.2_FC_0.2_7
11,4811,11,Female,mc_prob_0.2_FC_0.2_7
12,4794,12,Female,mc_prob_0.2_FC_0.2_7
13,4702,13,Female,mc_prob_0.2_FC_0.2_7
14,4871,14,Female,mc_prob_0.2_FC_0.2_7
15,5060,15,Female,mc_prob_0.2_FC_0.2_7
16,4907,16,Female,mc_prob_0.2_FC_0.2_7
17,4894,17,Female,mc_prob_0.2_FC_0.2_7
18,4884,18,Female,mc_prob_0.2_FC_0.2_7
19,4888,19,Female,mc_prob_0.2_FC_0.2_7
20,4879,20,Female,mc_prob_0.2_FC_0.2_7
21,4895,21,Female,mc_prob_0.2_FC_0.2_7
22,4966,22,Female,mc_prob_0.2_FC_0.2_7
23,5022,23,Female,mc_prob_0.2_FC_0.2_7
24,5081,24,Female,mc_prob_0.2_FC_0.2_7
25,4999,25,Female,mc_prob_0.2_FC_0.2_7
26,5010,26,Female,mc_prob_0.2_FC_0.2_7
27,4891,27,Female,mc_prob_0.2_FC_0.2_7
28,4936,28,Female,mc_prob_0.2_FC_0.2_7
29,4970,29,Female,mc_prob_0.2_FC_0.2_7
30,4938,30,Female,mc_prob_0.2_FC_0.2_7
31,5128,31,Female,mc_prob_0.2_FC_0.2_7
32,5121,32,Female,mc_prob_0.2_FC_0.2_7
33,4951,33,Female,mc_prob_0.2_FC_0.2_7
34,5018,34,Female,mc_prob_0.2_FC_0.2_7
35,4920,35,Female,mc_prob_0.2_FC_0.2_7
36,4851,36,Female,mc_prob_0.2_FC_0.2_7
37,4922,37,Female,mc_prob_0.2_FC_0.2_7
38,4996,38,Female,mc_prob_0.2_FC_0.2_7
39,4958,39,Female,mc_prob_0.2_FC_0.2_7
40,4839,40,Female,mc_prob_0.2_FC_0.2_7
41,4891,41,Female,mc_prob_0.2_FC_0.2_7
42,5003,42,Female,mc_prob_0.2_FC_0.2_7
43,5011,43,Female,mc_prob_0.2_FC_0.2_7
44,5036,44,Female,mc_prob_0.2_FC_0.2_7
45,5031,45,Female,mc_prob_0.2_FC_0.2_7
46,5122,46,Female,mc_prob_0.2_FC_0.2_7
47,5113,47,Female,mc_prob_0.2_FC_0.2_7
48,5035,48,Female,mc_prob_0.2_FC_0.2_7
49,5016,49,Female,mc_prob_0.2_FC_0.2_7
50,5070,50,Female,mc_prob_0.2_FC_0.2_7
51,5000,0,Male,mc_prob_0.2_FC_0.2_7
52,4107,1,Male,mc_prob_0.2_FC_0.2_7
53,4137,2,Male,mc_prob_0.2_FC_0.2_7
54,4132,3,Male,mc_prob_0.2_FC_0.2_7
55,4232,4,Male,mc_prob_0.2_FC_0.2_7
56,4406,5,Male,mc_prob_0.2_FC_0.2_7
57,4494,6,Male,mc_prob_0.2_FC_0.2_7
58,4536,7,Male,mc_prob_0.2_FC_0.2_7
59,4525,8,Male,mc_prob_0.2_FC_0.2_7
60,4730,9,Male,mc_prob_0.2_FC_0.2_7
61,4721,10,Male,mc_prob_0.2_FC_0.2_7
62,4848,11,Male,mc_prob_0.2_FC_0.2_7
63,4846,12,Male,mc_prob_0.2_FC_0.2_7
64,4787,13,Male,mc_prob_0.2_FC_0.2_7
65,4895,14,Male,mc_prob_0.2_FC_0.2_7
66,5120,15,Male,mc_prob_0.2_FC_0.2_7
67,4968,16,Male,mc_prob_0.2_FC_0.2_7
68,4937,17,Male,mc_prob_0.2_FC_0.2_7
69,4972,18,Male,mc_prob_0.2_FC_0.2_7
70,5004,19,Male,mc_prob_0.2_FC_0.2_7
71,4986,20,Male,mc_prob_0.2_FC_0.2_7
72,4921,21,Male,mc_prob_0.2_FC_0.2_7
73,5062,22,Male,mc_prob_0.2_FC_0.2_7
74,5025,23,Male,mc_prob_0.2_FC_0.2_7
75,5113,24,Male,mc_prob_0.2_FC_0.2_7
76,5026,25,Male,mc_prob_0.2_FC_0.2_7
77,5132,26,Male,mc_prob_0.2_FC_0.2_7
78,4968,27,Male,mc_prob_0.2_FC_0.2_7
79,4991,28,Male,mc_prob_0.2_FC_0.2_7
80,5050,29,Male,mc_prob_0.2_FC_0.2_7
81,4978,30,Male,mc_prob_0.2_FC_0.2_7
82,5152,31,Male,mc_prob_0.2_FC_0.2_7
83,5227,32,Male,mc_prob_0.2_FC_0.2_7
84,5013,33,Male,mc_prob_0.2_FC_0.2_7
85,5058,34,Male,mc_prob_0.2_FC_0.2_7
86,4933,35,Male,mc_prob_0.2_FC_0.2_7
87,5023,36,Male,mc_prob_0.2_FC_0.2_7
88,4984,37,Male,mc_prob_0.2_FC_0.2_7
89,5017,38,Male,mc_prob_0.2_FC_0.2_7
90,5020,39,Male,mc_prob_0.2_FC_0.2_7
91,4958,40,Male,mc_prob_0.2_FC_0.2_7
92,4928,41,Male,mc_prob_0.2_FC_0.2_7
93,5052,42,Male,mc_prob_0.2_FC_0.2_7
94,5019,43,Male,mc_prob_0.2_FC_0.2_7
95,5052,44,Male,mc_prob_0.2_FC_0.2_7
96,5038,45,Male,mc_prob_0.2_FC_0.2_7
97,5157,46,Male,mc_prob_0.2_FC_0.2_7
98,5114,47,Male,mc_prob_0.2_FC_0.2_7
99,5083,48,Male,mc_prob_0.2_FC_0.2_7
100,5095,49,Male,mc_prob_0.2_FC_0.2_7
101,5079,50,Male,mc_prob_0.2_FC_0.2_7
,Count,Generation,Sex,Run
0,7000,0,Female,mc_prob_0.2_FC_0.2_8
1,3952,1,Female,mc_prob_0.2_FC_0.2_8
2,4024,2,Female,mc_prob_0.2_FC_0.2_8
3,4284,3,Female,mc_prob_0.2_FC_0.2_8
4,4296,4,Female,mc_prob_0.2_FC_0.2_8
5,4438,5,Female,mc_prob_0.2_FC_0.2_8
6,4544,6,Female,mc_prob_0.2_FC_0.2_8
7,4376,7,Female,mc_prob_0.2_FC_0.2_8
8,4423,8,Female,mc_prob_0.2_FC_0.2_8
9,4526,9,Female,mc_prob_0.2_FC_0.2_8
10,4650,10,Female,mc_prob_0.2_FC_0.2_8
11,4636,11,Female,mc_prob_0.2_FC_0.2_8
12,4773,12,Female,mc_prob_0.2_FC_0.2_8
13,4653,13,Female,mc_prob_0.2_FC_0.2_8
14,4743,14,Female,mc_prob_0.2_FC_0.2_8
15,4783,15,Female,mc_prob_0.2_FC_0.2_8
16,4919,16,Female,mc_prob_0.2_FC_0.2_8
17,5071,17,Female,mc_prob_0.2_FC_0.2_8
18,4969,18,Female,mc_prob_0.2_FC_0.2_8
19,5057,19,Female,mc_prob_0.2_FC_0.2_8
20,5027,20,Female,mc_prob_0.2_FC_0.2_8
21,4817,21,Female,mc_prob_0.2_FC_0.2_8
22,4794,22,Female,mc_prob_0.2_FC_0.2_8
23,4747,23,Female,mc_prob_0.2_FC_0.2_8
24,4813,24,Female,mc_prob_0.2_FC_0.2_8
25,4984,25,Female,mc_prob_0.2_FC_0.2_8
26,4818,26,Female,mc_prob_0.2_FC_0.2_8
27,4853,27,Female,mc_prob_0.2_FC_0.2_8
28,4924,28,Female,mc_prob_0.2_FC_0.2_8
29,5102,29,Female,mc_prob_0.2_FC_0.2_8
30,4955,30,Female,mc_prob_0.2_FC_0.2_8
31,4838,31,Female,mc_prob_0.2_FC_0.2_8
32,4792,32,Female,mc_prob_0.2_FC_0.2_8
33,4894,33,Female,mc_prob_0.2_FC_0.2_8
34,5008,34,Female,mc_prob_0.2_FC_0.2_8
35,4984,35,Female,mc_prob_0.2_FC_0.2_8
36,4954,36,Female,mc_prob_0.2_FC_0.2_8
37,4946,37,Female,mc_prob_0.2_FC_0.2_8
38,5017,38,Female,mc_prob_0.2_FC_0.2_8
39,5027,39,Female,mc_prob_0.2_FC_0.2_8
40,4870,40,Female,mc_prob_0.2_FC_0.2_8
41,4953,41,Female,mc_prob_0.2_FC_0.2_8
42,4984,42,Female,mc_prob_0.2_FC_0.2_8
43,4969,43,Female,mc_prob_0.2_FC_0.2_8
44,4934,44,Female,mc_prob_0.2_FC_0.2_8
45,4953,45,Female,mc_prob_0.2_FC_0.2_8
46,4993,46,Female,mc_prob_0.2_FC_0.2_8
47,4848,47,Female,mc_prob_0.2_FC_0.2_8
48,4950,48,Female,mc_prob_0.2_FC_0.2_8
49,4916,49,Female,mc_prob_0.2_FC_0.2_8
50,4990,50,Female,mc_prob_0.2_FC_0.2_8
51,5000,0,Male,mc_prob_0.2_FC_0.2_8
52,3990,1,Male,mc_prob_0.2_FC_0.2_8
53,4077,2,Male,mc_prob_0.2_FC_0.2_8
54,4309,3,Male,mc_prob_0.2_FC_0.2_8
55,4313,4,Male,mc_prob_0.2_FC_0.2_8
56,4507,5,Male,mc_prob_0.2_FC_0.2_8
57,4588,6,Male,mc_prob_0.2_FC_0.2_8
58,4577,7,Male,mc_prob_0.2_FC_0.2_8
59,4615,8,Male,mc_prob_0.2_FC_0.2_8
60,4706,9,Male,mc_prob_0.2_FC_0.2_8
61,4738,10,Male,mc_prob_0.2_FC_0.2_8
62,4827,11,Male,mc_prob_0.2_FC_0.2_8
63,4824,12,Male,mc_prob_0.2_FC_0.2_8
64,4894,13,Male,mc_prob_0.2_FC_0.2_8
65,4765,14,Male,mc_prob_0.2_FC_0.2_8
66,4844,15,Male,mc_prob_0.2_FC_0.2_8
67,4927,16,Male,mc_prob_0.2_FC_0.2_8
68,5076,17,Male,mc_prob_0.2_FC_0.2_8
69,4988,18,Male,mc_prob_0.2_FC_0.2_8
70,5120,19,Male,mc_prob_0.2_FC_0.2_8
71,5069,20,Male,mc_prob_0.2_FC_0.2_8
72,5067,21,Male,mc_prob_0.2_FC_0.2_8
73,4860,22,Male,mc_prob_0.2_FC_0.2_8
74,4961,23,Male,mc_prob_0.2_FC_0.2_8
75,4890,24,Male,mc_prob_0.2_FC_0.2_8
76,5060,25,Male,mc_prob_0.2_FC_0.2_8
77,4953,26,Male,mc_prob_0.2_FC_0.2_8
78,5022,27,Male,mc_prob_0.2_FC_0.2_8
79,4945,28,Male,mc_prob_0.2_FC_0.2_8
80,5114,29,Male,mc_prob_0.2_FC_0.2_8
81,5097,30,Male,mc_prob_0.2_FC_0.2_8
82,4894,31,Male,mc_prob_0.2_FC_0.2_8
83,4932,32,Male,mc_prob_0.2_FC_0.2_8
84,4971,33,Male,mc_prob_0.2_FC_0.2_8
85,5008,34,Male,mc_prob_0.2_FC_0.2_8
86,5061,35,Male,mc_prob_0.2_FC_0.2_8
87,5025,36,Male,mc_prob_0.2_FC_0.2_8
88,4980,37,Male,mc_prob_0.2_FC_0.2_8
89,5022,38,Male,mc_prob_0.2_FC_0.2_8
90,5049,39,Male,mc_prob_0.2_FC_0.2_8
91,5012,40,Male,mc_prob_0.2_FC_0.2_8
92,4957,41,Male,mc_prob_0.2_FC_0.2_8
93,5042,42,Male,mc_prob_0.2_FC_0.2_8
94,4998,43,Male,mc_prob_0.2_FC_0.2_8
95,5093,44,Male,mc_prob_0.2_FC_0.2_8
96,4972,45,Male,mc_prob_0.2_FC_0.2_8
97,5031,46,Male,mc_prob_0.2_FC_0.2_8
98,5074,47,Male,mc_prob_0.2_FC_0.2_8
99,5002,48,Male,mc_prob_0.2_FC_0.2_8
100,5071,49,Male,mc_prob_0.2_FC_0.2_8
101,4998,50,Male,mc_prob_0.2_FC_0.2_8
,Count,Generation,Sex,Run
0,7000,0,Female,mc_prob_0.2_FC_0.2_9
1,4048,1,Female,mc_prob_0.2_FC_0.2_9
2,4102,2,Female,mc_prob_0.2_FC_0.2_9
3,4055,3,Female,mc_prob_0.2_FC_0.2_9
4,4168,4,Female,mc_prob_0.2_FC_0.2_9
5,4281,5,Female,mc_prob_0.2_FC_0.2_9
6,4432,6,Female,mc_prob_0.2_FC_0.2_9
7,4439,7,Female,mc_prob_0.2_FC_0.2_9
8,4543,8,Female,mc_prob_0.2_FC_0.2_9
9,4637,9,Female,mc_prob_0.2_FC_0.2_9
10,4714,10,Female,mc_prob_0.2_FC_0.2_9
11,4745,11,Female,mc_prob_0.2_FC_0.2_9
12,4757,12,Female,mc_prob_0.2_FC_0.2_9
13,4747,13,Female,mc_prob_0.2_FC_0.2_9
14,4943,14,Female,mc_prob_0.2_FC_0.2_9
15,4825,15,Female,mc_prob_0.2_FC_0.2_9
16,4870,16,Female,mc_prob_0.2_FC_0.2_9
17,4940,17,Female,mc_prob_0.2_FC_0.2_9
18,4879,18,Female,mc_prob_0.2_FC_0.2_9
19,4666,19,Female,mc_prob_0.2_FC_0.2_9
20,4800,20,Female,mc_prob_0.2_FC_0.2_9
21,4766,21,Female,mc_prob_0.2_FC_0.2_9
22,4848,22,Female,mc_prob_0.2_FC_0.2_9
23,4953,23,Female,mc_prob_0.2_FC_0.2_9
24,4863,24,Female,mc_prob_0.2_FC_0.2_9
25,4855,25,Female,mc_prob_0.2_FC_0.2_9
26,5030,26,Female,mc_prob_0.2_FC_0.2_9
27,5010,27,Female,mc_prob_0.2_FC_0.2_9
28,5089,28,Female,mc_prob_0.2_FC_0.2_9
29,5089,29,Female,mc_prob_0.2_FC_0.2_9
30,4963,30,Female,mc_prob_0.2_FC_0.2_9
31,4918,31,Female,mc_prob_0.2_FC_0.2_9
32,4899,32,Female,mc_prob_0.2_FC_0.2_9
33,4897,33,Female,mc_prob_0.2_FC_0.2_9
34,5095,34,Female,mc_prob_0.2_FC_0.2_9
35,5019,35,Female,mc_prob_0.2_FC_0.2_9
36,4895,36,Female,mc_prob_0.2_FC_0.2_9
37,4951,37,Female,mc_prob_0.2_FC_0.2_9
38,4979,38,Female,mc_prob_0.2_FC_0.2_9
39,4933,39,Female,mc_prob_0.2_FC_0.2_9
40,4941,40,Female,mc_prob_0.2_FC_0.2_9
41,4936,41,Female,mc_prob_0.2_FC_0.2_9
42,4851,42,Female,mc_prob_0.2_FC_0.2_9
43,5008,43,Female,mc_prob_0.2_FC_0.2_9
44,5013,44,Female,mc_prob_0.2_FC_0.2_9
45,5110,45,Female,mc_prob_0.2_FC_0.2_9
46,4942,46,Female,mc_prob_0.2_FC_0.2_9
47,4966,47,Female,mc_prob_0.2_FC_0.2_9
48,5014,48,Female,mc_prob_0.2_FC_0.2_9
49,5036,49,Female,mc_prob_0.2_FC_0.2_9
50,4956,50,Female,mc_prob_0.2_FC_0.2_9
51,5000,0,Male,mc_prob_0.2_FC_0.2_9
52,4062,1,Male,mc_prob_0.2_FC_0.2_9
53,4261,2,Male,mc_prob_0.2_FC_0.2_9
54,4233,3,Male,mc_prob_0.2_FC_0.2_9
55,4297,4,Male,mc_prob_0.2_FC_0.2_9
56,4314,5,Male,mc_prob_0.2_FC_0.2_9
57,4521,6,Male,mc_prob_0.2_FC_0.2_9
58,4544,7,Male,mc_prob_0.2_FC_0.2_9
59,4589,8,Male,mc_prob_0.2_FC_0.2_9
60,4815,9,Male,mc_prob_0.2_FC_0.2_9
61,4776,10,Male,mc_prob_0.2_FC_0.2_9
62,4750,11,Male,mc_prob_0.2_FC_0.2_9
63,4916,12,Male,mc_prob_0.2_FC_0.2_9
64,4763,13,Male,mc_prob_0.2_FC_0.2_9
65,4949,14,Male,mc_prob_0.2_FC_0.2_9
66,4855,15,Male,mc_prob_0.2_FC_0.2_9
67,4980,16,Male,mc_prob_0.2_FC_0.2_9
68,5005,17,Male,mc_prob_0.2_FC_0.2_9
69,4959,18,Male,mc_prob_0.2_FC_0.2_9
70,4954,19,Male,mc_prob_0.2_FC_0.2_9
71,4881,20,Male,mc_prob_0.2_FC_0.2_9
72,4768,21,Male,mc_prob_0.2_FC_0.2_9
73,4875,22,Male,mc_prob_0.2_FC_0.2_9
74,4981,23,Male,mc_prob_0.2_FC_0.2_9
75,4944,24,Male,mc_prob_0.2_FC_0.2_9
76,4888,25,Male,mc_prob_0.2_FC_0.2_9
77,5030,26,Male,mc_prob_0.2_FC_0.2_9
78,5096,27,Male,mc_prob_0.2_FC_0.2_9
79,5119,28,Male,mc_prob_0.2_FC_0.2_9
80,5128,29,Male,mc_prob_0.2_FC_0.2_9
81,5005,30,Male,mc_prob_0.2_FC_0.2_9
82,4959,31,Male,mc_prob_0.2_FC_0.2_9
83,5094,32,Male,mc_prob_0.2_FC_0.2_9
84,4925,33,Male,mc_prob_0.2_FC_0.2_9
85,5096,34,Male,mc_prob_0.2_FC_0.2_9
86,5152,35,Male,mc_prob_0.2_FC_0.2_9
87,5010,36,Male,mc_prob_0.2_FC_0.2_9
88,5025,37,Male,mc_prob_0.2_FC_0.2_9
89,4990,38,Male,mc_prob_0.2_FC_0.2_9
90,5020,39,Male,mc_prob_0.2_FC_0.2_9
91,4942,40,Male,mc_prob_0.2_FC_0.2_9
92,5136,41,Male,mc_prob_0.2_FC_0.2_9
93,4933,42,Male,mc_prob_0.2_FC_0.2_9
94,5039,43,Male,mc_prob_0.2_FC_0.2_9
95,5024,44,Male,mc_prob_0.2_FC_0.2_9
96,5110,45,Male,mc_prob_0.2_FC_0.2_9
97,5072,46,Male,mc_prob_0.2_FC_0.2_9
98,5023,47,Male,mc_prob_0.2_FC_0.2_9
99,5029,48,Male,mc_prob_0.2_FC_0.2_9
100,5063,49,Male,mc_prob_0.2_FC_0.2_9
101,5011,50,Male,mc_prob_0.2_FC_0.2_9
,Count,Generation,Sex,Run
0,7000,0,Female,mc_prob_0.2_FC_0.2_10
1,4022,1,Female,mc_prob_0.2_FC_0.2_10
2,4003,2,Female,mc_prob_0.2_FC_0.2_10
3,4109,3,Female,mc_prob_0.2_FC_0.2_10
4,4293,4,Female,mc_prob_0.2_FC_0.2_10
5,4453,5,Female,mc_prob_0.2_FC_0.2_10
6,4516,6,Female,mc_prob_0.2_FC_0.2_10
7,4522,7,Female,mc_prob_0.2_FC_0.2_10
8,4561,8,Female,mc_prob_0.2_FC_0.2_10
9,4584,9,Female,mc_prob_0.2_FC_0.2_10
10,4798,10,Female,mc_prob_0.2_FC_0.2_10
11,4849,11,Female,mc_prob_0.2_FC_0.2_10
12,4836,12,Female,mc_prob_0.2_FC_0.2_10
13,4924,13,Female,mc_prob_0.2_FC_0.2_10
14,4779,14,Female,mc_prob_0.2_FC_0.2_10
15,4771,15,Female,mc_prob_0.2_FC_0.2_10
16,4822,16,Female,mc_prob_0.2_FC_0.2_10
17,4832,17,Female,mc_prob_0.2_FC_0.2_10
18,4804,18,Female,mc_prob_0.2_FC_0.2_10
19,4777,19,Female,mc_prob_0.2_FC_0.2_10
20,4845,20,Female,mc_prob_0.2_FC_0.2_10
21,4943,21,Female,mc_prob_0.2_FC_0.2_10
22,4948,22,Female,mc_prob_0.2_FC_0.2_10
23,4936,23,Female,mc_prob_0.2_FC_0.2_10
24,5018,24,Female,mc_prob_0.2_FC_0.2_10
25,5031,25,Female,mc_prob_0.2_FC_0.2_10
26,4950,26,Female,mc_prob_0.2_FC_0.2_10
27,5079,27,Female,mc_prob_0.2_FC_0.2_10
28,5003,28,Female,mc_prob_0.2_FC_0.2_10
29,4970,29,Female,mc_prob_0.2_FC_0.2_10
30,4823,30,Female,mc_prob_0.2_FC_0.2_10
31,4806,31,Female,mc_prob_0.2_FC_0.2_10
32,4906,32,Female,mc_prob_0.2_FC_0.2_10
33,5011,33,Female,mc_prob_0.2_FC_0.2_10
34,4967,34,Female,mc_prob_0.2_FC_0.2_10
35,4908,35,Female,mc_prob_0.2_FC_0.2_10
36,4951,36,Female,mc_prob_0.2_FC_0.2_10
37,4945,37,Female,mc_prob_0.2_FC_0.2_10
38,5058,38,Female,mc_prob_0.2_FC_0.2_10
39,4966,39,Female,mc_prob_0.2_FC_0.2_10
40,4930,40,Female,mc_prob_0.2_FC_0.2_10
41,4970,41,Female,mc_prob_0.2_FC_0.2_10
42,4958,42,Female,mc_prob_0.2_FC_0.2_10
43,4971,43,Female,mc_prob_0.2_FC_0.2_10
44,4907,44,Female,mc_prob_0.2_FC_0.2_10
45,4962,45,Female,mc_prob_0.2_FC_0.2_10
46,4980,46,Female,mc_prob_0.2_FC_0.2_10
47,5036,47,Female,mc_prob_0.2_FC_0.2_10
48,4952,48,Female,mc_prob_0.2_FC_0.2_10
49,4923,49,Female,mc_prob_0.2_FC_0.2_10
50,4910,50,Female,mc_prob_0.2_FC_0.2_10
51,5000,0,Male,mc_prob_0.2_FC_0.2_10
52,4074,1,Male,mc_prob_0.2_FC_0.2_10
53,4180,2,Male,mc_prob_0.2_FC_0.2_10
54,4201,3,Male,mc_prob_0.2_FC_0.2_10
55,4330,4,Male,mc_prob_0.2_FC_0.2_10
56,4467,5,Male,mc_prob_0.2_FC_0.2_10
57,4533,6,Male,mc_prob_0.2_FC_0.2_10
58,4533,7,Male,mc_prob_0.2_FC_0.2_10
59,4738,8,Male,mc_prob_0.2_FC_0.2_10
60,4742,9,Male,mc_prob_0.2_FC_0.2_10
61,4818,10,Male,mc_prob_0.2_FC_0.2_10
62,4867,11,Male,mc_prob_0.2_FC_0.2_10
63,4877,12,Male,mc_prob_0.2_FC_0.2_10
64,4984,13,Male,mc_prob_0.2_FC_0.2_10
65,4822,14,Male,mc_prob_0.2_FC_0.2_10
66,4801,15,Male,mc_prob_0.2_FC_0.2_10
67,5017,16,Male,mc_prob_0.2_FC_0.2_10
68,4859,17,Male,mc_prob_0.2_FC_0.2_10
69,4959,18,Male,mc_prob_0.2_FC_0.2_10
70,4871,19,Male,mc_prob_0.2_FC_0.2_10
71,4903,20,Male,mc_prob_0.2_FC_0.2_10
72,4946,21,Male,mc_prob_0.2_FC_0.2_10
73,5003,22,Male,mc_prob_0.2_FC_0.2_10
74,4957,23,Male,mc_prob_0.2_FC_0.2_10
75,5072,24,Male,mc_prob_0.2_FC_0.2_10
76,5142,25,Male,mc_prob_0.2_FC_0.2_10
77,4965,26,Male,mc_prob_0.2_FC_0.2_10
78,5148,27,Male,mc_prob_0.2_FC_0.2_10
79,5052,28,Male,mc_prob_0.2_FC_0.2_10
80,5009,29,Male,mc_prob_0.2_FC_0.2_10
81,5081,30,Male,mc_prob_0.2_FC_0.2_10
82,4960,31,Male,mc_prob_0.2_FC_0.2_10
83,4937,32,Male,mc_prob_0.2_FC_0.2_10
84,5018,33,Male,mc_prob_0.2_FC_0.2_10
85,5018,34,Male,mc_prob_0.2_FC_0.2_10
86,4911,35,Male,mc_prob_0.2_FC_0.2_10
87,5095,36,Male,mc_prob_0.2_FC_0.2_10
88,4967,37,Male,mc_prob_0.2_FC_0.2_10
89,5146,38,Male,mc_prob_0.2_FC_0.2_10
90,5058,39,Male,mc_prob_0.2_FC_0.2_10
91,4981,40,Male,mc_prob_0.2_FC_0.2_10
92,5030,41,Male,mc_prob_0.2_FC_0.2_10
93,5035,42,Male,mc_prob_0.2_FC_0.2_10
94,5001,43,Male,mc_prob_0.2_FC_0.2_10
95,4973,44,Male,mc_prob_0.2_FC_0.2_10
96,4989,45,Male,mc_prob_0.2_FC_0.2_10
97,5031,46,Male,mc_prob_0.2_FC_0.2_10
98,5107,47,Male,mc_prob_0.2_FC_0.2_10
99,5049,48,Male,mc_prob_0.2_FC_0.2_10
100,4960,49,Male,mc_prob_0.2_FC_0.2_10
101,4939,50,Male,mc_prob_0.2_FC_0.2_10
,Count,Generation,Sex,Run
0,7000.0,0,Female,mc_prob_0.3_FC_0_1
1,4238.0,1,Female,mc_prob_0.3_FC_0_1
2,4156.0,2,Female,mc_prob_0.3_FC_0_1
3,4125.0,3,Female,mc_prob_0.3_FC_0_1
4,4087.0,4,Female,mc_prob_0.3_FC_0_1
5,3866.0,5,Female,mc_prob_0.3_FC_0_1
6,3892.0,6,Female,mc_prob_0.3_FC_0_1
7,3886.0,7,Female,mc_prob_0.3_FC_0_1
8,3830.0,8,Female,mc_prob_0.3_FC_0_1
9,3705.0,9,Female,mc_prob_0.3_FC_0_1
10,3629.0,10,Female,mc_prob_0.3_FC_0_1
11,3582.0,11,Female,mc_prob_0.3_FC_0_1
12,3434.0,12,Female,mc_prob_0.3_FC_0_1
13,3349.0,13,Female,mc_prob_0.3_FC_0_1
14,3396.0,14,Female,mc_prob_0.3_FC_0_1
15,3188.0,15,Female,mc_prob_0.3_FC_0_1
16,2173.0,16,Female,mc_prob_0.3_FC_0_1
17,943.0,17,Female,mc_prob_0.3_FC_0_1
18,330.0,18,Female,mc_prob_0.3_FC_0_1
19,65.0,19,Female,mc_prob_0.3_FC_0_1
20,18.0,20,Female,mc_prob_0.3_FC_0_1
21,0.0,21,Female,mc_prob_0.3_FC_0_1
22,0.0,22,Female,mc_prob_0.3_FC_0_1
23,0.0,23,Female,mc_prob_0.3_FC_0_1
24,0.0,24,Female,mc_prob_0.3_FC_0_1
25,0.0,25,Female,mc_prob_0.3_FC_0_1
26,0.0,26,Female,mc_prob_0.3_FC_0_1
27,0.0,27,Female,mc_prob_0.3_FC_0_1
28,0.0,28,Female,mc_prob_0.3_FC_0_1
29,0.0,29,Female,mc_prob_0.3_FC_0_1
30,0.0,30,Female,mc_prob_0.3_FC_0_1
31,0.0,31,Female,mc_prob_0.3_FC_0_1
32,0.0,32,Female,mc_prob_0.3_FC_0_1
33,0.0,33,Female,mc_prob_0.3_FC_0_1
34,0.0,34,Female,mc_prob_0.3_FC_0_1
35,0.0,35,Female,mc_prob_0.3_FC_0_1
36,0.0,36,Female,mc_prob_0.3_FC_0_1
37,0.0,37,Female,mc_prob_0.3_FC_0_1
38,0.0,38,Female,mc_prob_0.3_FC_0_1
39,0.0,39,Female,mc_prob_0.3_FC_0_1
40,0.0,40,Female,mc_prob_0.3_FC_0_1
41,0.0,41,Female,mc_prob_0.3_FC_0_1
42,0.0,42,Female,mc_prob_0.3_FC_0_1
43,0.0,43,Female,mc_prob_0.3_FC_0_1
44,0.0,44,Female,mc_prob_0.3_FC_0_1
45,0.0,45,Female,mc_prob_0.3_FC_0_1
46,0.0,46,Female,mc_prob_0.3_FC_0_1
47,0.0,47,Female,mc_prob_0.3_FC_0_1
48,0.0,48,Female,mc_prob_0.3_FC_0_1
49,0.0,49,Female,mc_prob_0.3_FC_0_1
50,0.0,50,Female,mc_prob_0.3_FC_0_1
51,5000.0,0,Male,mc_prob_0.3_FC_0_1
52,4283.0,1,Male,mc_prob_0.3_FC_0_1
53,4156.0,2,Male,mc_prob_0.3_FC_0_1
54,4325.0,3,Male,mc_prob_0.3_FC_0_1
55,4158.0,4,Male,mc_prob_0.3_FC_0_1
56,4054.0,5,Male,mc_prob_0.3_FC_0_1
57,3963.0,6,Male,mc_prob_0.3_FC_0_1
58,3975.0,7,Male,mc_prob_0.3_FC_0_1
59,3850.0,8,Male,mc_prob_0.3_FC_0_1
60,3749.0,9,Male,mc_prob_0.3_FC_0_1
61,3674.0,10,Male,mc_prob_0.3_FC_0_1
62,3686.0,11,Male,mc_prob_0.3_FC_0_1
63,3519.0,12,Male,mc_prob_0.3_FC_0_1
64,3573.0,13,Male,mc_prob_0.3_FC_0_1
65,3421.0,14,Male,mc_prob_0.3_FC_0_1
66,3245.0,15,Male,mc_prob_0.3_FC_0_1
67,2215.0,16,Male,mc_prob_0.3_FC_0_1
68,1044.0,17,Male,mc_prob_0.3_FC_0_1
69,348.0,18,Male,mc_prob_0.3_FC_0_1
70,71.0,19,Male,mc_prob_0.3_FC_0_1
71,22.0,20,Male,mc_prob_0.3_FC_0_1
72,0.0,21,Male,mc_prob_0.3_FC_0_1
73,0.0,22,Male,mc_prob_0.3_FC_0_1
74,0.0,23,Male,mc_prob_0.3_FC_0_1
75,0.0,24,Male,mc_prob_0.3_FC_0_1
76,0.0,25,Male,mc_prob_0.3_FC_0_1
77,0.0,26,Male,mc_prob_0.3_FC_0_1
78,0.0,27,Male,mc_prob_0.3_FC_0_1
79,0.0,28,Male,mc_prob_0.3_FC_0_1
80,0.0,29,Male,mc_prob_0.3_FC_0_1
81,0.0,30,Male,mc_prob_0.3_FC_0_1
82,0.0,31,Male,mc_prob_0.3_FC_0_1
83,0.0,32,Male,mc_prob_0.3_FC_0_1
84,0.0,33,Male,mc_prob_0.3_FC_0_1
85,0.0,34,Male,mc_prob_0.3_FC_0_1
86,0.0,35,Male,mc_prob_0.3_FC_0_1
87,0.0,36,Male,mc_prob_0.3_FC_0_1
88,0.0,37,Male,mc_prob_0.3_FC_0_1
89,0.0,38,Male,mc_prob_0.3_FC_0_1
90,0.0,39,Male,mc_prob_0.3_FC_0_1
91,0.0,40,Male,mc_prob_0.3_FC_0_1
92,0.0,41,Male,mc_prob_0.3_FC_0_1
93,0.0,42,Male,mc_prob_0.3_FC_0_1
94,0.0,43,Male,mc_prob_0.3_FC_0_1
95,0.0,44,Male,mc_prob_0.3_FC_0_1
96,0.0,45,Male,mc_prob_0.3_FC_0_1
97,0.0,46,Male,mc_prob_0.3_FC_0_1
98,0.0,47,Male,mc_prob_0.3_FC_0_1
99,0.0,48,Male,mc_prob_0.3_FC_0_1
100,0.0,49,Male,mc_prob_0.3_FC_0_1
101,0.0,50,Male,mc_prob_0.3_FC_0_1
,Count,Generation,Sex,Run
0,7000.0,0,Female,mc_prob_0.3_FC_0_2
1,4207.0,1,Female,mc_prob_0.3_FC_0_2
2,4136.0,2,Female,mc_prob_0.3_FC_0_2
3,4159.0,3,Female,mc_prob_0.3_FC_0_2
4,4151.0,4,Female,mc_prob_0.3_FC_0_2
5,4003.0,5,Female,mc_prob_0.3_FC_0_2
6,4042.0,6,Female,mc_prob_0.3_FC_0_2
7,3920.0,7,Female,mc_prob_0.3_FC_0_2
8,3873.0,8,Female,mc_prob_0.3_FC_0_2
9,3776.0,9,Female,mc_prob_0.3_FC_0_2
10,3707.0,10,Female,mc_prob_0.3_FC_0_2
11,3523.0,11,Female,mc_prob_0.3_FC_0_2
12,3602.0,12,Female,mc_prob_0.3_FC_0_2
13,3524.0,13,Female,mc_prob_0.3_FC_0_2
14,3508.0,14,Female,mc_prob_0.3_FC_0_2
15,3195.0,15,Female,mc_prob_0.3_FC_0_2
16,2242.0,16,Female,mc_prob_0.3_FC_0_2
17,909.0,17,Female,mc_prob_0.3_FC_0_2
18,348.0,18,Female,mc_prob_0.3_FC_0_2
19,84.0,19,Female,mc_prob_0.3_FC_0_2
20,18.0,20,Female,mc_prob_0.3_FC_0_2
21,9.0,21,Female,mc_prob_0.3_FC_0_2
22,0.0,22,Female,mc_prob_0.3_FC_0_2
23,0.0,23,Female,mc_prob_0.3_FC_0_2
24,0.0,24,Female,mc_prob_0.3_FC_0_2
25,0.0,25,Female,mc_prob_0.3_FC_0_2
26,0.0,26,Female,mc_prob_0.3_FC_0_2
27,0.0,27,Female,mc_prob_0.3_FC_0_2
28,0.0,28,Female,mc_prob_0.3_FC_0_2
29,0.0,29,Female,mc_prob_0.3_FC_0_2
30,0.0,30,Female,mc_prob_0.3_FC_0_2
31,0.0,31,Female,mc_prob_0.3_FC_0_2
32,0.0,32,Female,mc_prob_0.3_FC_0_2
33,0.0,33,Female,mc_prob_0.3_FC_0_2
34,0.0,34,Female,mc_prob_0.3_FC_0_2
35,0.0,35,Female,mc_prob_0.3_FC_0_2
36,0.0,36,Female,mc_prob_0.3_FC_0_2
37,0.0,37,Female,mc_prob_0.3_FC_0_2
38,0.0,38,Female,mc_prob_0.3_FC_0_2
39,0.0,39,Female,mc_prob_0.3_FC_0_2
40,0.0,40,Female,mc_prob_0.3_FC_0_2
41,0.0,41,Female,mc_prob_0.3_FC_0_2
42,0.0,42,Female,mc_prob_0.3_FC_0_2
43,0.0,43,Female,mc_prob_0.3_FC_0_2
44,0.0,44,Female,mc_prob_0.3_FC_0_2
45,0.0,45,Female,mc_prob_0.3_FC_0_2
46,0.0,46,Female,mc_prob_0.3_FC_0_2
47,0.0,47,Female,mc_prob_0.3_FC_0_2
48,0.0,48,Female,mc_prob_0.3_FC_0_2
49,0.0,49,Female,mc_prob_0.3_FC_0_2
50,0.0,50,Female,mc_prob_0.3_FC_0_2
51,5000.0,0,Male,mc_prob_0.3_FC_0_2
52,4345.0,1,Male,mc_prob_0.3_FC_0_2
53,4217.0,2,Male,mc_prob_0.3_FC_0_2
54,4168.0,3,Male,mc_prob_0.3_FC_0_2
55,4181.0,4,Male,mc_prob_0.3_FC_0_2
56,4120.0,5,Male,mc_prob_0.3_FC_0_2
57,4045.0,6,Male,mc_prob_0.3_FC_0_2
58,3964.0,7,Male,mc_prob_0.3_FC_0_2
59,3935.0,8,Male,mc_prob_0.3_FC_0_2
60,3803.0,9,Male,mc_prob_0.3_FC_0_2
61,3818.0,10,Male,mc_prob_0.3_FC_0_2
62,3568.0,11,Male,mc_prob_0.3_FC_0_2
63,3645.0,12,Male,mc_prob_0.3_FC_0_2
64,3615.0,13,Male,mc_prob_0.3_FC_0_2
65,3537.0,14,Male,mc_prob_0.3_FC_0_2
66,3282.0,15,Male,mc_prob_0.3_FC_0_2
67,2297.0,16,Male,mc_prob_0.3_FC_0_2
68,925.0,17,Male,mc_prob_0.3_FC_0_2
69,361.0,18,Male,mc_prob_0.3_FC_0_2
70,89.0,19,Male,mc_prob_0.3_FC_0_2
71,27.0,20,Male,mc_prob_0.3_FC_0_2
72,9.0,21,Male,mc_prob_0.3_FC_0_2
73,0.0,22,Male,mc_prob_0.3_FC_0_2
74,0.0,23,Male,mc_prob_0.3_FC_0_2
75,0.0,24,Male,mc_prob_0.3_FC_0_2
76,0.0,25,Male,mc_prob_0.3_FC_0_2
77,0.0,26,Male,mc_prob_0.3_FC_0_2
78,0.0,27,Male,mc_prob_0.3_FC_0_2
79,0.0,28,Male,mc_prob_0.3_FC_0_2
80,0.0,29,Male,mc_prob_0.3_FC_0_2
81,0.0,30,Male,mc_prob_0.3_FC_0_2
82,0.0,31,Male,mc_prob_0.3_FC_0_2
83,0.0,32,Male,mc_prob_0.3_FC_0_2
84,0.0,33,Male,mc_prob_0.3_FC_0_2
85,0.0,34,Male,mc_prob_0.3_FC_0_2
86,0.0,35,Male,mc_prob_0.3_FC_0_2
87,0.0,36,Male,mc_prob_0.3_FC_0_2
88,0.0,37,Male,mc_prob_0.3_FC_0_2
89,0.0,38,Male,mc_prob_0.3_FC_0_2
90,0.0,39,Male,mc_prob_0.3_FC_0_2
91,0.0,40,Male,mc_prob_0.3_FC_0_2
92,0.0,41,Male,mc_prob_0.3_FC_0_2
93,0.0,42,Male,mc_prob_0.3_FC_0_2
94,0.0,43,Male,mc_prob_0.3_FC_0_2
95,0.0,44,Male,mc_prob_0.3_FC_0_2
96,0.0,45,Male,mc_prob_0.3_FC_0_2
97,0.0,46,Male,mc_prob_0.3_FC_0_2
98,0.0,47,Male,mc_prob_0.3_FC_0_2
99,0.0,48,Male,mc_prob_0.3_FC_0_2
100,0.0,49,Male,mc_prob_0.3_FC_0_2
101,0.0,50,Male,mc_prob_0.3_FC_0_2
,Count,Generation,Sex,Run
0,7000.0,0,Female,mc_prob_0.3_FC_0_3
1,4298.0,1,Female,mc_prob_0.3_FC_0_3
2,4210.0,2,Female,mc_prob_0.3_FC_0_3
3,4124.0,3,Female,mc_prob_0.3_FC_0_3
4,4153.0,4,Female,mc_prob_0.3_FC_0_3
5,4069.0,5,Female,mc_prob_0.3_FC_0_3
6,3946.0,6,Female,mc_prob_0.3_FC_0_3
7,3955.0,7,Female,mc_prob_0.3_FC_0_3
8,3898.0,8,Female,mc_prob_0.3_FC_0_3
9,3838.0,9,Female,mc_prob_0.3_FC_0_3
10,3773.0,10,Female,mc_prob_0.3_FC_0_3
11,3717.0,11,Female,mc_prob_0.3_FC_0_3
12,3614.0,12,Female,mc_prob_0.3_FC_0_3
13,3486.0,13,Female,mc_prob_0.3_FC_0_3
14,3448.0,14,Female,mc_prob_0.3_FC_0_3
15,3352.0,15,Female,mc_prob_0.3_FC_0_3
16,2912.0,16,Female,mc_prob_0.3_FC_0_3
17,1536.0,17,Female,mc_prob_0.3_FC_0_3
18,711.0,18,Female,mc_prob_0.3_FC_0_3
19,218.0,19,Female,mc_prob_0.3_FC_0_3
20,23.0,20,Female,mc_prob_0.3_FC_0_3
21,0.0,21,Female,mc_prob_0.3_FC_0_3
22,0.0,22,Female,mc_prob_0.3_FC_0_3
23,0.0,23,Female,mc_prob_0.3_FC_0_3
24,0.0,24,Female,mc_prob_0.3_FC_0_3
25,0.0,25,Female,mc_prob_0.3_FC_0_3
26,0.0,26,Female,mc_prob_0.3_FC_0_3
27,0.0,27,Female,mc_prob_0.3_FC_0_3
28,0.0,28,Female,mc_prob_0.3_FC_0_3
29,0.0,29,Female,mc_prob_0.3_FC_0_3
30,0.0,30,Female,mc_prob_0.3_FC_0_3
31,0.0,31,Female,mc_prob_0.3_FC_0_3
32,0.0,32,Female,mc_prob_0.3_FC_0_3
33,0.0,33,Female,mc_prob_0.3_FC_0_3
34,0.0,34,Female,mc_prob_0.3_FC_0_3
35,0.0,35,Female,mc_prob_0.3_FC_0_3
36,0.0,36,Female,mc_prob_0.3_FC_0_3
37,0.0,37,Female,mc_prob_0.3_FC_0_3
38,0.0,38,Female,mc_prob_0.3_FC_0_3
39,0.0,39,Female,mc_prob_0.3_FC_0_3
40,0.0,40,Female,mc_prob_0.3_FC_0_3
41,0.0,41,Female,mc_prob_0.3_FC_0_3
42,0.0,42,Female,mc_prob_0.3_FC_0_3
43,0.0,43,Female,mc_prob_0.3_FC_0_3
44,0.0,44,Female,mc_prob_0.3_FC_0_3
45,0.0,45,Female,mc_prob_0.3_FC_0_3
46,0.0,46,Female,mc_prob_0.3_FC_0_3
47,0.0,47,Female,mc_prob_0.3_FC_0_3
48,0.0,48,Female,mc_prob_0.3_FC_0_3
49,0.0,49,Female,mc_prob_0.3_FC_0_3
50,0.0,50,Female,mc_prob_0.3_FC_0_3
51,5000.0,0,Male,mc_prob_0.3_FC_0_3
52,4329.0,1,Male,mc_prob_0.3_FC_0_3
53,4226.0,2,Male,mc_prob_0.3_FC_0_3
54,4196.0,3,Male,mc_prob_0.3_FC_0_3
55,4157.0,4,Male,mc_prob_0.3_FC_0_3
56,4133.0,5,Male,mc_prob_0.3_FC_0_3
57,4057.0,6,Male,mc_prob_0.3_FC_0_3
58,4066.0,7,Male,mc_prob_0.3_FC_0_3
59,3910.0,8,Male,mc_prob_0.3_FC_0_3
60,3857.0,9,Male,mc_prob_0.3_FC_0_3
61,3774.0,10,Male,mc_prob_0.3_FC_0_3
62,3727.0,11,Male,mc_prob_0.3_FC_0_3
63,3629.0,12,Male,mc_prob_0.3_FC_0_3
64,3564.0,13,Male,mc_prob_0.3_FC_0_3
65,3544.0,14,Male,mc_prob_0.3_FC_0_3
66,3509.0,15,Male,mc_prob_0.3_FC_0_3
67,2951.0,16,Male,mc_prob_0.3_FC_0_3
68,1583.0,17,Male,mc_prob_0.3_FC_0_3
69,717.0,18,Male,mc_prob_0.3_FC_0_3
70,272.0,19,Male,mc_prob_0.3_FC_0_3
71,33.0,20,Male,mc_prob_0.3_FC_0_3
72,0.0,21,Male,mc_prob_0.3_FC_0_3
73,0.0,22,Male,mc_prob_0.3_FC_0_3
74,0.0,23,Male,mc_prob_0.3_FC_0_3
75,0.0,24,Male,mc_prob_0.3_FC_0_3
76,0.0,25,Male,mc_prob_0.3_FC_0_3
77,0.0,26,Male,mc_prob_0.3_FC_0_3
78,0.0,27,Male,mc_prob_0.3_FC_0_3
79,0.0,28,Male,mc_prob_0.3_FC_0_3
80,0.0,29,Male,mc_prob_0.3_FC_0_3
81,0.0,30,Male,mc_prob_0.3_FC_0_3
82,0.0,31,Male,mc_prob_0.3_FC_0_3
83,0.0,32,Male,mc_prob_0.3_FC_0_3
84,0.0,33,Male,mc_prob_0.3_FC_0_3
85,0.0,34,Male,mc_prob_0.3_FC_0_3
86,0.0,35,Male,mc_prob_0.3_FC_0_3
87,0.0,36,Male,mc_prob_0.3_FC_0_3
88,0.0,37,Male,mc_prob_0.3_FC_0_3
89,0.0,38,Male,mc_prob_0.3_FC_0_3
90,0.0,39,Male,mc_prob_0.3_FC_0_3
91,0.0,40,Male,mc_prob_0.3_FC_0_3
92,0.0,41,Male,mc_prob_0.3_FC_0_3
93,0.0,42,Male,mc_prob_0.3_FC_0_3
94,0.0,43,Male,mc_prob_0.3_FC_0_3
95,0.0,44,Male,mc_prob_0.3_FC_0_3
96,0.0,45,Male,mc_prob_0.3_FC_0_3
97,0.0,46,Male,mc_prob_0.3_FC_0_3
98,0.0,47,Male,mc_prob_0.3_FC_0_3
99,0.0,48,Male,mc_prob_0.3_FC_0_3
100,0.0,49,Male,mc_prob_0.3_FC_0_3
101,0.0,50,Male,mc_prob_0.3_FC_0_3
,Count,Generation,Sex,Run
0,7000.0,0,Female,mc_prob_0.3_FC_0_4
1,4246.0,1,Female,mc_prob_0.3_FC_0_4
2,4143.0,2,Female,mc_prob_0.3_FC_0_4
3,4098.0,3,Female,mc_prob_0.3_FC_0_4
4,3934.0,4,Female,mc_prob_0.3_FC_0_4
5,3984.0,5,Female,mc_prob_0.3_FC_0_4
6,3877.0,6,Female,mc_prob_0.3_FC_0_4
7,3796.0,7,Female,mc_prob_0.3_FC_0_4
8,3783.0,8,Female,mc_prob_0.3_FC_0_4
9,3716.0,9,Female,mc_prob_0.3_FC_0_4
10,3663.0,10,Female,mc_prob_0.3_FC_0_4
11,3536.0,11,Female,mc_prob_0.3_FC_0_4
12,3386.0,12,Female,mc_prob_0.3_FC_0_4
13,3448.0,13,Female,mc_prob_0.3_FC_0_4
14,3361.0,14,Female,mc_prob_0.3_FC_0_4
15,2529.0,15,Female,mc_prob_0.3_FC_0_4
16,1380.0,16,Female,mc_prob_0.3_FC_0_4
17,383.0,17,Female,mc_prob_0.3_FC_0_4
18,97.0,18,Female,mc_prob_0.3_FC_0_4
19,10.0,19,Female,mc_prob_0.3_FC_0_4
20,0.0,20,Female,mc_prob_0.3_FC_0_4
21,0.0,21,Female,mc_prob_0.3_FC_0_4
22,0.0,22,Female,mc_prob_0.3_FC_0_4
23,0.0,23,Female,mc_prob_0.3_FC_0_4
24,0.0,24,Female,mc_prob_0.3_FC_0_4
25,0.0,25,Female,mc_prob_0.3_FC_0_4
26,0.0,26,Female,mc_prob_0.3_FC_0_4
27,0.0,27,Female,mc_prob_0.3_FC_0_4
28,0.0,28,Female,mc_prob_0.3_FC_0_4
29,0.0,29,Female,mc_prob_0.3_FC_0_4
30,0.0,30,Female,mc_prob_0.3_FC_0_4
31,0.0,31,Female,mc_prob_0.3_FC_0_4
32,0.0,32,Female,mc_prob_0.3_FC_0_4
33,0.0,33,Female,mc_prob_0.3_FC_0_4
34,0.0,34,Female,mc_prob_0.3_FC_0_4
35,0.0,35,Female,mc_prob_0.3_FC_0_4
36,0.0,36,Female,mc_prob_0.3_FC_0_4
37,0.0,37,Female,mc_prob_0.3_FC_0_4
38,0.0,38,Female,mc_prob_0.3_FC_0_4
39,0.0,39,Female,mc_prob_0.3_FC_0_4
40,0.0,40,Female,mc_prob_0.3_FC_0_4
41,0.0,41,Female,mc_prob_0.3_FC_0_4
42,0.0,42,Female,mc_prob_0.3_FC_0_4
43,0.0,43,Female,mc_prob_0.3_FC_0_4
44,0.0,44,Female,mc_prob_0.3_FC_0_4
45,0.0,45,Female,mc_prob_0.3_FC_0_4
46,0.0,46,Female,mc_prob_0.3_FC_0_4
47,0.0,47,Female,mc_prob_0.3_FC_0_4
48,0.0,48,Female,mc_prob_0.3_FC_0_4
49,0.0,49,Female,mc_prob_0.3_FC_0_4
50,0.0,50,Female,mc_prob_0.3_FC_0_4
51,5000.0,0,Male,mc_prob_0.3_FC_0_4
52,4346.0,1,Male,mc_prob_0.3_FC_0_4
53,4152.0,2,Male,mc_prob_0.3_FC_0_4
54,4202.0,3,Male,mc_prob_0.3_FC_0_4
55,4043.0,4,Male,mc_prob_0.3_FC_0_4
56,4022.0,5,Male,mc_prob_0.3_FC_0_4
57,3949.0,6,Male,mc_prob_0.3_FC_0_4
58,3890.0,7,Male,mc_prob_0.3_FC_0_4
59,3916.0,8,Male,mc_prob_0.3_FC_0_4
60,3722.0,9,Male,mc_prob_0.3_FC_0_4
61,3708.0,10,Male,mc_prob_0.3_FC_0_4
62,3634.0,11,Male,mc_prob_0.3_FC_0_4
63,3464.0,12,Male,mc_prob_0.3_FC_0_4
64,3467.0,13,Male,mc_prob_0.3_FC_0_4
65,3364.0,14,Male,mc_prob_0.3_FC_0_4
66,2631.0,15,Male,mc_prob_0.3_FC_0_4
67,1406.0,16,Male,mc_prob_0.3_FC_0_4
68,403.0,17,Male,mc_prob_0.3_FC_0_4
69,97.0,18,Male,mc_prob_0.3_FC_0_4
70,10.0,19,Male,mc_prob_0.3_FC_0_4
71,0.0,20,Male,mc_prob_0.3_FC_0_4
72,0.0,21,Male,mc_prob_0.3_FC_0_4
73,0.0,22,Male,mc_prob_0.3_FC_0_4
74,0.0,23,Male,mc_prob_0.3_FC_0_4
75,0.0,24,Male,mc_prob_0.3_FC_0_4
76,0.0,25,Male,mc_prob_0.3_FC_0_4
77,0.0,26,Male,mc_prob_0.3_FC_0_4
78,0.0,27,Male,mc_prob_0.3_FC_0_4
79,0.0,28,Male,mc_prob_0.3_FC_0_4
80,0.0,29,Male,mc_prob_0.3_FC_0_4
81,0.0,30,Male,mc_prob_0.3_FC_0_4
82,0.0,31,Male,mc_prob_0.3_FC_0_4
83,0.0,32,Male,mc_prob_0.3_FC_0_4
84,0.0,33,Male,mc_prob_0.3_FC_0_4
85,0.0,34,Male,mc_prob_0.3_FC_0_4
86,0.0,35,Male,mc_prob_0.3_FC_0_4
87,0.0,36,Male,mc_prob_0.3_FC_0_4
88,0.0,37,Male,mc_prob_0.3_FC_0_4
89,0.0,38,Male,mc_prob_0.3_FC_0_4
90,0.0,39,Male,mc_prob_0.3_FC_0_4
91,0.0,40,Male,mc_prob_0.3_FC_0_4
92,0.0,41,Male,mc_prob_0.3_FC_0_4
93,0.0,42,Male,mc_prob_0.3_FC_0_4
94,0.0,43,Male,mc_prob_0.3_FC_0_4
95,0.0,44,Male,mc_prob_0.3_FC_0_4
96,0.0,45,Male,mc_prob_0.3_FC_0_4
97,0.0,46,Male,mc_prob_0.3_FC_0_4
98,0.0,47,Male,mc_prob_0.3_FC_0_4
99,0.0,48,Male,mc_prob_0.3_FC_0_4
100,0.0,49,Male,mc_prob_0.3_FC_0_4
101,0.0,50,Male,mc_prob_0.3_FC_0_4
,Count,Generation,Sex,Run
0,7000.0,0,Female,mc_prob_0.3_FC_0_5
1,4204.0,1,Female,mc_prob_0.3_FC_0_5
2,4216.0,2,Female,mc_prob_0.3_FC_0_5
3,4164.0,3,Female,mc_prob_0.3_FC_0_5
4,4001.0,4,Female,mc_prob_0.3_FC_0_5
5,3874.0,5,Female,mc_prob_0.3_FC_0_5
6,3911.0,6,Female,mc_prob_0.3_FC_0_5
7,3806.0,7,Female,mc_prob_0.3_FC_0_5
8,3800.0,8,Female,mc_prob_0.3_FC_0_5
9,3687.0,9,Female,mc_prob_0.3_FC_0_5
10,3596.0,10,Female,mc_prob_0.3_FC_0_5
11,3539.0,11,Female,mc_prob_0.3_FC_0_5
12,3449.0,12,Female,mc_prob_0.3_FC_0_5
13,3429.0,13,Female,mc_prob_0.3_FC_0_5
14,3285.0,14,Female,mc_prob_0.3_FC_0_5
15,2650.0,15,Female,mc_prob_0.3_FC_0_5
16,1578.0,16,Female,mc_prob_0.3_FC_0_5
17,833.0,17,Female,mc_prob_0.3_FC_0_5
18,224.0,18,Female,mc_prob_0.3_FC_0_5
19,39.0,19,Female,mc_prob_0.3_FC_0_5
20,0.0,20,Female,mc_prob_0.3_FC_0_5
21,0.0,21,Female,mc_prob_0.3_FC_0_5
22,0.0,22,Female,mc_prob_0.3_FC_0_5
23,0.0,23,Female,mc_prob_0.3_FC_0_5
24,0.0,24,Female,mc_prob_0.3_FC_0_5
25,0.0,25,Female,mc_prob_0.3_FC_0_5
26,0.0,26,Female,mc_prob_0.3_FC_0_5
27,0.0,27,Female,mc_prob_0.3_FC_0_5
28,0.0,28,Female,mc_prob_0.3_FC_0_5
29,0.0,29,Female,mc_prob_0.3_FC_0_5
30,0.0,30,Female,mc_prob_0.3_FC_0_5
31,0.0,31,Female,mc_prob_0.3_FC_0_5
32,0.0,32,Female,mc_prob_0.3_FC_0_5
33,0.0,33,Female,mc_prob_0.3_FC_0_5
34,0.0,34,Female,mc_prob_0.3_FC_0_5
35,0.0,35,Female,mc_prob_0.3_FC_0_5
36,0.0,36,Female,mc_prob_0.3_FC_0_5
37,0.0,37,Female,mc_prob_0.3_FC_0_5
38,0.0,38,Female,mc_prob_0.3_FC_0_5
39,0.0,39,Female,mc_prob_0.3_FC_0_5
40,0.0,40,Female,mc_prob_0.3_FC_0_5
41,0.0,41,Female,mc_prob_0.3_FC_0_5
42,0.0,42,Female,mc_prob_0.3_FC_0_5
43,0.0,43,Female,mc_prob_0.3_FC_0_5
44,0.0,44,Female,mc_prob_0.3_FC_0_5
45,0.0,45,Female,mc_prob_0.3_FC_0_5
46,0.0,46,Female,mc_prob_0.3_FC_0_5
47,0.0,47,Female,mc_prob_0.3_FC_0_5
48,0.0,48,Female,mc_prob_0.3_FC_0_5
49,0.0,49,Female,mc_prob_0.3_FC_0_5
50,0.0,50,Female,mc_prob_0.3_FC_0_5
51,5000.0,0,Male,mc_prob_0.3_FC_0_5
52,4271.0,1,Male,mc_prob_0.3_FC_0_5
53,4245.0,2,Male,mc_prob_0.3_FC_0_5
54,4240.0,3,Male,mc_prob_0.3_FC_0_5
55,4018.0,4,Male,mc_prob_0.3_FC_0_5
56,4011.0,5,Male,mc_prob_0.3_FC_0_5
57,4047.0,6,Male,mc_prob_0.3_FC_0_5
58,3823.0,7,Male,mc_prob_0.3_FC_0_5
59,3809.0,8,Male,mc_prob_0.3_FC_0_5
60,3734.0,9,Male,mc_prob_0.3_FC_0_5
61,3628.0,10,Male,mc_prob_0.3_FC_0_5
62,3546.0,11,Male,mc_prob_0.3_FC_0_5
63,3513.0,12,Male,mc_prob_0.3_FC_0_5
64,3467.0,13,Male,mc_prob_0.3_FC_0_5
65,3419.0,14,Male,mc_prob_0.3_FC_0_5
66,2660.0,15,Male,mc_prob_0.3_FC_0_5
67,1581.0,16,Male,mc_prob_0.3_FC_0_5
68,841.0,17,Male,mc_prob_0.3_FC_0_5
69,245.0,18,Male,mc_prob_0.3_FC_0_5
70,61.0,19,Male,mc_prob_0.3_FC_0_5
71,0.0,20,Male,mc_prob_0.3_FC_0_5
72,0.0,21,Male,mc_prob_0.3_FC_0_5
73,0.0,22,Male,mc_prob_0.3_FC_0_5
74,0.0,23,Male,mc_prob_0.3_FC_0_5
75,0.0,24,Male,mc_prob_0.3_FC_0_5
76,0.0,25,Male,mc_prob_0.3_FC_0_5
77,0.0,26,Male,mc_prob_0.3_FC_0_5
78,0.0,27,Male,mc_prob_0.3_FC_0_5
79,0.0,28,Male,mc_prob_0.3_FC_0_5
80,0.0,29,Male,mc_prob_0.3_FC_0_5
81,0.0,30,Male,mc_prob_0.3_FC_0_5
82,0.0,31,Male,mc_prob_0.3_FC_0_5
83,0.0,32,Male,mc_prob_0.3_FC_0_5
84,0.0,33,Male,mc_prob_0.3_FC_0_5
85,0.0,34,Male,mc_prob_0.3_FC_0_5
86,0.0,35,Male,mc_prob_0.3_FC_0_5
87,0.0,36,Male,mc_prob_0.3_FC_0_5
88,0.0,37,Male,mc_prob_0.3_FC_0_5
89,0.0,38,Male,mc_prob_0.3_FC_0_5
90,0.0,39,Male,mc_prob_0.3_FC_0_5
91,0.0,40,Male,mc_prob_0.3_FC_0_5
92,0.0,41,Male,mc_prob_0.3_FC_0_5
93,0.0,42,Male,mc_prob_0.3_FC_0_5
94,0.0,43,Male,mc_prob_0.3_FC_0_5
95,0.0,44,Male,mc_prob_0.3_FC_0_5
96,0.0,45,Male,mc_prob_0.3_FC_0_5
97,0.0,46,Male,mc_prob_0.3_FC_0_5
98,0.0,47,Male,mc_prob_0.3_FC_0_5
99,0.0,48,Male,mc_prob_0.3_FC_0_5
100,0.0,49,Male,mc_prob_0.3_FC_0_5
101,0.0,50,Male,mc_prob_0.3_FC_0_5
,Count,Generation,Sex,Run
0,7000.0,0,Female,mc_prob_0.3_FC_0_6
1,4257.0,1,Female,mc_prob_0.3_FC_0_6
2,4139.0,2,Female,mc_prob_0.3_FC_0_6
3,4157.0,3,Female,mc_prob_0.3_FC_0_6
4,4140.0,4,Female,mc_prob_0.3_FC_0_6
5,3985.0,5,Female,mc_prob_0.3_FC_0_6
6,3925.0,6,Female,mc_prob_0.3_FC_0_6
7,3883.0,7,Female,mc_prob_0.3_FC_0_6
8,3765.0,8,Female,mc_prob_0.3_FC_0_6
9,3801.0,9,Female,mc_prob_0.3_FC_0_6
10,3603.0,10,Female,mc_prob_0.3_FC_0_6
11,3537.0,11,Female,mc_prob_0.3_FC_0_6
12,3493.0,12,Female,mc_prob_0.3_FC_0_6
13,3467.0,13,Female,mc_prob_0.3_FC_0_6
14,3396.0,14,Female,mc_prob_0.3_FC_0_6
15,3044.0,15,Female,mc_prob_0.3_FC_0_6
16,1979.0,16,Female,mc_prob_0.3_FC_0_6
17,873.0,17,Female,mc_prob_0.3_FC_0_6
18,436.0,18,Female,mc_prob_0.3_FC_0_6
19,173.0,19,Female,mc_prob_0.3_FC_0_6
20,34.0,20,Female,mc_prob_0.3_FC_0_6
21,3.0,21,Female,mc_prob_0.3_FC_0_6
22,0.0,22,Female,mc_prob_0.3_FC_0_6
23,0.0,23,Female,mc_prob_0.3_FC_0_6
24,0.0,24,Female,mc_prob_0.3_FC_0_6
25,0.0,25,Female,mc_prob_0.3_FC_0_6
26,0.0,26,Female,mc_prob_0.3_FC_0_6
27,0.0,27,Female,mc_prob_0.3_FC_0_6
28,0.0,28,Female,mc_prob_0.3_FC_0_6
29,0.0,29,Female,mc_prob_0.3_FC_0_6
30,0.0,30,Female,mc_prob_0.3_FC_0_6
31,0.0,31,Female,mc_prob_0.3_FC_0_6
32,0.0,32,Female,mc_prob_0.3_FC_0_6
33,0.0,33,Female,mc_prob_0.3_FC_0_6
34,0.0,34,Female,mc_prob_0.3_FC_0_6
35,0.0,35,Female,mc_prob_0.3_FC_0_6
36,0.0,36,Female,mc_prob_0.3_FC_0_6
37,0.0,37,Female,mc_prob_0.3_FC_0_6
38,0.0,38,Female,mc_prob_0.3_FC_0_6
39,0.0,39,Female,mc_prob_0.3_FC_0_6
40,0.0,40,Female,mc_prob_0.3_FC_0_6
41,0.0,41,Female,mc_prob_0.3_FC_0_6
42,0.0,42,Female,mc_prob_0.3_FC_0_6
43,0.0,43,Female,mc_prob_0.3_FC_0_6
44,0.0,44,Female,mc_prob_0.3_FC_0_6
45,0.0,45,Female,mc_prob_0.3_FC_0_6
46,0.0,46,Female,mc_prob_0.3_FC_0_6
47,0.0,47,Female,mc_prob_0.3_FC_0_6
48,0.0,48,Female,mc_prob_0.3_FC_0_6
49,0.0,49,Female,mc_prob_0.3_FC_0_6
50,0.0,50,Female,mc_prob_0.3_FC_0_6
51,5000.0,0,Male,mc_prob_0.3_FC_0_6
52,4265.0,1,Male,mc_prob_0.3_FC_0_6
53,4202.0,2,Male,mc_prob_0.3_FC_0_6
54,4223.0,3,Male,mc_prob_0.3_FC_0_6
55,4261.0,4,Male,mc_prob_0.3_FC_0_6
56,4030.0,5,Male,mc_prob_0.3_FC_0_6
57,4078.0,6,Male,mc_prob_0.3_FC_0_6
58,3943.0,7,Male,mc_prob_0.3_FC_0_6
59,3845.0,8,Male,mc_prob_0.3_FC_0_6
60,3804.0,9,Male,mc_prob_0.3_FC_0_6
61,3744.0,10,Male,mc_prob_0.3_FC_0_6
62,3563.0,11,Male,mc_prob_0.3_FC_0_6
63,3560.0,12,Male,mc_prob_0.3_FC_0_6
64,3502.0,13,Male,mc_prob_0.3_FC_0_6
65,3433.0,14,Male,mc_prob_0.3_FC_0_6
66,3185.0,15,Male,mc_prob_0.3_FC_0_6
67,2050.0,16,Male,mc_prob_0.3_FC_0_6
68,927.0,17,Male,mc_prob_0.3_FC_0_6
69,477.0,18,Male,mc_prob_0.3_FC_0_6
70,174.0,19,Male,mc_prob_0.3_FC_0_6
71,35.0,20,Male,mc_prob_0.3_FC_0_6
72,6.0,21,Male,mc_prob_0.3_FC_0_6
73,0.0,22,Male,mc_prob_0.3_FC_0_6
74,0.0,23,Male,mc_prob_0.3_FC_0_6
75,0.0,24,Male,mc_prob_0.3_FC_0_6
76,0.0,25,Male,mc_prob_0.3_FC_0_6
77,0.0,26,Male,mc_prob_0.3_FC_0_6
78,0.0,27,Male,mc_prob_0.3_FC_0_6
79,0.0,28,Male,mc_prob_0.3_FC_0_6
80,0.0,29,Male,mc_prob_0.3_FC_0_6
81,0.0,30,Male,mc_prob_0.3_FC_0_6
82,0.0,31,Male,mc_prob_0.3_FC_0_6
83,0.0,32,Male,mc_prob_0.3_FC_0_6
84,0.0,33,Male,mc_prob_0.3_FC_0_6
85,0.0,34,Male,mc_prob_0.3_FC_0_6
86,0.0,35,Male,mc_prob_0.3_FC_0_6
87,0.0,36,Male,mc_prob_0.3_FC_0_6
88,0.0,37,Male,mc_prob_0.3_FC_0_6
89,0.0,38,Male,mc_prob_0.3_FC_0_6
90,0.0,39,Male,mc_prob_0.3_FC_0_6
91,0.0,40,Male,mc_prob_0.3_FC_0_6
92,0.0,41,Male,mc_prob_0.3_FC_0_6
93,0.0,42,Male,mc_prob_0.3_FC_0_6
94,0.0,43,Male,mc_prob_0.3_FC_0_6
95,0.0,44,Male,mc_prob_0.3_FC_0_6
96,0.0,45,Male,mc_prob_0.3_FC_0_6
97,0.0,46,Male,mc_prob_0.3_FC_0_6
98,0.0,47,Male,mc_prob_0.3_FC_0_6
99,0.0,48,Male,mc_prob_0.3_FC_0_6
100,0.0,49,Male,mc_prob_0.3_FC_0_6
101,0.0,50,Male,mc_prob_0.3_FC_0_6
,Count,Generation,Sex,Run
0,7000.0,0,Female,mc_prob_0.3_FC_0_7
1,4297.0,1,Female,mc_prob_0.3_FC_0_7
2,4156.0,2,Female,mc_prob_0.3_FC_0_7
3,4148.0,3,Female,mc_prob_0.3_FC_0_7
4,3980.0,4,Female,mc_prob_0.3_FC_0_7
5,3846.0,5,Female,mc_prob_0.3_FC_0_7
6,4006.0,6,Female,mc_prob_0.3_FC_0_7
7,3849.0,7,Female,mc_prob_0.3_FC_0_7
8,3791.0,8,Female,mc_prob_0.3_FC_0_7
9,3919.0,9,Female,mc_prob_0.3_FC_0_7
10,3645.0,10,Female,mc_prob_0.3_FC_0_7
11,3496.0,11,Female,mc_prob_0.3_FC_0_7
12,3433.0,12,Female,mc_prob_0.3_FC_0_7
13,3428.0,13,Female,mc_prob_0.3_FC_0_7
14,3351.0,14,Female,mc_prob_0.3_FC_0_7
15,3245.0,15,Female,mc_prob_0.3_FC_0_7
16,2230.0,16,Female,mc_prob_0.3_FC_0_7
17,1083.0,17,Female,mc_prob_0.3_FC_0_7
18,268.0,18,Female,mc_prob_0.3_FC_0_7
19,148.0,19,Female,mc_prob_0.3_FC_0_7
20,19.0,20,Female,mc_prob_0.3_FC_0_7
21,0.0,21,Female,mc_prob_0.3_FC_0_7
22,0.0,22,Female,mc_prob_0.3_FC_0_7
23,0.0,23,Female,mc_prob_0.3_FC_0_7
24,0.0,24,Female,mc_prob_0.3_FC_0_7
25,0.0,25,Female,mc_prob_0.3_FC_0_7
26,0.0,26,Female,mc_prob_0.3_FC_0_7
27,0.0,27,Female,mc_prob_0.3_FC_0_7
28,0.0,28,Female,mc_prob_0.3_FC_0_7
29,0.0,29,Female,mc_prob_0.3_FC_0_7
30,0.0,30,Female,mc_prob_0.3_FC_0_7
31,0.0,31,Female,mc_prob_0.3_FC_0_7
32,0.0,32,Female,mc_prob_0.3_FC_0_7
33,0.0,33,Female,mc_prob_0.3_FC_0_7
34,0.0,34,Female,mc_prob_0.3_FC_0_7
35,0.0,35,Female,mc_prob_0.3_FC_0_7
36,0.0,36,Female,mc_prob_0.3_FC_0_7
37,0.0,37,Female,mc_prob_0.3_FC_0_7
38,0.0,38,Female,mc_prob_0.3_FC_0_7
39,0.0,39,Female,mc_prob_0.3_FC_0_7
40,0.0,40,Female,mc_prob_0.3_FC_0_7
41,0.0,41,Female,mc_prob_0.3_FC_0_7
42,0.0,42,Female,mc_prob_0.3_FC_0_7
43,0.0,43,Female,mc_prob_0.3_FC_0_7
44,0.0,44,Female,mc_prob_0.3_FC_0_7
45,0.0,45,Female,mc_prob_0.3_FC_0_7
46,0.0,46,Female,mc_prob_0.3_FC_0_7
47,0.0,47,Female,mc_prob_0.3_FC_0_7
48,0.0,48,Female,mc_prob_0.3_FC_0_7
49,0.0,49,Female,mc_prob_0.3_FC_0_7
50,0.0,50,Female,mc_prob_0.3_FC_0_7
51,5000.0,0,Male,mc_prob_0.3_FC_0_7
52,4402.0,1,Male,mc_prob_0.3_FC_0_7
53,4204.0,2,Male,mc_prob_0.3_FC_0_7
54,4281.0,3,Male,mc_prob_0.3_FC_0_7
55,4182.0,4,Male,mc_prob_0.3_FC_0_7
56,3965.0,5,Male,mc_prob_0.3_FC_0_7
57,4032.0,6,Male,mc_prob_0.3_FC_0_7
58,4019.0,7,Male,mc_prob_0.3_FC_0_7
59,3842.0,8,Male,mc_prob_0.3_FC_0_7
60,3985.0,9,Male,mc_prob_0.3_FC_0_7
61,3679.0,10,Male,mc_prob_0.3_FC_0_7
62,3636.0,11,Male,mc_prob_0.3_FC_0_7
63,3558.0,12,Male,mc_prob_0.3_FC_0_7
64,3463.0,13,Male,mc_prob_0.3_FC_0_7
65,3462.0,14,Male,mc_prob_0.3_FC_0_7
66,3300.0,15,Male,mc_prob_0.3_FC_0_7
67,2297.0,16,Male,mc_prob_0.3_FC_0_7
68,1095.0,17,Male,mc_prob_0.3_FC_0_7
69,271.0,18,Male,mc_prob_0.3_FC_0_7
70,166.0,19,Male,mc_prob_0.3_FC_0_7
71,19.0,20,Male,mc_prob_0.3_FC_0_7
72,0.0,21,Male,mc_prob_0.3_FC_0_7
73,0.0,22,Male,mc_prob_0.3_FC_0_7
74,0.0,23,Male,mc_prob_0.3_FC_0_7
75,0.0,24,Male,mc_prob_0.3_FC_0_7
76,0.0,25,Male,mc_prob_0.3_FC_0_7
77,0.0,26,Male,mc_prob_0.3_FC_0_7
78,0.0,27,Male,mc_prob_0.3_FC_0_7
79,0.0,28,Male,mc_prob_0.3_FC_0_7
80,0.0,29,Male,mc_prob_0.3_FC_0_7
81,0.0,30,Male,mc_prob_0.3_FC_0_7
82,0.0,31,Male,mc_prob_0.3_FC_0_7
83,0.0,32,Male,mc_prob_0.3_FC_0_7
84,0.0,33,Male,mc_prob_0.3_FC_0_7
85,0.0,34,Male,mc_prob_0.3_FC_0_7
86,0.0,35,Male,mc_prob_0.3_FC_0_7
87,0.0,36,Male,mc_prob_0.3_FC_0_7
88,0.0,37,Male,mc_prob_0.3_FC_0_7
89,0.0,38,Male,mc_prob_0.3_FC_0_7
90,0.0,39,Male,mc_prob_0.3_FC_0_7
91,0.0,40,Male,mc_prob_0.3_FC_0_7
92,0.0,41,Male,mc_prob_0.3_FC_0_7
93,0.0,42,Male,mc_prob_0.3_FC_0_7
94,0.0,43,Male,mc_prob_0.3_FC_0_7
95,0.0,44,Male,mc_prob_0.3_FC_0_7
96,0.0,45,Male,mc_prob_0.3_FC_0_7
97,0.0,46,Male,mc_prob_0.3_FC_0_7
98,0.0,47,Male,mc_prob_0.3_FC_0_7
99,0.0,48,Male,mc_prob_0.3_FC_0_7
100,0.0,49,Male,mc_prob_0.3_FC_0_7
101,0.0,50,Male,mc_prob_0.3_FC_0_7
,Count,Generation,Sex,Run
0,7000.0,0,Female,mc_prob_0.3_FC_0_8
1,4245.0,1,Female,mc_prob_0.3_FC_0_8
2,4196.0,2,Female,mc_prob_0.3_FC_0_8
3,4221.0,3,Female,mc_prob_0.3_FC_0_8
4,4143.0,4,Female,mc_prob_0.3_FC_0_8
5,4095.0,5,Female,mc_prob_0.3_FC_0_8
6,4044.0,6,Female,mc_prob_0.3_FC_0_8
7,4016.0,7,Female,mc_prob_0.3_FC_0_8
8,3800.0,8,Female,mc_prob_0.3_FC_0_8
9,3807.0,9,Female,mc_prob_0.3_FC_0_8
10,3754.0,10,Female,mc_prob_0.3_FC_0_8
11,3604.0,11,Female,mc_prob_0.3_FC_0_8
12,3530.0,12,Female,mc_prob_0.3_FC_0_8
13,3554.0,13,Female,mc_prob_0.3_FC_0_8
14,3494.0,14,Female,mc_prob_0.3_FC_0_8
15,3239.0,15,Female,mc_prob_0.3_FC_0_8
16,2893.0,16,Female,mc_prob_0.3_FC_0_8
17,1583.0,17,Female,mc_prob_0.3_FC_0_8
18,851.0,18,Female,mc_prob_0.3_FC_0_8
19,160.0,19,Female,mc_prob_0.3_FC_0_8
20,50.0,20,Female,mc_prob_0.3_FC_0_8
21,9.0,21,Female,mc_prob_0.3_FC_0_8
22,0.0,22,Female,mc_prob_0.3_FC_0_8
23,0.0,23,Female,mc_prob_0.3_FC_0_8
24,0.0,24,Female,mc_prob_0.3_FC_0_8
25,0.0,25,Female,mc_prob_0.3_FC_0_8
26,0.0,26,Female,mc_prob_0.3_FC_0_8
27,0.0,27,Female,mc_prob_0.3_FC_0_8
28,0.0,28,Female,mc_prob_0.3_FC_0_8
29,0.0,29,Female,mc_prob_0.3_FC_0_8
30,0.0,30,Female,mc_prob_0.3_FC_0_8
31,0.0,31,Female,mc_prob_0.3_FC_0_8
32,0.0,32,Female,mc_prob_0.3_FC_0_8
33,0.0,33,Female,mc_prob_0.3_FC_0_8
34,0.0,34,Female,mc_prob_0.3_FC_0_8
35,0.0,35,Female,mc_prob_0.3_FC_0_8
36,0.0,36,Female,mc_prob_0.3_FC_0_8
37,0.0,37,Female,mc_prob_0.3_FC_0_8
38,0.0,38,Female,mc_prob_0.3_FC_0_8
39,0.0,39,Female,mc_prob_0.3_FC_0_8
40,0.0,40,Female,mc_prob_0.3_FC_0_8
41,0.0,41,Female,mc_prob_0.3_FC_0_8
42,0.0,42,Female,mc_prob_0.3_FC_0_8
43,0.0,43,Female,mc_prob_0.3_FC_0_8
44,0.0,44,Female,mc_prob_0.3_FC_0_8
45,0.0,45,Female,mc_prob_0.3_FC_0_8
46,0.0,46,Female,mc_prob_0.3_FC_0_8
47,0.0,47,Female,mc_prob_0.3_FC_0_8
48,0.0,48,Female,mc_prob_0.3_FC_0_8
49,0.0,49,Female,mc_prob_0.3_FC_0_8
50,0.0,50,Female,mc_prob_0.3_FC_0_8
51,5000.0,0,Male,mc_prob_0.3_FC_0_8
52,4278.0,1,Male,mc_prob_0.3_FC_0_8
53,4205.0,2,Male,mc_prob_0.3_FC_0_8
54,4282.0,3,Male,mc_prob_0.3_FC_0_8
55,4213.0,4,Male,mc_prob_0.3_FC_0_8
56,4101.0,5,Male,mc_prob_0.3_FC_0_8
57,4060.0,6,Male,mc_prob_0.3_FC_0_8
58,4059.0,7,Male,mc_prob_0.3_FC_0_8
59,3920.0,8,Male,mc_prob_0.3_FC_0_8
60,3869.0,9,Male,mc_prob_0.3_FC_0_8
61,3804.0,10,Male,mc_prob_0.3_FC_0_8
62,3678.0,11,Male,mc_prob_0.3_FC_0_8
63,3540.0,12,Male,mc_prob_0.3_FC_0_8
64,3623.0,13,Male,mc_prob_0.3_FC_0_8
65,3546.0,14,Male,mc_prob_0.3_FC_0_8
66,3380.0,15,Male,mc_prob_0.3_FC_0_8
67,2911.0,16,Male,mc_prob_0.3_FC_0_8
68,1599.0,17,Male,mc_prob_0.3_FC_0_8
69,860.0,18,Male,mc_prob_0.3_FC_0_8
70,160.0,19,Male,mc_prob_0.3_FC_0_8
71,52.0,20,Male,mc_prob_0.3_FC_0_8
72,11.0,21,Male,mc_prob_0.3_FC_0_8
73,0.0,22,Male,mc_prob_0.3_FC_0_8
74,0.0,23,Male,mc_prob_0.3_FC_0_8
75,0.0,24,Male,mc_prob_0.3_FC_0_8
76,0.0,25,Male,mc_prob_0.3_FC_0_8
77,0.0,26,Male,mc_prob_0.3_FC_0_8
78,0.0,27,Male,mc_prob_0.3_FC_0_8
79,0.0,28,Male,mc_prob_0.3_FC_0_8
80,0.0,29,Male,mc_prob_0.3_FC_0_8
81,0.0,30,Male,mc_prob_0.3_FC_0_8
82,0.0,31,Male,mc_prob_0.3_FC_0_8
83,0.0,32,Male,mc_prob_0.3_FC_0_8
84,0.0,33,Male,mc_prob_0.3_FC_0_8
85,0.0,34,Male,mc_prob_0.3_FC_0_8
86,0.0,35,Male,mc_prob_0.3_FC_0_8
87,0.0,36,Male,mc_prob_0.3_FC_0_8
88,0.0,37,Male,mc_prob_0.3_FC_0_8
89,0.0,38,Male,mc_prob_0.3_FC_0_8
90,0.0,39,Male,mc_prob_0.3_FC_0_8
91,0.0,40,Male,mc_prob_0.3_FC_0_8
92,0.0,41,Male,mc_prob_0.3_FC_0_8
93,0.0,42,Male,mc_prob_0.3_FC_0_8
94,0.0,43,Male,mc_prob_0.3_FC_0_8
95,0.0,44,Male,mc_prob_0.3_FC_0_8
96,0.0,45,Male,mc_prob_0.3_FC_0_8
97,0.0,46,Male,mc_prob_0.3_FC_0_8
98,0.0,47,Male,mc_prob_0.3_FC_0_8
99,0.0,48,Male,mc_prob_0.3_FC_0_8
100,0.0,49,Male,mc_prob_0.3_FC_0_8
101,0.0,50,Male,mc_prob_0.3_FC_0_8
,Count,Generation,Sex,Run
0,7000.0,0,Female,mc_prob_0.3_FC_0_9
1,4409.0,1,Female,mc_prob_0.3_FC_0_9
2,4248.0,2,Female,mc_prob_0.3_FC_0_9
3,4125.0,3,Female,mc_prob_0.3_FC_0_9
4,4062.0,4,Female,mc_prob_0.3_FC_0_9
5,3974.0,5,Female,mc_prob_0.3_FC_0_9
6,3709.0,6,Female,mc_prob_0.3_FC_0_9
7,3687.0,7,Female,mc_prob_0.3_FC_0_9
8,3825.0,8,Female,mc_prob_0.3_FC_0_9
9,3812.0,9,Female,mc_prob_0.3_FC_0_9
10,3587.0,10,Female,mc_prob_0.3_FC_0_9
11,3550.0,11,Female,mc_prob_0.3_FC_0_9
12,3490.0,12,Female,mc_prob_0.3_FC_0_9
13,3550.0,13,Female,mc_prob_0.3_FC_0_9
14,3390.0,14,Female,mc_prob_0.3_FC_0_9
15,3128.0,15,Female,mc_prob_0.3_FC_0_9
16,1819.0,16,Female,mc_prob_0.3_FC_0_9
17,646.0,17,Female,mc_prob_0.3_FC_0_9
18,244.0,18,Female,mc_prob_0.3_FC_0_9
19,46.0,19,Female,mc_prob_0.3_FC_0_9
20,10.0,20,Female,mc_prob_0.3_FC_0_9
21,10.0,21,Female,mc_prob_0.3_FC_0_9
22,11.0,22,Female,mc_prob_0.3_FC_0_9
23,0.0,23,Female,mc_prob_0.3_FC_0_9
24,0.0,24,Female,mc_prob_0.3_FC_0_9
25,0.0,25,Female,mc_prob_0.3_FC_0_9
26,0.0,26,Female,mc_prob_0.3_FC_0_9
27,0.0,27,Female,mc_prob_0.3_FC_0_9
28,0.0,28,Female,mc_prob_0.3_FC_0_9
29,0.0,29,Female,mc_prob_0.3_FC_0_9
30,0.0,30,Female,mc_prob_0.3_FC_0_9
31,0.0,31,Female,mc_prob_0.3_FC_0_9
32,0.0,32,Female,mc_prob_0.3_FC_0_9
33,0.0,33,Female,mc_prob_0.3_FC_0_9
34,0.0,34,Female,mc_prob_0.3_FC_0_9
35,0.0,35,Female,mc_prob_0.3_FC_0_9
36,0.0,36,Female,mc_prob_0.3_FC_0_9
37,0.0,37,Female,mc_prob_0.3_FC_0_9
38,0.0,38,Female,mc_prob_0.3_FC_0_9
39,0.0,39,Female,mc_prob_0.3_FC_0_9
40,0.0,40,Female,mc_prob_0.3_FC_0_9
41,0.0,41,Female,mc_prob_0.3_FC_0_9
42,0.0,42,Female,mc_prob_0.3_FC_0_9
43,0.0,43,Female,mc_prob_0.3_FC_0_9
44,0.0,44,Female,mc_prob_0.3_FC_0_9
45,0.0,45,Female,mc_prob_0.3_FC_0_9
46,0.0,46,Female,mc_prob_0.3_FC_0_9
47,0.0,47,Female,mc_prob_0.3_FC_0_9
48,0.0,48,Female,mc_prob_0.3_FC_0_9
49,0.0,49,Female,mc_prob_0.3_FC_0_9
50,0.0,50,Female,mc_prob_0.3_FC_0_9
51,5000.0,0,Male,mc_prob_0.3_FC_0_9
52,4428.0,1,Male,mc_prob_0.3_FC_0_9
53,4282.0,2,Male,mc_prob_0.3_FC_0_9
54,4177.0,3,Male,mc_prob_0.3_FC_0_9
55,4076.0,4,Male,mc_prob_0.3_FC_0_9
56,4105.0,5,Male,mc_prob_0.3_FC_0_9
57,3974.0,6,Male,mc_prob_0.3_FC_0_9
58,3725.0,7,Male,mc_prob_0.3_FC_0_9
59,3833.0,8,Male,mc_prob_0.3_FC_0_9
60,3844.0,9,Male,mc_prob_0.3_FC_0_9
61,3710.0,10,Male,mc_prob_0.3_FC_0_9
62,3596.0,11,Male,mc_prob_0.3_FC_0_9
63,3513.0,12,Male,mc_prob_0.3_FC_0_9
64,3579.0,13,Male,mc_prob_0.3_FC_0_9
65,3442.0,14,Male,mc_prob_0.3_FC_0_9
66,3138.0,15,Male,mc_prob_0.3_FC_0_9
67,1826.0,16,Male,mc_prob_0.3_FC_0_9
68,658.0,17,Male,mc_prob_0.3_FC_0_9
69,247.0,18,Male,mc_prob_0.3_FC_0_9
70,51.0,19,Male,mc_prob_0.3_FC_0_9
71,15.0,20,Male,mc_prob_0.3_FC_0_9
72,11.0,21,Male,mc_prob_0.3_FC_0_9
73,15.0,22,Male,mc_prob_0.3_FC_0_9
74,0.0,23,Male,mc_prob_0.3_FC_0_9
75,0.0,24,Male,mc_prob_0.3_FC_0_9
76,0.0,25,Male,mc_prob_0.3_FC_0_9
77,0.0,26,Male,mc_prob_0.3_FC_0_9
78,0.0,27,Male,mc_prob_0.3_FC_0_9
79,0.0,28,Male,mc_prob_0.3_FC_0_9
80,0.0,29,Male,mc_prob_0.3_FC_0_9
81,0.0,30,Male,mc_prob_0.3_FC_0_9
82,0.0,31,Male,mc_prob_0.3_FC_0_9
83,0.0,32,Male,mc_prob_0.3_FC_0_9
84,0.0,33,Male,mc_prob_0.3_FC_0_9
85,0.0,34,Male,mc_prob_0.3_FC_0_9
86,0.0,35,Male,mc_prob_0.3_FC_0_9
87,0.0,36,Male,mc_prob_0.3_FC_0_9
88,0.0,37,Male,mc_prob_0.3_FC_0_9
89,0.0,38,Male,mc_prob_0.3_FC_0_9
90,0.0,39,Male,mc_prob_0.3_FC_0_9
91,0.0,40,Male,mc_prob_0.3_FC_0_9
92,0.0,41,Male,mc_prob_0.3_FC_0_9
93,0.0,42,Male,mc_prob_0.3_FC_0_9
94,0.0,43,Male,mc_prob_0.3_FC_0_9
95,0.0,44,Male,mc_prob_0.3_FC_0_9
96,0.0,45,Male,mc_prob_0.3_FC_0_9
97,0.0,46,Male,mc_prob_0.3_FC_0_9
98,0.0,47,Male,mc_prob_0.3_FC_0_9
99,0.0,48,Male,mc_prob_0.3_FC_0_9
100,0.0,49,Male,mc_prob_0.3_FC_0_9
101,0.0,50,Male,mc_prob_0.3_FC_0_9
,Count,Generation,Sex,Run
0,7000.0,0,Female,mc_prob_0.3_FC_0_10
1,4336.0,1,Female,mc_prob_0.3_FC_0_10
2,4213.0,2,Female,mc_prob_0.3_FC_0_10
3,4130.0,3,Female,mc_prob_0.3_FC_0_10
4,3954.0,4,Female,mc_prob_0.3_FC_0_10
5,3909.0,5,Female,mc_prob_0.3_FC_0_10
6,3917.0,6,Female,mc_prob_0.3_FC_0_10
7,3842.0,7,Female,mc_prob_0.3_FC_0_10
8,3756.0,8,Female,mc_prob_0.3_FC_0_10
9,3699.0,9,Female,mc_prob_0.3_FC_0_10
10,3640.0,10,Female,mc_prob_0.3_FC_0_10
11,3543.0,11,Female,mc_prob_0.3_FC_0_10
12,3469.0,12,Female,mc_prob_0.3_FC_0_10
13,3558.0,13,Female,mc_prob_0.3_FC_0_10
14,3414.0,14,Female,mc_prob_0.3_FC_0_10
15,2896.0,15,Female,mc_prob_0.3_FC_0_10
16,1852.0,16,Female,mc_prob_0.3_FC_0_10
17,762.0,17,Female,mc_prob_0.3_FC_0_10
18,233.0,18,Female,mc_prob_0.3_FC_0_10
19,50.0,19,Female,mc_prob_0.3_FC_0_10
20,4.0,20,Female,mc_prob_0.3_FC_0_10
21,0.0,21,Female,mc_prob_0.3_FC_0_10
22,0.0,22,Female,mc_prob_0.3_FC_0_10
23,0.0,23,Female,mc_prob_0.3_FC_0_10
24,0.0,24,Female,mc_prob_0.3_FC_0_10
25,0.0,25,Female,mc_prob_0.3_FC_0_10
26,0.0,26,Female,mc_prob_0.3_FC_0_10
27,0.0,27,Female,mc_prob_0.3_FC_0_10
28,0.0,28,Female,mc_prob_0.3_FC_0_10
29,0.0,29,Female,mc_prob_0.3_FC_0_10
30,0.0,30,Female,mc_prob_0.3_FC_0_10
31,0.0,31,Female,mc_prob_0.3_FC_0_10
32,0.0,32,Female,mc_prob_0.3_FC_0_10
33,0.0,33,Female,mc_prob_0.3_FC_0_10
34,0.0,34,Female,mc_prob_0.3_FC_0_10
35,0.0,35,Female,mc_prob_0.3_FC_0_10
36,0.0,36,Female,mc_prob_0.3_FC_0_10
37,0.0,37,Female,mc_prob_0.3_FC_0_10
38,0.0,38,Female,mc_prob_0.3_FC_0_10
39,0.0,39,Female,mc_prob_0.3_FC_0_10
40,0.0,40,Female,mc_prob_0.3_FC_0_10
41,0.0,41,Female,mc_prob_0.3_FC_0_10
42,0.0,42,Female,mc_prob_0.3_FC_0_10
43,0.0,43,Female,mc_prob_0.3_FC_0_10
44,0.0,44,Female,mc_prob_0.3_FC_0_10
45,0.0,45,Female,mc_prob_0.3_FC_0_10
46,0.0,46,Female,mc_prob_0.3_FC_0_10
47,0.0,47,Female,mc_prob_0.3_FC_0_10
48,0.0,48,Female,mc_prob_0.3_FC_0_10
49,0.0,49,Female,mc_prob_0.3_FC_0_10
50,0.0,50,Female,mc_prob_0.3_FC_0_10
51,5000.0,0,Male,mc_prob_0.3_FC_0_10
52,4352.0,1,Male,mc_prob_0.3_FC_0_10
53,4259.0,2,Male,mc_prob_0.3_FC_0_10
54,4256.0,3,Male,mc_prob_0.3_FC_0_10
55,4100.0,4,Male,mc_prob_0.3_FC_0_10
56,3973.0,5,Male,mc_prob_0.3_FC_0_10
57,3961.0,6,Male,mc_prob_0.3_FC_0_10
58,3852.0,7,Male,mc_prob_0.3_FC_0_10
59,3819.0,8,Male,mc_prob_0.3_FC_0_10
60,3722.0,9,Male,mc_prob_0.3_FC_0_10
61,3730.0,10,Male,mc_prob_0.3_FC_0_10
62,3567.0,11,Male,mc_prob_0.3_FC_0_10
63,3532.0,12,Male,mc_prob_0.3_FC_0_10
64,3562.0,13,Male,mc_prob_0.3_FC_0_10
65,3434.0,14,Male,mc_prob_0.3_FC_0_10
66,2952.0,15,Male,mc_prob_0.3_FC_0_10
67,1887.0,16,Male,mc_prob_0.3_FC_0_10
68,788.0,17,Male,mc_prob_0.3_FC_0_10
69,252.0,18,Male,mc_prob_0.3_FC_0_10
70,54.0,19,Male,mc_prob_0.3_FC_0_10
71,7.0,20,Male,mc_prob_0.3_FC_0_10
72,0.0,21,Male,mc_prob_0.3_FC_0_10
73,0.0,22,Male,mc_prob_0.3_FC_0_10
74,0.0,23,Male,mc_prob_0.3_FC_0_10
75,0.0,24,Male,mc_prob_0.3_FC_0_10
76,0.0,25,Male,mc_prob_0.3_FC_0_10
77,0.0,26,Male,mc_prob_0.3_FC_0_10
78,0.0,27,Male,mc_prob_0.3_FC_0_10
79,0.0,28,Male,mc_prob_0.3_FC_0_10
80,0.0,29,Male,mc_prob_0.3_FC_0_10
81,0.0,30,Male,mc_prob_0.3_FC_0_10
82,0.0,31,Male,mc_prob_0.3_FC_0_10
83,0.0,32,Male,mc_prob_0.3_FC_0_10
84,0.0,33,Male,mc_prob_0.3_FC_0_10
85,0.0,34,Male,mc_prob_0.3_FC_0_10
86,0.0,35,Male,mc_prob_0.3_FC_0_10
87,0.0,36,Male,mc_prob_0.3_FC_0_10
88,0.0,37,Male,mc_prob_0.3_FC_0_10
89,0.0,38,Male,mc_prob_0.3_FC_0_10
90,0.0,39,Male,mc_prob_0.3_FC_0_10
91,0.0,40,Male,mc_prob_0.3_FC_0_10
92,0.0,41,Male,mc_prob_0.3_FC_0_10
93,0.0,42,Male,mc_prob_0.3_FC_0_10
94,0.0,43,Male,mc_prob_0.3_FC_0_10
95,0.0,44,Male,mc_prob_0.3_FC_0_10
96,0.0,45,Male,mc_prob_0.3_FC_0_10
97,0.0,46,Male,mc_prob_0.3_FC_0_10
98,0.0,47,Male,mc_prob_0.3_FC_0_10
99,0.0,48,Male,mc_prob_0.3_FC_0_10
100,0.0,49,Male,mc_prob_0.3_FC_0_10
101,0.0,50,Male,mc_prob_0.3_FC_0_10
,Count,Generation,Sex,Run
0,7000.0,0,Female,mc_prob_0.3_FC_0.05_1
1,4265.0,1,Female,mc_prob_0.3_FC_0.05_1
2,4186.0,2,Female,mc_prob_0.3_FC_0.05_1
3,4200.0,3,Female,mc_prob_0.3_FC_0.05_1
4,4265.0,4,Female,mc_prob_0.3_FC_0.05_1
5,4214.0,5,Female,mc_prob_0.3_FC_0.05_1
6,4126.0,6,Female,mc_prob_0.3_FC_0.05_1
7,4109.0,7,Female,mc_prob_0.3_FC_0.05_1
8,4087.0,8,Female,mc_prob_0.3_FC_0.05_1
9,4070.0,9,Female,mc_prob_0.3_FC_0.05_1
10,4061.0,10,Female,mc_prob_0.3_FC_0.05_1
11,3929.0,11,Female,mc_prob_0.3_FC_0.05_1
12,3844.0,12,Female,mc_prob_0.3_FC_0.05_1
13,3859.0,13,Female,mc_prob_0.3_FC_0.05_1
14,3836.0,14,Female,mc_prob_0.3_FC_0.05_1
15,3695.0,15,Female,mc_prob_0.3_FC_0.05_1
16,3595.0,16,Female,mc_prob_0.3_FC_0.05_1
17,3430.0,17,Female,mc_prob_0.3_FC_0.05_1
18,3472.0,18,Female,mc_prob_0.3_FC_0.05_1
19,3494.0,19,Female,mc_prob_0.3_FC_0.05_1
20,3415.0,20,Female,mc_prob_0.3_FC_0.05_1
21,3311.0,21,Female,mc_prob_0.3_FC_0.05_1
22,3221.0,22,Female,mc_prob_0.3_FC_0.05_1
23,3081.0,23,Female,mc_prob_0.3_FC_0.05_1
24,2581.0,24,Female,mc_prob_0.3_FC_0.05_1
25,1575.0,25,Female,mc_prob_0.3_FC_0.05_1
26,648.0,26,Female,mc_prob_0.3_FC_0.05_1
27,167.0,27,Female,mc_prob_0.3_FC_0.05_1
28,29.0,28,Female,mc_prob_0.3_FC_0.05_1
29,0.0,29,Female,mc_prob_0.3_FC_0.05_1
30,0.0,30,Female,mc_prob_0.3_FC_0.05_1
31,0.0,31,Female,mc_prob_0.3_FC_0.05_1
32,0.0,32,Female,mc_prob_0.3_FC_0.05_1
33,0.0,33,Female,mc_prob_0.3_FC_0.05_1
34,0.0,34,Female,mc_prob_0.3_FC_0.05_1
35,0.0,35,Female,mc_prob_0.3_FC_0.05_1
36,0.0,36,Female,mc_prob_0.3_FC_0.05_1
37,0.0,37,Female,mc_prob_0.3_FC_0.05_1
38,0.0,38,Female,mc_prob_0.3_FC_0.05_1
39,0.0,39,Female,mc_prob_0.3_FC_0.05_1
40,0.0,40,Female,mc_prob_0.3_FC_0.05_1
41,0.0,41,Female,mc_prob_0.3_FC_0.05_1
42,0.0,42,Female,mc_prob_0.3_FC_0.05_1
43,0.0,43,Female,mc_prob_0.3_FC_0.05_1
44,0.0,44,Female,mc_prob_0.3_FC_0.05_1
45,0.0,45,Female,mc_prob_0.3_FC_0.05_1
46,0.0,46,Female,mc_prob_0.3_FC_0.05_1
47,0.0,47,Female,mc_prob_0.3_FC_0.05_1
48,0.0,48,Female,mc_prob_0.3_FC_0.05_1
49,0.0,49,Female,mc_prob_0.3_FC_0.05_1
50,0.0,50,Female,mc_prob_0.3_FC_0.05_1
51,5000.0,0,Male,mc_prob_0.3_FC_0.05_1
52,4276.0,1,Male,mc_prob_0.3_FC_0.05_1
53,4216.0,2,Male,mc_prob_0.3_FC_0.05_1
54,4210.0,3,Male,mc_prob_0.3_FC_0.05_1
55,4296.0,4,Male,mc_prob_0.3_FC_0.05_1
56,4278.0,5,Male,mc_prob_0.3_FC_0.05_1
57,4200.0,6,Male,mc_prob_0.3_FC_0.05_1
58,4169.0,7,Male,mc_prob_0.3_FC_0.05_1
59,4100.0,8,Male,mc_prob_0.3_FC_0.05_1
60,4170.0,9,Male,mc_prob_0.3_FC_0.05_1
61,4151.0,10,Male,mc_prob_0.3_FC_0.05_1
62,4146.0,11,Male,mc_prob_0.3_FC_0.05_1
63,3845.0,12,Male,mc_prob_0.3_FC_0.05_1
64,3877.0,13,Male,mc_prob_0.3_FC_0.05_1
65,3913.0,14,Male,mc_prob_0.3_FC_0.05_1
66,3762.0,15,Male,mc_prob_0.3_FC_0.05_1
67,3754.0,16,Male,mc_prob_0.3_FC_0.05_1
68,3550.0,17,Male,mc_prob_0.3_FC_0.05_1
69,3476.0,18,Male,mc_prob_0.3_FC_0.05_1
70,3536.0,19,Male,mc_prob_0.3_FC_0.05_1
71,3439.0,20,Male,mc_prob_0.3_FC_0.05_1
72,3414.0,21,Male,mc_prob_0.3_FC_0.05_1
73,3285.0,22,Male,mc_prob_0.3_FC_0.05_1
74,3243.0,23,Male,mc_prob_0.3_FC_0.05_1
75,2603.0,24,Male,mc_prob_0.3_FC_0.05_1
76,1652.0,25,Male,mc_prob_0.3_FC_0.05_1
77,705.0,26,Male,mc_prob_0.3_FC_0.05_1
78,174.0,27,Male,mc_prob_0.3_FC_0.05_1
79,31.0,28,Male,mc_prob_0.3_FC_0.05_1
80,0.0,29,Male,mc_prob_0.3_FC_0.05_1
81,0.0,30,Male,mc_prob_0.3_FC_0.05_1
82,0.0,31,Male,mc_prob_0.3_FC_0.05_1
83,0.0,32,Male,mc_prob_0.3_FC_0.05_1
84,0.0,33,Male,mc_prob_0.3_FC_0.05_1
85,0.0,34,Male,mc_prob_0.3_FC_0.05_1
86,0.0,35,Male,mc_prob_0.3_FC_0.05_1
87,0.0,36,Male,mc_prob_0.3_FC_0.05_1
88,0.0,37,Male,mc_prob_0.3_FC_0.05_1
89,0.0,38,Male,mc_prob_0.3_FC_0.05_1
90,0.0,39,Male,mc_prob_0.3_FC_0.05_1
91,0.0,40,Male,mc_prob_0.3_FC_0.05_1
92,0.0,41,Male,mc_prob_0.3_FC_0.05_1
93,0.0,42,Male,mc_prob_0.3_FC_0.05_1
94,0.0,43,Male,mc_prob_0.3_FC_0.05_1
95,0.0,44,Male,mc_prob_0.3_FC_0.05_1
96,0.0,45,Male,mc_prob_0.3_FC_0.05_1
97,0.0,46,Male,mc_prob_0.3_FC_0.05_1
98,0.0,47,Male,mc_prob_0.3_FC_0.05_1
99,0.0,48,Male,mc_prob_0.3_FC_0.05_1
100,0.0,49,Male,mc_prob_0.3_FC_0.05_1
101,0.0,50,Male,mc_prob_0.3_FC_0.05_1
,Count,Generation,Sex,Run
0,7000.0,0,Female,mc_prob_0.3_FC_0.05_2
1,4221.0,1,Female,mc_prob_0.3_FC_0.05_2
2,4181.0,2,Female,mc_prob_0.3_FC_0.05_2
3,4238.0,3,Female,mc_prob_0.3_FC_0.05_2
4,4221.0,4,Female,mc_prob_0.3_FC_0.05_2
5,4095.0,5,Female,mc_prob_0.3_FC_0.05_2
6,4126.0,6,Female,mc_prob_0.3_FC_0.05_2
7,4125.0,7,Female,mc_prob_0.3_FC_0.05_2
8,3991.0,8,Female,mc_prob_0.3_FC_0.05_2
9,4077.0,9,Female,mc_prob_0.3_FC_0.05_2
10,4138.0,10,Female,mc_prob_0.3_FC_0.05_2
11,4094.0,11,Female,mc_prob_0.3_FC_0.05_2
12,3977.0,12,Female,mc_prob_0.3_FC_0.05_2
13,3846.0,13,Female,mc_prob_0.3_FC_0.05_2
14,3758.0,14,Female,mc_prob_0.3_FC_0.05_2
15,3772.0,15,Female,mc_prob_0.3_FC_0.05_2
16,3753.0,16,Female,mc_prob_0.3_FC_0.05_2
17,3498.0,17,Female,mc_prob_0.3_FC_0.05_2
18,3356.0,18,Female,mc_prob_0.3_FC_0.05_2
19,3311.0,19,Female,mc_prob_0.3_FC_0.05_2
20,3275.0,20,Female,mc_prob_0.3_FC_0.05_2
21,3323.0,21,Female,mc_prob_0.3_FC_0.05_2
22,3172.0,22,Female,mc_prob_0.3_FC_0.05_2
23,2564.0,23,Female,mc_prob_0.3_FC_0.05_2
24,1470.0,24,Female,mc_prob_0.3_FC_0.05_2
25,593.0,25,Female,mc_prob_0.3_FC_0.05_2
26,150.0,26,Female,mc_prob_0.3_FC_0.05_2
27,11.0,27,Female,mc_prob_0.3_FC_0.05_2
28,17.0,28,Female,mc_prob_0.3_FC_0.05_2
29,0.0,29,Female,mc_prob_0.3_FC_0.05_2
30,0.0,30,Female,mc_prob_0.3_FC_0.05_2
31,0.0,31,Female,mc_prob_0.3_FC_0.05_2
32,0.0,32,Female,mc_prob_0.3_FC_0.05_2
33,0.0,33,Female,mc_prob_0.3_FC_0.05_2
34,0.0,34,Female,mc_prob_0.3_FC_0.05_2
35,0.0,35,Female,mc_prob_0.3_FC_0.05_2
36,0.0,36,Female,mc_prob_0.3_FC_0.05_2
37,0.0,37,Female,mc_prob_0.3_FC_0.05_2
38,0.0,38,Female,mc_prob_0.3_FC_0.05_2
39,0.0,39,Female,mc_prob_0.3_FC_0.05_2
40,0.0,40,Female,mc_prob_0.3_FC_0.05_2
41,0.0,41,Female,mc_prob_0.3_FC_0.05_2
42,0.0,42,Female,mc_prob_0.3_FC_0.05_2
43,0.0,43,Female,mc_prob_0.3_FC_0.05_2
44,0.0,44,Female,mc_prob_0.3_FC_0.05_2
45,0.0,45,Female,mc_prob_0.3_FC_0.05_2
46,0.0,46,Female,mc_prob_0.3_FC_0.05_2
47,0.0,47,Female,mc_prob_0.3_FC_0.05_2
48,0.0,48,Female,mc_prob_0.3_FC_0.05_2
49,0.0,49,Female,mc_prob_0.3_FC_0.05_2
50,0.0,50,Female,mc_prob_0.3_FC_0.05_2
51,5000.0,0,Male,mc_prob_0.3_FC_0.05_2
52,4242.0,1,Male,mc_prob_0.3_FC_0.05_2
53,4287.0,2,Male,mc_prob_0.3_FC_0.05_2
54,4275.0,3,Male,mc_prob_0.3_FC_0.05_2
55,4278.0,4,Male,mc_prob_0.3_FC_0.05_2
56,4150.0,5,Male,mc_prob_0.3_FC_0.05_2
57,4166.0,6,Male,mc_prob_0.3_FC_0.05_2
58,4212.0,7,Male,mc_prob_0.3_FC_0.05_2
59,4022.0,8,Male,mc_prob_0.3_FC_0.05_2
60,4086.0,9,Male,mc_prob_0.3_FC_0.05_2
61,4138.0,10,Male,mc_prob_0.3_FC_0.05_2
62,4121.0,11,Male,mc_prob_0.3_FC_0.05_2
63,4011.0,12,Male,mc_prob_0.3_FC_0.05_2
64,3859.0,13,Male,mc_prob_0.3_FC_0.05_2
65,3764.0,14,Male,mc_prob_0.3_FC_0.05_2
66,3799.0,15,Male,mc_prob_0.3_FC_0.05_2
67,3781.0,16,Male,mc_prob_0.3_FC_0.05_2
68,3576.0,17,Male,mc_prob_0.3_FC_0.05_2
69,3360.0,18,Male,mc_prob_0.3_FC_0.05_2
70,3464.0,19,Male,mc_prob_0.3_FC_0.05_2
71,3327.0,20,Male,mc_prob_0.3_FC_0.05_2
72,3381.0,21,Male,mc_prob_0.3_FC_0.05_2
73,3199.0,22,Male,mc_prob_0.3_FC_0.05_2
74,2728.0,23,Male,mc_prob_0.3_FC_0.05_2
75,1482.0,24,Male,mc_prob_0.3_FC_0.05_2
76,596.0,25,Male,mc_prob_0.3_FC_0.05_2
77,162.0,26,Male,mc_prob_0.3_FC_0.05_2
78,20.0,27,Male,mc_prob_0.3_FC_0.05_2
79,17.0,28,Male,mc_prob_0.3_FC_0.05_2
80,0.0,29,Male,mc_prob_0.3_FC_0.05_2
81,0.0,30,Male,mc_prob_0.3_FC_0.05_2
82,0.0,31,Male,mc_prob_0.3_FC_0.05_2
83,0.0,32,Male,mc_prob_0.3_FC_0.05_2
84,0.0,33,Male,mc_prob_0.3_FC_0.05_2
85,0.0,34,Male,mc_prob_0.3_FC_0.05_2
86,0.0,35,Male,mc_prob_0.3_FC_0.05_2
87,0.0,36,Male,mc_prob_0.3_FC_0.05_2
88,0.0,37,Male,mc_prob_0.3_FC_0.05_2
89,0.0,38,Male,mc_prob_0.3_FC_0.05_2
90,0.0,39,Male,mc_prob_0.3_FC_0.05_2
91,0.0,40,Male,mc_prob_0.3_FC_0.05_2
92,0.0,41,Male,mc_prob_0.3_FC_0.05_2
93,0.0,42,Male,mc_prob_0.3_FC_0.05_2
94,0.0,43,Male,mc_prob_0.3_FC_0.05_2
95,0.0,44,Male,mc_prob_0.3_FC_0.05_2
96,0.0,45,Male,mc_prob_0.3_FC_0.05_2
97,0.0,46,Male,mc_prob_0.3_FC_0.05_2
98,0.0,47,Male,mc_prob_0.3_FC_0.05_2
99,0.0,48,Male,mc_prob_0.3_FC_0.05_2
100,0.0,49,Male,mc_prob_0.3_FC_0.05_2
101,0.0,50,Male,mc_prob_0.3_FC_0.05_2
,Count,Generation,Sex,Run
0,7000.0,0,Female,mc_prob_0.3_FC_0.05_3
1,4167.0,1,Female,mc_prob_0.3_FC_0.05_3
2,4065.0,2,Female,mc_prob_0.3_FC_0.05_3
3,4047.0,3,Female,mc_prob_0.3_FC_0.05_3
4,4001.0,4,Female,mc_prob_0.3_FC_0.05_3
5,4097.0,5,Female,mc_prob_0.3_FC_0.05_3
6,4029.0,6,Female,mc_prob_0.3_FC_0.05_3
7,3945.0,7,Female,mc_prob_0.3_FC_0.05_3
8,3955.0,8,Female,mc_prob_0.3_FC_0.05_3
9,4039.0,9,Female,mc_prob_0.3_FC_0.05_3
10,3961.0,10,Female,mc_prob_0.3_FC_0.05_3
11,3878.0,11,Female,mc_prob_0.3_FC_0.05_3
12,3911.0,12,Female,mc_prob_0.3_FC_0.05_3
13,3870.0,13,Female,mc_prob_0.3_FC_0.05_3
14,3804.0,14,Female,mc_prob_0.3_FC_0.05_3
15,3815.0,15,Female,mc_prob_0.3_FC_0.05_3
16,3738.0,16,Female,mc_prob_0.3_FC_0.05_3
17,3576.0,17,Female,mc_prob_0.3_FC_0.05_3
18,3511.0,18,Female,mc_prob_0.3_FC_0.05_3
19,3361.0,19,Female,mc_prob_0.3_FC_0.05_3
20,3380.0,20,Female,mc_prob_0.3_FC_0.05_3
21,3315.0,21,Female,mc_prob_0.3_FC_0.05_3
22,3396.0,22,Female,mc_prob_0.3_FC_0.05_3
23,2837.0,23,Female,mc_prob_0.3_FC_0.05_3
24,1886.0,24,Female,mc_prob_0.3_FC_0.05_3
25,783.0,25,Female,mc_prob_0.3_FC_0.05_3
26,148.0,26,Female,mc_prob_0.3_FC_0.05_3
27,46.0,27,Female,mc_prob_0.3_FC_0.05_3
28,4.0,28,Female,mc_prob_0.3_FC_0.05_3
29,0.0,29,Female,mc_prob_0.3_FC_0.05_3
30,0.0,30,Female,mc_prob_0.3_FC_0.05_3
31,0.0,31,Female,mc_prob_0.3_FC_0.05_3
32,0.0,32,Female,mc_prob_0.3_FC_0.05_3
33,0.0,33,Female,mc_prob_0.3_FC_0.05_3
34,0.0,34,Female,mc_prob_0.3_FC_0.05_3
35,0.0,35,Female,mc_prob_0.3_FC_0.05_3
36,0.0,36,Female,mc_prob_0.3_FC_0.05_3
37,0.0,37,Female,mc_prob_0.3_FC_0.05_3
38,0.0,38,Female,mc_prob_0.3_FC_0.05_3
39,0.0,39,Female,mc_prob_0.3_FC_0.05_3
40,0.0,40,Female,mc_prob_0.3_FC_0.05_3
41,0.0,41,Female,mc_prob_0.3_FC_0.05_3
42,0.0,42,Female,mc_prob_0.3_FC_0.05_3
43,0.0,43,Female,mc_prob_0.3_FC_0.05_3
44,0.0,44,Female,mc_prob_0.3_FC_0.05_3
45,0.0,45,Female,mc_prob_0.3_FC_0.05_3
46,0.0,46,Female,mc_prob_0.3_FC_0.05_3
47,0.0,47,Female,mc_prob_0.3_FC_0.05_3
48,0.0,48,Female,mc_prob_0.3_FC_0.05_3
49,0.0,49,Female,mc_prob_0.3_FC_0.05_3
50,0.0,50,Female,mc_prob_0.3_FC_0.05_3
51,5000.0,0,Male,mc_prob_0.3_FC_0.05_3
52,4203.0,1,Male,mc_prob_0.3_FC_0.05_3
53,4126.0,2,Male,mc_prob_0.3_FC_0.05_3
54,4142.0,3,Male,mc_prob_0.3_FC_0.05_3
55,4137.0,4,Male,mc_prob_0.3_FC_0.05_3
56,4164.0,5,Male,mc_prob_0.3_FC_0.05_3
57,4057.0,6,Male,mc_prob_0.3_FC_0.05_3
58,4147.0,7,Male,mc_prob_0.3_FC_0.05_3
59,3966.0,8,Male,mc_prob_0.3_FC_0.05_3
60,4066.0,9,Male,mc_prob_0.3_FC_0.05_3
61,4026.0,10,Male,mc_prob_0.3_FC_0.05_3
62,3921.0,11,Male,mc_prob_0.3_FC_0.05_3
63,3986.0,12,Male,mc_prob_0.3_FC_0.05_3
64,3884.0,13,Male,mc_prob_0.3_FC_0.05_3
65,3827.0,14,Male,mc_prob_0.3_FC_0.05_3
66,3823.0,15,Male,mc_prob_0.3_FC_0.05_3
67,3803.0,16,Male,mc_prob_0.3_FC_0.05_3
68,3608.0,17,Male,mc_prob_0.3_FC_0.05_3
69,3516.0,18,Male,mc_prob_0.3_FC_0.05_3
70,3368.0,19,Male,mc_prob_0.3_FC_0.05_3
71,3441.0,20,Male,mc_prob_0.3_FC_0.05_3
72,3341.0,21,Male,mc_prob_0.3_FC_0.05_3
73,3401.0,22,Male,mc_prob_0.3_FC_0.05_3
74,2904.0,23,Male,mc_prob_0.3_FC_0.05_3
75,1902.0,24,Male,mc_prob_0.3_FC_0.05_3
76,793.0,25,Male,mc_prob_0.3_FC_0.05_3
77,150.0,26,Male,mc_prob_0.3_FC_0.05_3
78,50.0,27,Male,mc_prob_0.3_FC_0.05_3
79,15.0,28,Male,mc_prob_0.3_FC_0.05_3
80,0.0,29,Male,mc_prob_0.3_FC_0.05_3
81,0.0,30,Male,mc_prob_0.3_FC_0.05_3
82,0.0,31,Male,mc_prob_0.3_FC_0.05_3
83,0.0,32,Male,mc_prob_0.3_FC_0.05_3
84,0.0,33,Male,mc_prob_0.3_FC_0.05_3
85,0.0,34,Male,mc_prob_0.3_FC_0.05_3
86,0.0,35,Male,mc_prob_0.3_FC_0.05_3
87,0.0,36,Male,mc_prob_0.3_FC_0.05_3
88,0.0,37,Male,mc_prob_0.3_FC_0.05_3
89,0.0,38,Male,mc_prob_0.3_FC_0.05_3
90,0.0,39,Male,mc_prob_0.3_FC_0.05_3
91,0.0,40,Male,mc_prob_0.3_FC_0.05_3
92,0.0,41,Male,mc_prob_0.3_FC_0.05_3
93,0.0,42,Male,mc_prob_0.3_FC_0.05_3
94,0.0,43,Male,mc_prob_0.3_FC_0.05_3
95,0.0,44,Male,mc_prob_0.3_FC_0.05_3
96,0.0,45,Male,mc_prob_0.3_FC_0.05_3
97,0.0,46,Male,mc_prob_0.3_FC_0.05_3
98,0.0,47,Male,mc_prob_0.3_FC_0.05_3
99,0.0,48,Male,mc_prob_0.3_FC_0.05_3
100,0.0,49,Male,mc_prob_0.3_FC_0.05_3
101,0.0,50,Male,mc_prob_0.3_FC_0.05_3
,Count,Generation,Sex,Run
0,7000.0,0,Female,mc_prob_0.3_FC_0.05_4
1,4260.0,1,Female,mc_prob_0.3_FC_0.05_4
2,4093.0,2,Female,mc_prob_0.3_FC_0.05_4
3,4125.0,3,Female,mc_prob_0.3_FC_0.05_4
4,4069.0,4,Female,mc_prob_0.3_FC_0.05_4
5,4259.0,5,Female,mc_prob_0.3_FC_0.05_4
6,4123.0,6,Female,mc_prob_0.3_FC_0.05_4
7,4043.0,7,Female,mc_prob_0.3_FC_0.05_4
8,4057.0,8,Female,mc_prob_0.3_FC_0.05_4
9,3947.0,9,Female,mc_prob_0.3_FC_0.05_4
10,3849.0,10,Female,mc_prob_0.3_FC_0.05_4
11,3763.0,11,Female,mc_prob_0.3_FC_0.05_4
12,3899.0,12,Female,mc_prob_0.3_FC_0.05_4
13,3882.0,13,Female,mc_prob_0.3_FC_0.05_4
14,3831.0,14,Female,mc_prob_0.3_FC_0.05_4
15,3691.0,15,Female,mc_prob_0.3_FC_0.05_4
16,3659.0,16,Female,mc_prob_0.3_FC_0.05_4
17,3685.0,17,Female,mc_prob_0.3_FC_0.05_4
18,3528.0,18,Female,mc_prob_0.3_FC_0.05_4
19,3402.0,19,Female,mc_prob_0.3_FC_0.05_4
20,3372.0,20,Female,mc_prob_0.3_FC_0.05_4
21,3282.0,21,Female,mc_prob_0.3_FC_0.05_4
22,3256.0,22,Female,mc_prob_0.3_FC_0.05_4
23,2921.0,23,Female,mc_prob_0.3_FC_0.05_4
24,2085.0,24,Female,mc_prob_0.3_FC_0.05_4
25,959.0,25,Female,mc_prob_0.3_FC_0.05_4
26,321.0,26,Female,mc_prob_0.3_FC_0.05_4
27,173.0,27,Female,mc_prob_0.3_FC_0.05_4
28,24.0,28,Female,mc_prob_0.3_FC_0.05_4
29,8.0,29,Female,mc_prob_0.3_FC_0.05_4
30,0.0,30,Female,mc_prob_0.3_FC_0.05_4
31,0.0,31,Female,mc_prob_0.3_FC_0.05_4
32,0.0,32,Female,mc_prob_0.3_FC_0.05_4
33,0.0,33,Female,mc_prob_0.3_FC_0.05_4
34,0.0,34,Female,mc_prob_0.3_FC_0.05_4
35,0.0,35,Female,mc_prob_0.3_FC_0.05_4
36,0.0,36,Female,mc_prob_0.3_FC_0.05_4
37,0.0,37,Female,mc_prob_0.3_FC_0.05_4
38,0.0,38,Female,mc_prob_0.3_FC_0.05_4
39,0.0,39,Female,mc_prob_0.3_FC_0.05_4
40,0.0,40,Female,mc_prob_0.3_FC_0.05_4
41,0.0,41,Female,mc_prob_0.3_FC_0.05_4
42,0.0,42,Female,mc_prob_0.3_FC_0.05_4
43,0.0,43,Female,mc_prob_0.3_FC_0.05_4
44,0.0,44,Female,mc_prob_0.3_FC_0.05_4
45,0.0,45,Female,mc_prob_0.3_FC_0.05_4
46,0.0,46,Female,mc_prob_0.3_FC_0.05_4
47,0.0,47,Female,mc_prob_0.3_FC_0.05_4
48,0.0,48,Female,mc_prob_0.3_FC_0.05_4
49,0.0,49,Female,mc_prob_0.3_FC_0.05_4
50,0.0,50,Female,mc_prob_0.3_FC_0.05_4
51,5000.0,0,Male,mc_prob_0.3_FC_0.05_4
52,4323.0,1,Male,mc_prob_0.3_FC_0.05_4
53,4163.0,2,Male,mc_prob_0.3_FC_0.05_4
54,4198.0,3,Male,mc_prob_0.3_FC_0.05_4
55,4186.0,4,Male,mc_prob_0.3_FC_0.05_4
56,4298.0,5,Male,mc_prob_0.3_FC_0.05_4
57,4181.0,6,Male,mc_prob_0.3_FC_0.05_4
58,4198.0,7,Male,mc_prob_0.3_FC_0.05_4
59,4087.0,8,Male,mc_prob_0.3_FC_0.05_4
60,4077.0,9,Male,mc_prob_0.3_FC_0.05_4
61,4139.0,10,Male,mc_prob_0.3_FC_0.05_4
62,3845.0,11,Male,mc_prob_0.3_FC_0.05_4
63,3911.0,12,Male,mc_prob_0.3_FC_0.05_4
64,3899.0,13,Male,mc_prob_0.3_FC_0.05_4
65,3873.0,14,Male,mc_prob_0.3_FC_0.05_4
66,3750.0,15,Male,mc_prob_0.3_FC_0.05_4
67,3723.0,16,Male,mc_prob_0.3_FC_0.05_4
68,3717.0,17,Male,mc_prob_0.3_FC_0.05_4
69,3552.0,18,Male,mc_prob_0.3_FC_0.05_4
70,3403.0,19,Male,mc_prob_0.3_FC_0.05_4
71,3396.0,20,Male,mc_prob_0.3_FC_0.05_4
72,3341.0,21,Male,mc_prob_0.3_FC_0.05_4
73,3308.0,22,Male,mc_prob_0.3_FC_0.05_4
74,3025.0,23,Male,mc_prob_0.3_FC_0.05_4
75,2140.0,24,Male,mc_prob_0.3_FC_0.05_4
76,970.0,25,Male,mc_prob_0.3_FC_0.05_4
77,322.0,26,Male,mc_prob_0.3_FC_0.05_4
78,196.0,27,Male,mc_prob_0.3_FC_0.05_4
79,29.0,28,Male,mc_prob_0.3_FC_0.05_4
80,9.0,29,Male,mc_prob_0.3_FC_0.05_4
81,0.0,30,Male,mc_prob_0.3_FC_0.05_4
82,0.0,31,Male,mc_prob_0.3_FC_0.05_4
83,0.0,32,Male,mc_prob_0.3_FC_0.05_4
84,0.0,33,Male,mc_prob_0.3_FC_0.05_4
85,0.0,34,Male,mc_prob_0.3_FC_0.05_4
86,0.0,35,Male,mc_prob_0.3_FC_0.05_4
87,0.0,36,Male,mc_prob_0.3_FC_0.05_4
88,0.0,37,Male,mc_prob_0.3_FC_0.05_4
89,0.0,38,Male,mc_prob_0.3_FC_0.05_4
90,0.0,39,Male,mc_prob_0.3_FC_0.05_4
91,0.0,40,Male,mc_prob_0.3_FC_0.05_4
92,0.0,41,Male,mc_prob_0.3_FC_0.05_4
93,0.0,42,Male,mc_prob_0.3_FC_0.05_4
94,0.0,43,Male,mc_prob_0.3_FC_0.05_4
95,0.0,44,Male,mc_prob_0.3_FC_0.05_4
96,0.0,45,Male,mc_prob_0.3_FC_0.05_4
97,0.0,46,Male,mc_prob_0.3_FC_0.05_4
98,0.0,47,Male,mc_prob_0.3_FC_0.05_4
99,0.0,48,Male,mc_prob_0.3_FC_0.05_4
100,0.0,49,Male,mc_prob_0.3_FC_0.05_4
101,0.0,50,Male,mc_prob_0.3_FC_0.05_4
,Count,Generation,Sex,Run
0,7000.0,0,Female,mc_prob_0.3_FC_0.05_5
1,4232.0,1,Female,mc_prob_0.3_FC_0.05_5
2,4086.0,2,Female,mc_prob_0.3_FC_0.05_5
3,4185.0,3,Female,mc_prob_0.3_FC_0.05_5
4,4179.0,4,Female,mc_prob_0.3_FC_0.05_5
5,4251.0,5,Female,mc_prob_0.3_FC_0.05_5
6,4128.0,6,Female,mc_prob_0.3_FC_0.05_5
7,4092.0,7,Female,mc_prob_0.3_FC_0.05_5
8,4008.0,8,Female,mc_prob_0.3_FC_0.05_5
9,4018.0,9,Female,mc_prob_0.3_FC_0.05_5
10,3970.0,10,Female,mc_prob_0.3_FC_0.05_5
11,4002.0,11,Female,mc_prob_0.3_FC_0.05_5
12,3857.0,12,Female,mc_prob_0.3_FC_0.05_5
13,3760.0,13,Female,mc_prob_0.3_FC_0.05_5
14,3629.0,14,Female,mc_prob_0.3_FC_0.05_5
15,3541.0,15,Female,mc_prob_0.3_FC_0.05_5
16,3458.0,16,Female,mc_prob_0.3_FC_0.05_5
17,3444.0,17,Female,mc_prob_0.3_FC_0.05_5
18,3290.0,18,Female,mc_prob_0.3_FC_0.05_5
19,3226.0,19,Female,mc_prob_0.3_FC_0.05_5
20,3262.0,20,Female,mc_prob_0.3_FC_0.05_5
21,3153.0,21,Female,mc_prob_0.3_FC_0.05_5
22,2327.0,22,Female,mc_prob_0.3_FC_0.05_5
23,1287.0,23,Female,mc_prob_0.3_FC_0.05_5
24,439.0,24,Female,mc_prob_0.3_FC_0.05_5
25,182.0,25,Female,mc_prob_0.3_FC_0.05_5
26,60.0,26,Female,mc_prob_0.3_FC_0.05_5
27,10.0,27,Female,mc_prob_0.3_FC_0.05_5
28,0.0,28,Female,mc_prob_0.3_FC_0.05_5
29,0.0,29,Female,mc_prob_0.3_FC_0.05_5
30,0.0,30,Female,mc_prob_0.3_FC_0.05_5
31,0.0,31,Female,mc_prob_0.3_FC_0.05_5
32,0.0,32,Female,mc_prob_0.3_FC_0.05_5
33,0.0,33,Female,mc_prob_0.3_FC_0.05_5
34,0.0,34,Female,mc_prob_0.3_FC_0.05_5
35,0.0,35,Female,mc_prob_0.3_FC_0.05_5
36,0.0,36,Female,mc_prob_0.3_FC_0.05_5
37,0.0,37,Female,mc_prob_0.3_FC_0.05_5
38,0.0,38,Female,mc_prob_0.3_FC_0.05_5
39,0.0,39,Female,mc_prob_0.3_FC_0.05_5
40,0.0,40,Female,mc_prob_0.3_FC_0.05_5
41,0.0,41,Female,mc_prob_0.3_FC_0.05_5
42,0.0,42,Female,mc_prob_0.3_FC_0.05_5
43,0.0,43,Female,mc_prob_0.3_FC_0.05_5
44,0.0,44,Female,mc_prob_0.3_FC_0.05_5
45,0.0,45,Female,mc_prob_0.3_FC_0.05_5
46,0.0,46,Female,mc_prob_0.3_FC_0.05_5
47,0.0,47,Female,mc_prob_0.3_FC_0.05_5
48,0.0,48,Female,mc_prob_0.3_FC_0.05_5
49,0.0,49,Female,mc_prob_0.3_FC_0.05_5
50,0.0,50,Female,mc_prob_0.3_FC_0.05_5
51,5000.0,0,Male,mc_prob_0.3_FC_0.05_5
52,4275.0,1,Male,mc_prob_0.3_FC_0.05_5
53,4196.0,2,Male,mc_prob_0.3_FC_0.05_5
54,4206.0,3,Male,mc_prob_0.3_FC_0.05_5
55,4192.0,4,Male,mc_prob_0.3_FC_0.05_5
56,4276.0,5,Male,mc_prob_0.3_FC_0.05_5
57,4219.0,6,Male,mc_prob_0.3_FC_0.05_5
58,4095.0,7,Male,mc_prob_0.3_FC_0.05_5
59,4114.0,8,Male,mc_prob_0.3_FC_0.05_5
60,4081.0,9,Male,mc_prob_0.3_FC_0.05_5
61,4035.0,10,Male,mc_prob_0.3_FC_0.05_5
62,4013.0,11,Male,mc_prob_0.3_FC_0.05_5
63,3860.0,12,Male,mc_prob_0.3_FC_0.05_5
64,3766.0,13,Male,mc_prob_0.3_FC_0.05_5
65,3723.0,14,Male,mc_prob_0.3_FC_0.05_5
66,3625.0,15,Male,mc_prob_0.3_FC_0.05_5
67,3534.0,16,Male,mc_prob_0.3_FC_0.05_5
68,3501.0,17,Male,mc_prob_0.3_FC_0.05_5
69,3334.0,18,Male,mc_prob_0.3_FC_0.05_5
70,3303.0,19,Male,mc_prob_0.3_FC_0.05_5
71,3269.0,20,Male,mc_prob_0.3_FC_0.05_5
72,3210.0,21,Male,mc_prob_0.3_FC_0.05_5
73,2363.0,22,Male,mc_prob_0.3_FC_0.05_5
74,1308.0,23,Male,mc_prob_0.3_FC_0.05_5
75,443.0,24,Male,mc_prob_0.3_FC_0.05_5
76,204.0,25,Male,mc_prob_0.3_FC_0.05_5
77,70.0,26,Male,mc_prob_0.3_FC_0.05_5
78,10.0,27,Male,mc_prob_0.3_FC_0.05_5
79,0.0,28,Male,mc_prob_0.3_FC_0.05_5
80,0.0,29,Male,mc_prob_0.3_FC_0.05_5
81,0.0,30,Male,mc_prob_0.3_FC_0.05_5
82,0.0,31,Male,mc_prob_0.3_FC_0.05_5
83,0.0,32,Male,mc_prob_0.3_FC_0.05_5
84,0.0,33,Male,mc_prob_0.3_FC_0.05_5
85,0.0,34,Male,mc_prob_0.3_FC_0.05_5
86,0.0,35,Male,mc_prob_0.3_FC_0.05_5
87,0.0,36,Male,mc_prob_0.3_FC_0.05_5
88,0.0,37,Male,mc_prob_0.3_FC_0.05_5
89,0.0,38,Male,mc_prob_0.3_FC_0.05_5
90,0.0,39,Male,mc_prob_0.3_FC_0.05_5
91,0.0,40,Male,mc_prob_0.3_FC_0.05_5
92,0.0,41,Male,mc_prob_0.3_FC_0.05_5
93,0.0,42,Male,mc_prob_0.3_FC_0.05_5
94,0.0,43,Male,mc_prob_0.3_FC_0.05_5
95,0.0,44,Male,mc_prob_0.3_FC_0.05_5
96,0.0,45,Male,mc_prob_0.3_FC_0.05_5
97,0.0,46,Male,mc_prob_0.3_FC_0.05_5
98,0.0,47,Male,mc_prob_0.3_FC_0.05_5
99,0.0,48,Male,mc_prob_0.3_FC_0.05_5
100,0.0,49,Male,mc_prob_0.3_FC_0.05_5
101,0.0,50,Male,mc_prob_0.3_FC_0.05_5
,Count,Generation,Sex,Run
0,7000.0,0,Female,mc_prob_0.3_FC_0.05_6
1,4212.0,1,Female,mc_prob_0.3_FC_0.05_6
2,4126.0,2,Female,mc_prob_0.3_FC_0.05_6
3,4246.0,3,Female,mc_prob_0.3_FC_0.05_6
4,4148.0,4,Female,mc_prob_0.3_FC_0.05_6
5,4153.0,5,Female,mc_prob_0.3_FC_0.05_6
6,4187.0,6,Female,mc_prob_0.3_FC_0.05_6
7,4195.0,7,Female,mc_prob_0.3_FC_0.05_6
8,4168.0,8,Female,mc_prob_0.3_FC_0.05_6
9,4113.0,9,Female,mc_prob_0.3_FC_0.05_6
10,4027.0,10,Female,mc_prob_0.3_FC_0.05_6
11,4033.0,11,Female,mc_prob_0.3_FC_0.05_6
12,4216.0,12,Female,mc_prob_0.3_FC_0.05_6
13,4041.0,13,Female,mc_prob_0.3_FC_0.05_6
14,3956.0,14,Female,mc_prob_0.3_FC_0.05_6
15,3887.0,15,Female,mc_prob_0.3_FC_0.05_6
16,3711.0,16,Female,mc_prob_0.3_FC_0.05_6
17,3761.0,17,Female,mc_prob_0.3_FC_0.05_6
18,3614.0,18,Female,mc_prob_0.3_FC_0.05_6
19,3726.0,19,Female,mc_prob_0.3_FC_0.05_6
20,3497.0,20,Female,mc_prob_0.3_FC_0.05_6
21,3412.0,21,Female,mc_prob_0.3_FC_0.05_6
22,3311.0,22,Female,mc_prob_0.3_FC_0.05_6
23,3325.0,23,Female,mc_prob_0.3_FC_0.05_6
24,3264.0,24,Female,mc_prob_0.3_FC_0.05_6
25,3083.0,25,Female,mc_prob_0.3_FC_0.05_6
26,2075.0,26,Female,mc_prob_0.3_FC_0.05_6
27,1186.0,27,Female,mc_prob_0.3_FC_0.05_6
28,368.0,28,Female,mc_prob_0.3_FC_0.05_6
29,148.0,29,Female,mc_prob_0.3_FC_0.05_6
30,16.0,30,Female,mc_prob_0.3_FC_0.05_6
31,5.0,31,Female,mc_prob_0.3_FC_0.05_6
32,0.0,32,Female,mc_prob_0.3_FC_0.05_6
33,0.0,33,Female,mc_prob_0.3_FC_0.05_6
34,0.0,34,Female,mc_prob_0.3_FC_0.05_6
35,0.0,35,Female,mc_prob_0.3_FC_0.05_6
36,0.0,36,Female,mc_prob_0.3_FC_0.05_6
37,0.0,37,Female,mc_prob_0.3_FC_0.05_6
38,0.0,38,Female,mc_prob_0.3_FC_0.05_6
39,0.0,39,Female,mc_prob_0.3_FC_0.05_6
40,0.0,40,Female,mc_prob_0.3_FC_0.05_6
41,0.0,41,Female,mc_prob_0.3_FC_0.05_6
42,0.0,42,Female,mc_prob_0.3_FC_0.05_6
43,0.0,43,Female,mc_prob_0.3_FC_0.05_6
44,0.0,44,Female,mc_prob_0.3_FC_0.05_6
45,0.0,45,Female,mc_prob_0.3_FC_0.05_6
46,0.0,46,Female,mc_prob_0.3_FC_0.05_6
47,0.0,47,Female,mc_prob_0.3_FC_0.05_6
48,0.0,48,Female,mc_prob_0.3_FC_0.05_6
49,0.0,49,Female,mc_prob_0.3_FC_0.05_6
50,0.0,50,Female,mc_prob_0.3_FC_0.05_6
51,5000.0,0,Male,mc_prob_0.3_FC_0.05_6
52,4224.0,1,Male,mc_prob_0.3_FC_0.05_6
53,4163.0,2,Male,mc_prob_0.3_FC_0.05_6
54,4277.0,3,Male,mc_prob_0.3_FC_0.05_6
55,4257.0,4,Male,mc_prob_0.3_FC_0.05_6
56,4176.0,5,Male,mc_prob_0.3_FC_0.05_6
57,4188.0,6,Male,mc_prob_0.3_FC_0.05_6
58,4207.0,7,Male,mc_prob_0.3_FC_0.05_6
59,4178.0,8,Male,mc_prob_0.3_FC_0.05_6
60,4184.0,9,Male,mc_prob_0.3_FC_0.05_6
61,4164.0,10,Male,mc_prob_0.3_FC_0.05_6
62,4105.0,11,Male,mc_prob_0.3_FC_0.05_6
63,4251.0,12,Male,mc_prob_0.3_FC_0.05_6
64,4046.0,13,Male,mc_prob_0.3_FC_0.05_6
65,3969.0,14,Male,mc_prob_0.3_FC_0.05_6
66,3906.0,15,Male,mc_prob_0.3_FC_0.05_6
67,3754.0,16,Male,mc_prob_0.3_FC_0.05_6
68,3818.0,17,Male,mc_prob_0.3_FC_0.05_6
69,3671.0,18,Male,mc_prob_0.3_FC_0.05_6
70,3750.0,19,Male,mc_prob_0.3_FC_0.05_6
71,3553.0,20,Male,mc_prob_0.3_FC_0.05_6
72,3460.0,21,Male,mc_prob_0.3_FC_0.05_6
73,3420.0,22,Male,mc_prob_0.3_FC_0.05_6
74,3341.0,23,Male,mc_prob_0.3_FC_0.05_6
75,3336.0,24,Male,mc_prob_0.3_FC_0.05_6
76,3129.0,25,Male,mc_prob_0.3_FC_0.05_6
77,2083.0,26,Male,mc_prob_0.3_FC_0.05_6
78,1199.0,27,Male,mc_prob_0.3_FC_0.05_6
79,373.0,28,Male,mc_prob_0.3_FC_0.05_6
80,152.0,29,Male,mc_prob_0.3_FC_0.05_6
81,18.0,30,Male,mc_prob_0.3_FC_0.05_6
82,9.0,31,Male,mc_prob_0.3_FC_0.05_6
83,0.0,32,Male,mc_prob_0.3_FC_0.05_6
84,0.0,33,Male,mc_prob_0.3_FC_0.05_6
85,0.0,34,Male,mc_prob_0.3_FC_0.05_6
86,0.0,35,Male,mc_prob_0.3_FC_0.05_6
87,0.0,36,Male,mc_prob_0.3_FC_0.05_6
88,0.0,37,Male,mc_prob_0.3_FC_0.05_6
89,0.0,38,Male,mc_prob_0.3_FC_0.05_6
90,0.0,39,Male,mc_prob_0.3_FC_0.05_6
91,0.0,40,Male,mc_prob_0.3_FC_0.05_6
92,0.0,41,Male,mc_prob_0.3_FC_0.05_6
93,0.0,42,Male,mc_prob_0.3_FC_0.05_6
94,0.0,43,Male,mc_prob_0.3_FC_0.05_6
95,0.0,44,Male,mc_prob_0.3_FC_0.05_6
96,0.0,45,Male,mc_prob_0.3_FC_0.05_6
97,0.0,46,Male,mc_prob_0.3_FC_0.05_6
98,0.0,47,Male,mc_prob_0.3_FC_0.05_6
99,0.0,48,Male,mc_prob_0.3_FC_0.05_6
100,0.0,49,Male,mc_prob_0.3_FC_0.05_6
101,0.0,50,Male,mc_prob_0.3_FC_0.05_6
,Count,Generation,Sex,Run
0,7000.0,0,Female,mc_prob_0.3_FC_0.05_7
1,4229.0,1,Female,mc_prob_0.3_FC_0.05_7
2,4254.0,2,Female,mc_prob_0.3_FC_0.05_7
3,4231.0,3,Female,mc_prob_0.3_FC_0.05_7
4,4015.0,4,Female,mc_prob_0.3_FC_0.05_7
5,4044.0,5,Female,mc_prob_0.3_FC_0.05_7
6,4073.0,6,Female,mc_prob_0.3_FC_0.05_7
7,3935.0,7,Female,mc_prob_0.3_FC_0.05_7
8,3968.0,8,Female,mc_prob_0.3_FC_0.05_7
9,3935.0,9,Female,mc_prob_0.3_FC_0.05_7
10,3823.0,10,Female,mc_prob_0.3_FC_0.05_7
11,3914.0,11,Female,mc_prob_0.3_FC_0.05_7
12,3866.0,12,Female,mc_prob_0.3_FC_0.05_7
13,3647.0,13,Female,mc_prob_0.3_FC_0.05_7
14,3506.0,14,Female,mc_prob_0.3_FC_0.05_7
15,3424.0,15,Female,mc_prob_0.3_FC_0.05_7
16,3444.0,16,Female,mc_prob_0.3_FC_0.05_7
17,3433.0,17,Female,mc_prob_0.3_FC_0.05_7
18,3407.0,18,Female,mc_prob_0.3_FC_0.05_7
19,3290.0,19,Female,mc_prob_0.3_FC_0.05_7
20,3351.0,20,Female,mc_prob_0.3_FC_0.05_7
21,2669.0,21,Female,mc_prob_0.3_FC_0.05_7
22,1677.0,22,Female,mc_prob_0.3_FC_0.05_7
23,693.0,23,Female,mc_prob_0.3_FC_0.05_7
24,122.0,24,Female,mc_prob_0.3_FC_0.05_7
25,62.0,25,Female,mc_prob_0.3_FC_0.05_7
26,16.0,26,Female,mc_prob_0.3_FC_0.05_7
27,0.0,27,Female,mc_prob_0.3_FC_0.05_7
28,0.0,28,Female,mc_prob_0.3_FC_0.05_7
29,0.0,29,Female,mc_prob_0.3_FC_0.05_7
30,0.0,30,Female,mc_prob_0.3_FC_0.05_7
31,0.0,31,Female,mc_prob_0.3_FC_0.05_7
32,0.0,32,Female,mc_prob_0.3_FC_0.05_7
33,0.0,33,Female,mc_prob_0.3_FC_0.05_7
34,0.0,34,Female,mc_prob_0.3_FC_0.05_7
35,0.0,35,Female,mc_prob_0.3_FC_0.05_7
36,0.0,36,Female,mc_prob_0.3_FC_0.05_7
37,0.0,37,Female,mc_prob_0.3_FC_0.05_7
38,0.0,38,Female,mc_prob_0.3_FC_0.05_7
39,0.0,39,Female,mc_prob_0.3_FC_0.05_7
40,0.0,40,Female,mc_prob_0.3_FC_0.05_7
41,0.0,41,Female,mc_prob_0.3_FC_0.05_7
42,0.0,42,Female,mc_prob_0.3_FC_0.05_7
43,0.0,43,Female,mc_prob_0.3_FC_0.05_7
44,0.0,44,Female,mc_prob_0.3_FC_0.05_7
45,0.0,45,Female,mc_prob_0.3_FC_0.05_7
46,0.0,46,Female,mc_prob_0.3_FC_0.05_7
47,0.0,47,Female,mc_prob_0.3_FC_0.05_7
48,0.0,48,Female,mc_prob_0.3_FC_0.05_7
49,0.0,49,Female,mc_prob_0.3_FC_0.05_7
50,0.0,50,Female,mc_prob_0.3_FC_0.05_7
51,5000.0,0,Male,mc_prob_0.3_FC_0.05_7
52,4234.0,1,Male,mc_prob_0.3_FC_0.05_7
53,4275.0,2,Male,mc_prob_0.3_FC_0.05_7
54,4262.0,3,Male,mc_prob_0.3_FC_0.05_7
55,4078.0,4,Male,mc_prob_0.3_FC_0.05_7
56,4066.0,5,Male,mc_prob_0.3_FC_0.05_7
57,4201.0,6,Male,mc_prob_0.3_FC_0.05_7
58,4077.0,7,Male,mc_prob_0.3_FC_0.05_7
59,3986.0,8,Male,mc_prob_0.3_FC_0.05_7
60,4091.0,9,Male,mc_prob_0.3_FC_0.05_7
61,3866.0,10,Male,mc_prob_0.3_FC_0.05_7
62,3942.0,11,Male,mc_prob_0.3_FC_0.05_7
63,3986.0,12,Male,mc_prob_0.3_FC_0.05_7
64,3717.0,13,Male,mc_prob_0.3_FC_0.05_7
65,3582.0,14,Male,mc_prob_0.3_FC_0.05_7
66,3477.0,15,Male,mc_prob_0.3_FC_0.05_7
67,3516.0,16,Male,mc_prob_0.3_FC_0.05_7
68,3435.0,17,Male,mc_prob_0.3_FC_0.05_7
69,3430.0,18,Male,mc_prob_0.3_FC_0.05_7
70,3332.0,19,Male,mc_prob_0.3_FC_0.05_7
71,3354.0,20,Male,mc_prob_0.3_FC_0.05_7
72,2737.0,21,Male,mc_prob_0.3_FC_0.05_7
73,1810.0,22,Male,mc_prob_0.3_FC_0.05_7
74,729.0,23,Male,mc_prob_0.3_FC_0.05_7
75,152.0,24,Male,mc_prob_0.3_FC_0.05_7
76,66.0,25,Male,mc_prob_0.3_FC_0.05_7
77,24.0,26,Male,mc_prob_0.3_FC_0.05_7
78,0.0,27,Male,mc_prob_0.3_FC_0.05_7
79,0.0,28,Male,mc_prob_0.3_FC_0.05_7
80,0.0,29,Male,mc_prob_0.3_FC_0.05_7
81,0.0,30,Male,mc_prob_0.3_FC_0.05_7
82,0.0,31,Male,mc_prob_0.3_FC_0.05_7
83,0.0,32,Male,mc_prob_0.3_FC_0.05_7
84,0.0,33,Male,mc_prob_0.3_FC_0.05_7
85,0.0,34,Male,mc_prob_0.3_FC_0.05_7
86,0.0,35,Male,mc_prob_0.3_FC_0.05_7
87,0.0,36,Male,mc_prob_0.3_FC_0.05_7
88,0.0,37,Male,mc_prob_0.3_FC_0.05_7
89,0.0,38,Male,mc_prob_0.3_FC_0.05_7
90,0.0,39,Male,mc_prob_0.3_FC_0.05_7
91,0.0,40,Male,mc_prob_0.3_FC_0.05_7
92,0.0,41,Male,mc_prob_0.3_FC_0.05_7
93,0.0,42,Male,mc_prob_0.3_FC_0.05_7
94,0.0,43,Male,mc_prob_0.3_FC_0.05_7
95,0.0,44,Male,mc_prob_0.3_FC_0.05_7
96,0.0,45,Male,mc_prob_0.3_FC_0.05_7
97,0.0,46,Male,mc_prob_0.3_FC_0.05_7
98,0.0,47,Male,mc_prob_0.3_FC_0.05_7
99,0.0,48,Male,mc_prob_0.3_FC_0.05_7
100,0.0,49,Male,mc_prob_0.3_FC_0.05_7
101,0.0,50,Male,mc_prob_0.3_FC_0.05_7
,Count,Generation,Sex,Run
0,7000.0,0,Female,mc_prob_0.3_FC_0.05_8
1,4198.0,1,Female,mc_prob_0.3_FC_0.05_8
2,4136.0,2,Female,mc_prob_0.3_FC_0.05_8
3,4074.0,3,Female,mc_prob_0.3_FC_0.05_8
4,4197.0,4,Female,mc_prob_0.3_FC_0.05_8
5,4066.0,5,Female,mc_prob_0.3_FC_0.05_8
6,4116.0,6,Female,mc_prob_0.3_FC_0.05_8
7,4041.0,7,Female,mc_prob_0.3_FC_0.05_8
8,4069.0,8,Female,mc_prob_0.3_FC_0.05_8
9,4064.0,9,Female,mc_prob_0.3_FC_0.05_8
10,4077.0,10,Female,mc_prob_0.3_FC_0.05_8
11,4061.0,11,Female,mc_prob_0.3_FC_0.05_8
12,3998.0,12,Female,mc_prob_0.3_FC_0.05_8
13,3786.0,13,Female,mc_prob_0.3_FC_0.05_8
14,3672.0,14,Female,mc_prob_0.3_FC_0.05_8
15,3760.0,15,Female,mc_prob_0.3_FC_0.05_8
16,3758.0,16,Female,mc_prob_0.3_FC_0.05_8
17,3704.0,17,Female,mc_prob_0.3_FC_0.05_8
18,3526.0,18,Female,mc_prob_0.3_FC_0.05_8
19,3346.0,19,Female,mc_prob_0.3_FC_0.05_8
20,3310.0,20,Female,mc_prob_0.3_FC_0.05_8
21,3314.0,21,Female,mc_prob_0.3_FC_0.05_8
22,3221.0,22,Female,mc_prob_0.3_FC_0.05_8
23,3158.0,23,Female,mc_prob_0.3_FC_0.05_8
24,2760.0,24,Female,mc_prob_0.3_FC_0.05_8
25,1802.0,25,Female,mc_prob_0.3_FC_0.05_8
26,621.0,26,Female,mc_prob_0.3_FC_0.05_8
27,241.0,27,Female,mc_prob_0.3_FC_0.05_8
28,79.0,28,Female,mc_prob_0.3_FC_0.05_8
29,17.0,29,Female,mc_prob_0.3_FC_0.05_8
30,13.0,30,Female,mc_prob_0.3_FC_0.05_8
31,14.0,31,Female,mc_prob_0.3_FC_0.05_8
32,4.0,32,Female,mc_prob_0.3_FC_0.05_8
33,0.0,33,Female,mc_prob_0.3_FC_0.05_8
34,0.0,34,Female,mc_prob_0.3_FC_0.05_8
35,0.0,35,Female,mc_prob_0.3_FC_0.05_8
36,0.0,36,Female,mc_prob_0.3_FC_0.05_8
37,0.0,37,Female,mc_prob_0.3_FC_0.05_8
38,0.0,38,Female,mc_prob_0.3_FC_0.05_8
39,0.0,39,Female,mc_prob_0.3_FC_0.05_8
40,0.0,40,Female,mc_prob_0.3_FC_0.05_8
41,0.0,41,Female,mc_prob_0.3_FC_0.05_8
42,0.0,42,Female,mc_prob_0.3_FC_0.05_8
43,0.0,43,Female,mc_prob_0.3_FC_0.05_8
44,0.0,44,Female,mc_prob_0.3_FC_0.05_8
45,0.0,45,Female,mc_prob_0.3_FC_0.05_8
46,0.0,46,Female,mc_prob_0.3_FC_0.05_8
47,0.0,47,Female,mc_prob_0.3_FC_0.05_8
48,0.0,48,Female,mc_prob_0.3_FC_0.05_8
49,0.0,49,Female,mc_prob_0.3_FC_0.05_8
50,0.0,50,Female,mc_prob_0.3_FC_0.05_8
51,5000.0,0,Male,mc_prob_0.3_FC_0.05_8
52,4270.0,1,Male,mc_prob_0.3_FC_0.05_8
53,4246.0,2,Male,mc_prob_0.3_FC_0.05_8
54,4176.0,3,Male,mc_prob_0.3_FC_0.05_8
55,4280.0,4,Male,mc_prob_0.3_FC_0.05_8
56,4124.0,5,Male,mc_prob_0.3_FC_0.05_8
57,4261.0,6,Male,mc_prob_0.3_FC_0.05_8
58,4073.0,7,Male,mc_prob_0.3_FC_0.05_8
59,4175.0,8,Male,mc_prob_0.3_FC_0.05_8
60,4101.0,9,Male,mc_prob_0.3_FC_0.05_8
61,4078.0,10,Male,mc_prob_0.3_FC_0.05_8
62,4061.0,11,Male,mc_prob_0.3_FC_0.05_8
63,4086.0,12,Male,mc_prob_0.3_FC_0.05_8
64,3940.0,13,Male,mc_prob_0.3_FC_0.05_8
65,3769.0,14,Male,mc_prob_0.3_FC_0.05_8
66,3772.0,15,Male,mc_prob_0.3_FC_0.05_8
67,3767.0,16,Male,mc_prob_0.3_FC_0.05_8
68,3738.0,17,Male,mc_prob_0.3_FC_0.05_8
69,3576.0,18,Male,mc_prob_0.3_FC_0.05_8
70,3479.0,19,Male,mc_prob_0.3_FC_0.05_8
71,3322.0,20,Male,mc_prob_0.3_FC_0.05_8
72,3329.0,21,Male,mc_prob_0.3_FC_0.05_8
73,3298.0,22,Male,mc_prob_0.3_FC_0.05_8
74,3259.0,23,Male,mc_prob_0.3_FC_0.05_8
75,2807.0,24,Male,mc_prob_0.3_FC_0.05_8
76,1816.0,25,Male,mc_prob_0.3_FC_0.05_8
77,650.0,26,Male,mc_prob_0.3_FC_0.05_8
78,257.0,27,Male,mc_prob_0.3_FC_0.05_8
79,79.0,28,Male,mc_prob_0.3_FC_0.05_8
80,28.0,29,Male,mc_prob_0.3_FC_0.05_8
81,15.0,30,Male,mc_prob_0.3_FC_0.05_8
82,23.0,31,Male,mc_prob_0.3_FC_0.05_8
83,9.0,32,Male,mc_prob_0.3_FC_0.05_8
84,0.0,33,Male,mc_prob_0.3_FC_0.05_8
85,0.0,34,Male,mc_prob_0.3_FC_0.05_8
86,0.0,35,Male,mc_prob_0.3_FC_0.05_8
87,0.0,36,Male,mc_prob_0.3_FC_0.05_8
88,0.0,37,Male,mc_prob_0.3_FC_0.05_8
89,0.0,38,Male,mc_prob_0.3_FC_0.05_8
90,0.0,39,Male,mc_prob_0.3_FC_0.05_8
91,0.0,40,Male,mc_prob_0.3_FC_0.05_8
92,0.0,41,Male,mc_prob_0.3_FC_0.05_8
93,0.0,42,Male,mc_prob_0.3_FC_0.05_8
94,0.0,43,Male,mc_prob_0.3_FC_0.05_8
95,0.0,44,Male,mc_prob_0.3_FC_0.05_8
96,0.0,45,Male,mc_prob_0.3_FC_0.05_8
97,0.0,46,Male,mc_prob_0.3_FC_0.05_8
98,0.0,47,Male,mc_prob_0.3_FC_0.05_8
99,0.0,48,Male,mc_prob_0.3_FC_0.05_8
100,0.0,49,Male,mc_prob_0.3_FC_0.05_8
101,0.0,50,Male,mc_prob_0.3_FC_0.05_8
,Count,Generation,Sex,Run
0,7000.0,0,Female,mc_prob_0.3_FC_0.05_9
1,4267.0,1,Female,mc_prob_0.3_FC_0.05_9
2,4101.0,2,Female,mc_prob_0.3_FC_0.05_9
3,4082.0,3,Female,mc_prob_0.3_FC_0.05_9
4,4025.0,4,Female,mc_prob_0.3_FC_0.05_9
5,4029.0,5,Female,mc_prob_0.3_FC_0.05_9
6,4011.0,6,Female,mc_prob_0.3_FC_0.05_9
7,3962.0,7,Female,mc_prob_0.3_FC_0.05_9
8,4064.0,8,Female,mc_prob_0.3_FC_0.05_9
9,4033.0,9,Female,mc_prob_0.3_FC_0.05_9
10,3966.0,10,Female,mc_prob_0.3_FC_0.05_9
11,3850.0,11,Female,mc_prob_0.3_FC_0.05_9
12,3923.0,12,Female,mc_prob_0.3_FC_0.05_9
13,3774.0,13,Female,mc_prob_0.3_FC_0.05_9
14,3734.0,14,Female,mc_prob_0.3_FC_0.05_9
15,3803.0,15,Female,mc_prob_0.3_FC_0.05_9
16,3594.0,16,Female,mc_prob_0.3_FC_0.05_9
17,3525.0,17,Female,mc_prob_0.3_FC_0.05_9
18,3382.0,18,Female,mc_prob_0.3_FC_0.05_9
19,3262.0,19,Female,mc_prob_0.3_FC_0.05_9
20,3351.0,20,Female,mc_prob_0.3_FC_0.05_9
21,3358.0,21,Female,mc_prob_0.3_FC_0.05_9
22,3274.0,22,Female,mc_prob_0.3_FC_0.05_9
23,3127.0,23,Female,mc_prob_0.3_FC_0.05_9
24,2090.0,24,Female,mc_prob_0.3_FC_0.05_9
25,1017.0,25,Female,mc_prob_0.3_FC_0.05_9
26,424.0,26,Female,mc_prob_0.3_FC_0.05_9
27,102.0,27,Female,mc_prob_0.3_FC_0.05_9
28,26.0,28,Female,mc_prob_0.3_FC_0.05_9
29,7.0,29,Female,mc_prob_0.3_FC_0.05_9
30,0.0,30,Female,mc_prob_0.3_FC_0.05_9
31,0.0,31,Female,mc_prob_0.3_FC_0.05_9
32,0.0,32,Female,mc_prob_0.3_FC_0.05_9
33,0.0,33,Female,mc_prob_0.3_FC_0.05_9
34,0.0,34,Female,mc_prob_0.3_FC_0.05_9
35,0.0,35,Female,mc_prob_0.3_FC_0.05_9
36,0.0,36,Female,mc_prob_0.3_FC_0.05_9
37,0.0,37,Female,mc_prob_0.3_FC_0.05_9
38,0.0,38,Female,mc_prob_0.3_FC_0.05_9
39,0.0,39,Female,mc_prob_0.3_FC_0.05_9
40,0.0,40,Female,mc_prob_0.3_FC_0.05_9
41,0.0,41,Female,mc_prob_0.3_FC_0.05_9
42,0.0,42,Female,mc_prob_0.3_FC_0.05_9
43,0.0,43,Female,mc_prob_0.3_FC_0.05_9
44,0.0,44,Female,mc_prob_0.3_FC_0.05_9
45,0.0,45,Female,mc_prob_0.3_FC_0.05_9
46,0.0,46,Female,mc_prob_0.3_FC_0.05_9
47,0.0,47,Female,mc_prob_0.3_FC_0.05_9
48,0.0,48,Female,mc_prob_0.3_FC_0.05_9
49,0.0,49,Female,mc_prob_0.3_FC_0.05_9
50,0.0,50,Female,mc_prob_0.3_FC_0.05_9
51,5000.0,0,Male,mc_prob_0.3_FC_0.05_9
52,4279.0,1,Male,mc_prob_0.3_FC_0.05_9
53,4186.0,2,Male,mc_prob_0.3_FC_0.05_9
54,4237.0,3,Male,mc_prob_0.3_FC_0.05_9
55,4105.0,4,Male,mc_prob_0.3_FC_0.05_9
56,4049.0,5,Male,mc_prob_0.3_FC_0.05_9
57,4050.0,6,Male,mc_prob_0.3_FC_0.05_9
58,4064.0,7,Male,mc_prob_0.3_FC_0.05_9
59,4081.0,8,Male,mc_prob_0.3_FC_0.05_9
60,4046.0,9,Male,mc_prob_0.3_FC_0.05_9
61,4042.0,10,Male,mc_prob_0.3_FC_0.05_9
62,3997.0,11,Male,mc_prob_0.3_FC_0.05_9
63,3939.0,12,Male,mc_prob_0.3_FC_0.05_9
64,3849.0,13,Male,mc_prob_0.3_FC_0.05_9
65,3759.0,14,Male,mc_prob_0.3_FC_0.05_9
66,3808.0,15,Male,mc_prob_0.3_FC_0.05_9
67,3633.0,16,Male,mc_prob_0.3_FC_0.05_9
68,3658.0,17,Male,mc_prob_0.3_FC_0.05_9
69,3498.0,18,Male,mc_prob_0.3_FC_0.05_9
70,3327.0,19,Male,mc_prob_0.3_FC_0.05_9
71,3377.0,20,Male,mc_prob_0.3_FC_0.05_9
72,3487.0,21,Male,mc_prob_0.3_FC_0.05_9
73,3276.0,22,Male,mc_prob_0.3_FC_0.05_9
74,3136.0,23,Male,mc_prob_0.3_FC_0.05_9
75,2113.0,24,Male,mc_prob_0.3_FC_0.05_9
76,1030.0,25,Male,mc_prob_0.3_FC_0.05_9
77,425.0,26,Male,mc_prob_0.3_FC_0.05_9
78,112.0,27,Male,mc_prob_0.3_FC_0.05_9
79,27.0,28,Male,mc_prob_0.3_FC_0.05_9
80,10.0,29,Male,mc_prob_0.3_FC_0.05_9
81,0.0,30,Male,mc_prob_0.3_FC_0.05_9
82,0.0,31,Male,mc_prob_0.3_FC_0.05_9
83,0.0,32,Male,mc_prob_0.3_FC_0.05_9
84,0.0,33,Male,mc_prob_0.3_FC_0.05_9
85,0.0,34,Male,mc_prob_0.3_FC_0.05_9
86,0.0,35,Male,mc_prob_0.3_FC_0.05_9
87,0.0,36,Male,mc_prob_0.3_FC_0.05_9
88,0.0,37,Male,mc_prob_0.3_FC_0.05_9
89,0.0,38,Male,mc_prob_0.3_FC_0.05_9
90,0.0,39,Male,mc_prob_0.3_FC_0.05_9
91,0.0,40,Male,mc_prob_0.3_FC_0.05_9
92,0.0,41,Male,mc_prob_0.3_FC_0.05_9
93,0.0,42,Male,mc_prob_0.3_FC_0.05_9
94,0.0,43,Male,mc_prob_0.3_FC_0.05_9
95,0.0,44,Male,mc_prob_0.3_FC_0.05_9
96,0.0,45,Male,mc_prob_0.3_FC_0.05_9
97,0.0,46,Male,mc_prob_0.3_FC_0.05_9
98,0.0,47,Male,mc_prob_0.3_FC_0.05_9
99,0.0,48,Male,mc_prob_0.3_FC_0.05_9
100,0.0,49,Male,mc_prob_0.3_FC_0.05_9
101,0.0,50,Male,mc_prob_0.3_FC_0.05_9
,Count,Generation,Sex,Run
0,7000.0,0,Female,mc_prob_0.3_FC_0.05_10
1,4220.0,1,Female,mc_prob_0.3_FC_0.05_10
2,4106.0,2,Female,mc_prob_0.3_FC_0.05_10
3,4024.0,3,Female,mc_prob_0.3_FC_0.05_10
4,3933.0,4,Female,mc_prob_0.3_FC_0.05_10
5,4069.0,5,Female,mc_prob_0.3_FC_0.05_10
6,4088.0,6,Female,mc_prob_0.3_FC_0.05_10
7,4064.0,7,Female,mc_prob_0.3_FC_0.05_10
8,3985.0,8,Female,mc_prob_0.3_FC_0.05_10
9,3993.0,9,Female,mc_prob_0.3_FC_0.05_10
10,4001.0,10,Female,mc_prob_0.3_FC_0.05_10
11,3885.0,11,Female,mc_prob_0.3_FC_0.05_10
12,3892.0,12,Female,mc_prob_0.3_FC_0.05_10
13,3786.0,13,Female,mc_prob_0.3_FC_0.05_10
14,3673.0,14,Female,mc_prob_0.3_FC_0.05_10
15,3473.0,15,Female,mc_prob_0.3_FC_0.05_10
16,3435.0,16,Female,mc_prob_0.3_FC_0.05_10
17,3353.0,17,Female,mc_prob_0.3_FC_0.05_10
18,3424.0,18,Female,mc_prob_0.3_FC_0.05_10
19,3229.0,19,Female,mc_prob_0.3_FC_0.05_10
20,3221.0,20,Female,mc_prob_0.3_FC_0.05_10
21,3174.0,21,Female,mc_prob_0.3_FC_0.05_10
22,2802.0,22,Female,mc_prob_0.3_FC_0.05_10
23,2088.0,23,Female,mc_prob_0.3_FC_0.05_10
24,943.0,24,Female,mc_prob_0.3_FC_0.05_10
25,383.0,25,Female,mc_prob_0.3_FC_0.05_10
26,36.0,26,Female,mc_prob_0.3_FC_0.05_10
27,6.0,27,Female,mc_prob_0.3_FC_0.05_10
28,0.0,28,Female,mc_prob_0.3_FC_0.05_10
29,0.0,29,Female,mc_prob_0.3_FC_0.05_10
30,0.0,30,Female,mc_prob_0.3_FC_0.05_10
31,0.0,31,Female,mc_prob_0.3_FC_0.05_10
32,0.0,32,Female,mc_prob_0.3_FC_0.05_10
33,0.0,33,Female,mc_prob_0.3_FC_0.05_10
34,0.0,34,Female,mc_prob_0.3_FC_0.05_10
35,0.0,35,Female,mc_prob_0.3_FC_0.05_10
36,0.0,36,Female,mc_prob_0.3_FC_0.05_10
37,0.0,37,Female,mc_prob_0.3_FC_0.05_10
38,0.0,38,Female,mc_prob_0.3_FC_0.05_10
39,0.0,39,Female,mc_prob_0.3_FC_0.05_10
40,0.0,40,Female,mc_prob_0.3_FC_0.05_10
41,0.0,41,Female,mc_prob_0.3_FC_0.05_10
42,0.0,42,Female,mc_prob_0.3_FC_0.05_10
43,0.0,43,Female,mc_prob_0.3_FC_0.05_10
44,0.0,44,Female,mc_prob_0.3_FC_0.05_10
45,0.0,45,Female,mc_prob_0.3_FC_0.05_10
46,0.0,46,Female,mc_prob_0.3_FC_0.05_10
47,0.0,47,Female,mc_prob_0.3_FC_0.05_10
48,0.0,48,Female,mc_prob_0.3_FC_0.05_10
49,0.0,49,Female,mc_prob_0.3_FC_0.05_10
50,0.0,50,Female,mc_prob_0.3_FC_0.05_10
51,5000.0,0,Male,mc_prob_0.3_FC_0.05_10
52,4326.0,1,Male,mc_prob_0.3_FC_0.05_10
53,4137.0,2,Male,mc_prob_0.3_FC_0.05_10
54,4167.0,3,Male,mc_prob_0.3_FC_0.05_10
55,4099.0,4,Male,mc_prob_0.3_FC_0.05_10
56,4076.0,5,Male,mc_prob_0.3_FC_0.05_10
57,4118.0,6,Male,mc_prob_0.3_FC_0.05_10
58,4097.0,7,Male,mc_prob_0.3_FC_0.05_10
59,4069.0,8,Male,mc_prob_0.3_FC_0.05_10
60,3998.0,9,Male,mc_prob_0.3_FC_0.05_10
61,4034.0,10,Male,mc_prob_0.3_FC_0.05_10
62,3938.0,11,Male,mc_prob_0.3_FC_0.05_10
63,3932.0,12,Male,mc_prob_0.3_FC_0.05_10
64,3812.0,13,Male,mc_prob_0.3_FC_0.05_10
65,3714.0,14,Male,mc_prob_0.3_FC_0.05_10
66,3523.0,15,Male,mc_prob_0.3_FC_0.05_10
67,3498.0,16,Male,mc_prob_0.3_FC_0.05_10
68,3401.0,17,Male,mc_prob_0.3_FC_0.05_10
69,3440.0,18,Male,mc_prob_0.3_FC_0.05_10
70,3383.0,19,Male,mc_prob_0.3_FC_0.05_10
71,3324.0,20,Male,mc_prob_0.3_FC_0.05_10
72,3322.0,21,Male,mc_prob_0.3_FC_0.05_10
73,2869.0,22,Male,mc_prob_0.3_FC_0.05_10
74,2148.0,23,Male,mc_prob_0.3_FC_0.05_10
75,1025.0,24,Male,mc_prob_0.3_FC_0.05_10
76,390.0,25,Male,mc_prob_0.3_FC_0.05_10
77,64.0,26,Male,mc_prob_0.3_FC_0.05_10
78,6.0,27,Male,mc_prob_0.3_FC_0.05_10
79,0.0,28,Male,mc_prob_0.3_FC_0.05_10
80,0.0,29,Male,mc_prob_0.3_FC_0.05_10
81,0.0,30,Male,mc_prob_0.3_FC_0.05_10
82,0.0,31,Male,mc_prob_0.3_FC_0.05_10
83,0.0,32,Male,mc_prob_0.3_FC_0.05_10
84,0.0,33,Male,mc_prob_0.3_FC_0.05_10
85,0.0,34,Male,mc_prob_0.3_FC_0.05_10
86,0.0,35,Male,mc_prob_0.3_FC_0.05_10
87,0.0,36,Male,mc_prob_0.3_FC_0.05_10
88,0.0,37,Male,mc_prob_0.3_FC_0.05_10
89,0.0,38,Male,mc_prob_0.3_FC_0.05_10
90,0.0,39,Male,mc_prob_0.3_FC_0.05_10
91,0.0,40,Male,mc_prob_0.3_FC_0.05_10
92,0.0,41,Male,mc_prob_0.3_FC_0.05_10
93,0.0,42,Male,mc_prob_0.3_FC_0.05_10
94,0.0,43,Male,mc_prob_0.3_FC_0.05_10
95,0.0,44,Male,mc_prob_0.3_FC_0.05_10
96,0.0,45,Male,mc_prob_0.3_FC_0.05_10
97,0.0,46,Male,mc_prob_0.3_FC_0.05_10
98,0.0,47,Male,mc_prob_0.3_FC_0.05_10
99,0.0,48,Male,mc_prob_0.3_FC_0.05_10
100,0.0,49,Male,mc_prob_0.3_FC_0.05_10
101,0.0,50,Male,mc_prob_0.3_FC_0.05_10
,Count,Generation,Sex,Run
0,7000,0,Female,mc_prob_0.3_FC_0.1_1
1,4157,1,Female,mc_prob_0.3_FC_0.1_1
2,4151,2,Female,mc_prob_0.3_FC_0.1_1
3,4045,3,Female,mc_prob_0.3_FC_0.1_1
4,4109,4,Female,mc_prob_0.3_FC_0.1_1
5,4160,5,Female,mc_prob_0.3_FC_0.1_1
6,4181,6,Female,mc_prob_0.3_FC_0.1_1
7,4258,7,Female,mc_prob_0.3_FC_0.1_1
8,4288,8,Female,mc_prob_0.3_FC_0.1_1
9,4317,9,Female,mc_prob_0.3_FC_0.1_1
10,4301,10,Female,mc_prob_0.3_FC_0.1_1
11,4458,11,Female,mc_prob_0.3_FC_0.1_1
12,4474,12,Female,mc_prob_0.3_FC_0.1_1
13,4474,13,Female,mc_prob_0.3_FC_0.1_1
14,4300,14,Female,mc_prob_0.3_FC_0.1_1
15,4398,15,Female,mc_prob_0.3_FC_0.1_1
16,4317,16,Female,mc_prob_0.3_FC_0.1_1
17,4356,17,Female,mc_prob_0.3_FC_0.1_1
18,4586,18,Female,mc_prob_0.3_FC_0.1_1
19,4555,19,Female,mc_prob_0.3_FC_0.1_1
20,4543,20,Female,mc_prob_0.3_FC_0.1_1
21,4571,21,Female,mc_prob_0.3_FC_0.1_1
22,4594,22,Female,mc_prob_0.3_FC_0.1_1
23,4713,23,Female,mc_prob_0.3_FC_0.1_1
24,4675,24,Female,mc_prob_0.3_FC_0.1_1
25,4738,25,Female,mc_prob_0.3_FC_0.1_1
26,4774,26,Female,mc_prob_0.3_FC_0.1_1
27,4656,27,Female,mc_prob_0.3_FC_0.1_1
28,4707,28,Female,mc_prob_0.3_FC_0.1_1
29,4774,29,Female,mc_prob_0.3_FC_0.1_1
30,4766,30,Female,mc_prob_0.3_FC_0.1_1
31,4739,31,Female,mc_prob_0.3_FC_0.1_1
32,4837,32,Female,mc_prob_0.3_FC_0.1_1
33,4895,33,Female,mc_prob_0.3_FC_0.1_1
34,4975,34,Female,mc_prob_0.3_FC_0.1_1
35,4811,35,Female,mc_prob_0.3_FC_0.1_1
36,4784,36,Female,mc_prob_0.3_FC_0.1_1
37,4804,37,Female,mc_prob_0.3_FC_0.1_1
38,4856,38,Female,mc_prob_0.3_FC_0.1_1
39,4857,39,Female,mc_prob_0.3_FC_0.1_1
40,4851,40,Female,mc_prob_0.3_FC_0.1_1
41,4902,41,Female,mc_prob_0.3_FC_0.1_1
42,4935,42,Female,mc_prob_0.3_FC_0.1_1
43,4895,43,Female,mc_prob_0.3_FC_0.1_1
44,4850,44,Female,mc_prob_0.3_FC_0.1_1
45,4852,45,Female,mc_prob_0.3_FC_0.1_1
46,4839,46,Female,mc_prob_0.3_FC_0.1_1
47,4866,47,Female,mc_prob_0.3_FC_0.1_1
48,4866,48,Female,mc_prob_0.3_FC_0.1_1
49,4824,49,Female,mc_prob_0.3_FC_0.1_1
50,4857,50,Female,mc_prob_0.3_FC_0.1_1
51,5000,0,Male,mc_prob_0.3_FC_0.1_1
52,4225,1,Male,mc_prob_0.3_FC_0.1_1
53,4207,2,Male,mc_prob_0.3_FC_0.1_1
54,4223,3,Male,mc_prob_0.3_FC_0.1_1
55,4230,4,Male,mc_prob_0.3_FC_0.1_1
56,4195,5,Male,mc_prob_0.3_FC_0.1_1
57,4258,6,Male,mc_prob_0.3_FC_0.1_1
58,4322,7,Male,mc_prob_0.3_FC_0.1_1
59,4352,8,Male,mc_prob_0.3_FC_0.1_1
60,4393,9,Male,mc_prob_0.3_FC_0.1_1
61,4400,10,Male,mc_prob_0.3_FC_0.1_1
62,4518,11,Male,mc_prob_0.3_FC_0.1_1
63,4479,12,Male,mc_prob_0.3_FC_0.1_1
64,4538,13,Male,mc_prob_0.3_FC_0.1_1
65,4409,14,Male,mc_prob_0.3_FC_0.1_1
66,4525,15,Male,mc_prob_0.3_FC_0.1_1
67,4595,16,Male,mc_prob_0.3_FC_0.1_1
68,4386,17,Male,mc_prob_0.3_FC_0.1_1
69,4651,18,Male,mc_prob_0.3_FC_0.1_1
70,4656,19,Male,mc_prob_0.3_FC_0.1_1
71,4617,20,Male,mc_prob_0.3_FC_0.1_1
72,4758,21,Male,mc_prob_0.3_FC_0.1_1
73,4605,22,Male,mc_prob_0.3_FC_0.1_1
74,4721,23,Male,mc_prob_0.3_FC_0.1_1
75,4743,24,Male,mc_prob_0.3_FC_0.1_1
76,4790,25,Male,mc_prob_0.3_FC_0.1_1
77,4921,26,Male,mc_prob_0.3_FC_0.1_1
78,4743,27,Male,mc_prob_0.3_FC_0.1_1
79,4731,28,Male,mc_prob_0.3_FC_0.1_1
80,4843,29,Male,mc_prob_0.3_FC_0.1_1
81,4873,30,Male,mc_prob_0.3_FC_0.1_1
82,4746,31,Male,mc_prob_0.3_FC_0.1_1
83,4914,32,Male,mc_prob_0.3_FC_0.1_1
84,4900,33,Male,mc_prob_0.3_FC_0.1_1
85,4992,34,Male,mc_prob_0.3_FC_0.1_1
86,5019,35,Male,mc_prob_0.3_FC_0.1_1
87,4816,36,Male,mc_prob_0.3_FC_0.1_1
88,4964,37,Male,mc_prob_0.3_FC_0.1_1
89,4895,38,Male,mc_prob_0.3_FC_0.1_1
90,4997,39,Male,mc_prob_0.3_FC_0.1_1
91,4931,40,Male,mc_prob_0.3_FC_0.1_1
92,4945,41,Male,mc_prob_0.3_FC_0.1_1
93,4967,42,Male,mc_prob_0.3_FC_0.1_1
94,4960,43,Male,mc_prob_0.3_FC_0.1_1
95,4912,44,Male,mc_prob_0.3_FC_0.1_1
96,4998,45,Male,mc_prob_0.3_FC_0.1_1
97,4840,46,Male,mc_prob_0.3_FC_0.1_1
98,4883,47,Male,mc_prob_0.3_FC_0.1_1
99,5005,48,Male,mc_prob_0.3_FC_0.1_1
100,5012,49,Male,mc_prob_0.3_FC_0.1_1
101,4865,50,Male,mc_prob_0.3_FC_0.1_1
,Count,Generation,Sex,Run
0,7000,0,Female,mc_prob_0.3_FC_0.1_2
1,4037,1,Female,mc_prob_0.3_FC_0.1_2
2,3966,2,Female,mc_prob_0.3_FC_0.1_2
3,4030,3,Female,mc_prob_0.3_FC_0.1_2
4,4103,4,Female,mc_prob_0.3_FC_0.1_2
5,4143,5,Female,mc_prob_0.3_FC_0.1_2
6,4246,6,Female,mc_prob_0.3_FC_0.1_2
7,4303,7,Female,mc_prob_0.3_FC_0.1_2
8,4170,8,Female,mc_prob_0.3_FC_0.1_2
9,4125,9,Female,mc_prob_0.3_FC_0.1_2
10,4170,10,Female,mc_prob_0.3_FC_0.1_2
11,4254,11,Female,mc_prob_0.3_FC_0.1_2
12,4419,12,Female,mc_prob_0.3_FC_0.1_2
13,4385,13,Female,mc_prob_0.3_FC_0.1_2
14,4315,14,Female,mc_prob_0.3_FC_0.1_2
15,4460,15,Female,mc_prob_0.3_FC_0.1_2
16,4397,16,Female,mc_prob_0.3_FC_0.1_2
17,4401,17,Female,mc_prob_0.3_FC_0.1_2
18,4421,18,Female,mc_prob_0.3_FC_0.1_2
19,4464,19,Female,mc_prob_0.3_FC_0.1_2
20,4506,20,Female,mc_prob_0.3_FC_0.1_2
21,4501,21,Female,mc_prob_0.3_FC_0.1_2
22,4710,22,Female,mc_prob_0.3_FC_0.1_2
23,4613,23,Female,mc_prob_0.3_FC_0.1_2
24,4556,24,Female,mc_prob_0.3_FC_0.1_2
25,4575,25,Female,mc_prob_0.3_FC_0.1_2
26,4612,26,Female,mc_prob_0.3_FC_0.1_2
27,4794,27,Female,mc_prob_0.3_FC_0.1_2
28,4735,28,Female,mc_prob_0.3_FC_0.1_2
29,4761,29,Female,mc_prob_0.3_FC_0.1_2
30,4828,30,Female,mc_prob_0.3_FC_0.1_2
31,4692,31,Female,mc_prob_0.3_FC_0.1_2
32,4640,32,Female,mc_prob_0.3_FC_0.1_2
33,4522,33,Female,mc_prob_0.3_FC_0.1_2
34,4637,34,Female,mc_prob_0.3_FC_0.1_2
35,4756,35,Female,mc_prob_0.3_FC_0.1_2
36,4789,36,Female,mc_prob_0.3_FC_0.1_2
37,4851,37,Female,mc_prob_0.3_FC_0.1_2
38,4760,38,Female,mc_prob_0.3_FC_0.1_2
39,4944,39,Female,mc_prob_0.3_FC_0.1_2
40,4932,40,Female,mc_prob_0.3_FC_0.1_2
41,4803,41,Female,mc_prob_0.3_FC_0.1_2
42,4730,42,Female,mc_prob_0.3_FC_0.1_2
43,4830,43,Female,mc_prob_0.3_FC_0.1_2
44,4993,44,Female,mc_prob_0.3_FC_0.1_2
45,4829,45,Female,mc_prob_0.3_FC_0.1_2
46,4647,46,Female,mc_prob_0.3_FC_0.1_2
47,4781,47,Female,mc_prob_0.3_FC_0.1_2
48,5032,48,Female,mc_prob_0.3_FC_0.1_2
49,4895,49,Female,mc_prob_0.3_FC_0.1_2
50,4924,50,Female,mc_prob_0.3_FC_0.1_2
51,5000,0,Male,mc_prob_0.3_FC_0.1_2
52,4229,1,Male,mc_prob_0.3_FC_0.1_2
53,4089,2,Male,mc_prob_0.3_FC_0.1_2
54,4160,3,Male,mc_prob_0.3_FC_0.1_2
55,4315,4,Male,mc_prob_0.3_FC_0.1_2
56,4151,5,Male,mc_prob_0.3_FC_0.1_2
57,4288,6,Male,mc_prob_0.3_FC_0.1_2
58,4325,7,Male,mc_prob_0.3_FC_0.1_2
59,4234,8,Male,mc_prob_0.3_FC_0.1_2
60,4274,9,Male,mc_prob_0.3_FC_0.1_2
61,4209,10,Male,mc_prob_0.3_FC_0.1_2
62,4298,11,Male,mc_prob_0.3_FC_0.1_2
63,4493,12,Male,mc_prob_0.3_FC_0.1_2
64,4439,13,Male,mc_prob_0.3_FC_0.1_2
65,4399,14,Male,mc_prob_0.3_FC_0.1_2
66,4480,15,Male,mc_prob_0.3_FC_0.1_2
67,4409,16,Male,mc_prob_0.3_FC_0.1_2
68,4538,17,Male,mc_prob_0.3_FC_0.1_2
69,4535,18,Male,mc_prob_0.3_FC_0.1_2
70,4513,19,Male,mc_prob_0.3_FC_0.1_2
71,4661,20,Male,mc_prob_0.3_FC_0.1_2
72,4565,21,Male,mc_prob_0.3_FC_0.1_2
73,4713,22,Male,mc_prob_0.3_FC_0.1_2
74,4669,23,Male,mc_prob_0.3_FC_0.1_2
75,4565,24,Male,mc_prob_0.3_FC_0.1_2
76,4751,25,Male,mc_prob_0.3_FC_0.1_2
77,4653,26,Male,mc_prob_0.3_FC_0.1_2
78,4867,27,Male,mc_prob_0.3_FC_0.1_2
79,4745,28,Male,mc_prob_0.3_FC_0.1_2
80,4791,29,Male,mc_prob_0.3_FC_0.1_2
81,4833,30,Male,mc_prob_0.3_FC_0.1_2
82,4717,31,Male,mc_prob_0.3_FC_0.1_2
83,4921,32,Male,mc_prob_0.3_FC_0.1_2
84,4660,33,Male,mc_prob_0.3_FC_0.1_2
85,4725,34,Male,mc_prob_0.3_FC_0.1_2
86,4818,35,Male,mc_prob_0.3_FC_0.1_2
87,4814,36,Male,mc_prob_0.3_FC_0.1_2
88,4869,37,Male,mc_prob_0.3_FC_0.1_2
89,4831,38,Male,mc_prob_0.3_FC_0.1_2
90,4978,39,Male,mc_prob_0.3_FC_0.1_2
91,4943,40,Male,mc_prob_0.3_FC_0.1_2
92,4847,41,Male,mc_prob_0.3_FC_0.1_2
93,4783,42,Male,mc_prob_0.3_FC_0.1_2
94,4891,43,Male,mc_prob_0.3_FC_0.1_2
95,5008,44,Male,mc_prob_0.3_FC_0.1_2
96,4979,45,Male,mc_prob_0.3_FC_0.1_2
97,4896,46,Male,mc_prob_0.3_FC_0.1_2
98,4792,47,Male,mc_prob_0.3_FC_0.1_2
99,5035,48,Male,mc_prob_0.3_FC_0.1_2
100,4966,49,Male,mc_prob_0.3_FC_0.1_2
101,4954,50,Male,mc_prob_0.3_FC_0.1_2
,Count,Generation,Sex,Run
0,7000,0,Female,mc_prob_0.3_FC_0.1_3
1,4135,1,Female,mc_prob_0.3_FC_0.1_3
2,4079,2,Female,mc_prob_0.3_FC_0.1_3
3,4153,3,Female,mc_prob_0.3_FC_0.1_3
4,4146,4,Female,mc_prob_0.3_FC_0.1_3
5,4164,5,Female,mc_prob_0.3_FC_0.1_3
6,4180,6,Female,mc_prob_0.3_FC_0.1_3
7,4152,7,Female,mc_prob_0.3_FC_0.1_3
8,4129,8,Female,mc_prob_0.3_FC_0.1_3
9,4254,9,Female,mc_prob_0.3_FC_0.1_3
10,4401,10,Female,mc_prob_0.3_FC_0.1_3
11,4325,11,Female,mc_prob_0.3_FC_0.1_3
12,4333,12,Female,mc_prob_0.3_FC_0.1_3
13,4297,13,Female,mc_prob_0.3_FC_0.1_3
14,4330,14,Female,mc_prob_0.3_FC_0.1_3
15,4338,15,Female,mc_prob_0.3_FC_0.1_3
16,4356,16,Female,mc_prob_0.3_FC_0.1_3
17,4375,17,Female,mc_prob_0.3_FC_0.1_3
18,4460,18,Female,mc_prob_0.3_FC_0.1_3
19,4374,19,Female,mc_prob_0.3_FC_0.1_3
20,4554,20,Female,mc_prob_0.3_FC_0.1_3
21,4541,21,Female,mc_prob_0.3_FC_0.1_3
22,4448,22,Female,mc_prob_0.3_FC_0.1_3
23,4552,23,Female,mc_prob_0.3_FC_0.1_3
24,4567,24,Female,mc_prob_0.3_FC_0.1_3
25,4509,25,Female,mc_prob_0.3_FC_0.1_3
26,4481,26,Female,mc_prob_0.3_FC_0.1_3
27,4612,27,Female,mc_prob_0.3_FC_0.1_3
28,4518,28,Female,mc_prob_0.3_FC_0.1_3
29,4560,29,Female,mc_prob_0.3_FC_0.1_3
30,4698,30,Female,mc_prob_0.3_FC_0.1_3
31,4674,31,Female,mc_prob_0.3_FC_0.1_3
32,4660,32,Female,mc_prob_0.3_FC_0.1_3
33,4597,33,Female,mc_prob_0.3_FC_0.1_3
34,4692,34,Female,mc_prob_0.3_FC_0.1_3
35,4740,35,Female,mc_prob_0.3_FC_0.1_3
36,4712,36,Female,mc_prob_0.3_FC_0.1_3
37,4765,37,Female,mc_prob_0.3_FC_0.1_3
38,4825,38,Female,mc_prob_0.3_FC_0.1_3
39,4799,39,Female,mc_prob_0.3_FC_0.1_3
40,4777,40,Female,mc_prob_0.3_FC_0.1_3
41,4720,41,Female,mc_prob_0.3_FC_0.1_3
42,4768,42,Female,mc_prob_0.3_FC_0.1_3
43,4711,43,Female,mc_prob_0.3_FC_0.1_3
44,4866,44,Female,mc_prob_0.3_FC_0.1_3
45,4867,45,Female,mc_prob_0.3_FC_0.1_3
46,4805,46,Female,mc_prob_0.3_FC_0.1_3
47,4750,47,Female,mc_prob_0.3_FC_0.1_3
48,4778,48,Female,mc_prob_0.3_FC_0.1_3
49,4852,49,Female,mc_prob_0.3_FC_0.1_3
50,4732,50,Female,mc_prob_0.3_FC_0.1_3
51,5000,0,Male,mc_prob_0.3_FC_0.1_3
52,4202,1,Male,mc_prob_0.3_FC_0.1_3
53,4124,2,Male,mc_prob_0.3_FC_0.1_3
54,4196,3,Male,mc_prob_0.3_FC_0.1_3
55,4230,4,Male,mc_prob_0.3_FC_0.1_3
56,4193,5,Male,mc_prob_0.3_FC_0.1_3
57,4267,6,Male,mc_prob_0.3_FC_0.1_3
58,4246,7,Male,mc_prob_0.3_FC_0.1_3
59,4201,8,Male,mc_prob_0.3_FC_0.1_3
60,4282,9,Male,mc_prob_0.3_FC_0.1_3
61,4406,10,Male,mc_prob_0.3_FC_0.1_3
62,4421,11,Male,mc_prob_0.3_FC_0.1_3
63,4350,12,Male,mc_prob_0.3_FC_0.1_3
64,4327,13,Male,mc_prob_0.3_FC_0.1_3
65,4341,14,Male,mc_prob_0.3_FC_0.1_3
66,4376,15,Male,mc_prob_0.3_FC_0.1_3
67,4486,16,Male,mc_prob_0.3_FC_0.1_3
68,4407,17,Male,mc_prob_0.3_FC_0.1_3
69,4559,18,Male,mc_prob_0.3_FC_0.1_3
70,4402,19,Male,mc_prob_0.3_FC_0.1_3
71,4656,20,Male,mc_prob_0.3_FC_0.1_3
72,4568,21,Male,mc_prob_0.3_FC_0.1_3
73,4563,22,Male,mc_prob_0.3_FC_0.1_3
74,4563,23,Male,mc_prob_0.3_FC_0.1_3
75,4567,24,Male,mc_prob_0.3_FC_0.1_3
76,4615,25,Male,mc_prob_0.3_FC_0.1_3
77,4593,26,Male,mc_prob_0.3_FC_0.1_3
78,4693,27,Male,mc_prob_0.3_FC_0.1_3
79,4561,28,Male,mc_prob_0.3_FC_0.1_3
80,4649,29,Male,mc_prob_0.3_FC_0.1_3
81,4708,30,Male,mc_prob_0.3_FC_0.1_3
82,4674,31,Male,mc_prob_0.3_FC_0.1_3
83,4688,32,Male,mc_prob_0.3_FC_0.1_3
84,4665,33,Male,mc_prob_0.3_FC_0.1_3
85,4735,34,Male,mc_prob_0.3_FC_0.1_3
86,4769,35,Male,mc_prob_0.3_FC_0.1_3
87,4777,36,Male,mc_prob_0.3_FC_0.1_3
88,4794,37,Male,mc_prob_0.3_FC_0.1_3
89,4838,38,Male,mc_prob_0.3_FC_0.1_3
90,4889,39,Male,mc_prob_0.3_FC_0.1_3
91,4820,40,Male,mc_prob_0.3_FC_0.1_3
92,5006,41,Male,mc_prob_0.3_FC_0.1_3
93,4846,42,Male,mc_prob_0.3_FC_0.1_3
94,4835,43,Male,mc_prob_0.3_FC_0.1_3
95,4881,44,Male,mc_prob_0.3_FC_0.1_3
96,4878,45,Male,mc_prob_0.3_FC_0.1_3
97,4902,46,Male,mc_prob_0.3_FC_0.1_3
98,4797,47,Male,mc_prob_0.3_FC_0.1_3
99,4900,48,Male,mc_prob_0.3_FC_0.1_3
100,4877,49,Male,mc_prob_0.3_FC_0.1_3
101,4879,50,Male,mc_prob_0.3_FC_0.1_3
,Count,Generation,Sex,Run
0,7000,0,Female,mc_prob_0.3_FC_0.1_4
1,4162,1,Female,mc_prob_0.3_FC_0.1_4
2,4099,2,Female,mc_prob_0.3_FC_0.1_4
3,4121,3,Female,mc_prob_0.3_FC_0.1_4
4,4118,4,Female,mc_prob_0.3_FC_0.1_4
5,4117,5,Female,mc_prob_0.3_FC_0.1_4
6,4225,6,Female,mc_prob_0.3_FC_0.1_4
7,4203,7,Female,mc_prob_0.3_FC_0.1_4
8,4170,8,Female,mc_prob_0.3_FC_0.1_4
9,4234,9,Female,mc_prob_0.3_FC_0.1_4
10,4176,10,Female,mc_prob_0.3_FC_0.1_4
11,4157,11,Female,mc_prob_0.3_FC_0.1_4
12,4266,12,Female,mc_prob_0.3_FC_0.1_4
13,4309,13,Female,mc_prob_0.3_FC_0.1_4
14,4373,14,Female,mc_prob_0.3_FC_0.1_4
15,4305,15,Female,mc_prob_0.3_FC_0.1_4
16,4286,16,Female,mc_prob_0.3_FC_0.1_4
17,4389,17,Female,mc_prob_0.3_FC_0.1_4
18,4526,18,Female,mc_prob_0.3_FC_0.1_4
19,4425,19,Female,mc_prob_0.3_FC_0.1_4
20,4411,20,Female,mc_prob_0.3_FC_0.1_4
21,4473,21,Female,mc_prob_0.3_FC_0.1_4
22,4540,22,Female,mc_prob_0.3_FC_0.1_4
23,4548,23,Female,mc_prob_0.3_FC_0.1_4
24,4498,24,Female,mc_prob_0.3_FC_0.1_4
25,4507,25,Female,mc_prob_0.3_FC_0.1_4
26,4595,26,Female,mc_prob_0.3_FC_0.1_4
27,4564,27,Female,mc_prob_0.3_FC_0.1_4
28,4673,28,Female,mc_prob_0.3_FC_0.1_4
29,4751,29,Female,mc_prob_0.3_FC_0.1_4
30,4707,30,Female,mc_prob_0.3_FC_0.1_4
31,4675,31,Female,mc_prob_0.3_FC_0.1_4
32,4783,32,Female,mc_prob_0.3_FC_0.1_4
33,4861,33,Female,mc_prob_0.3_FC_0.1_4
34,4729,34,Female,mc_prob_0.3_FC_0.1_4
35,4767,35,Female,mc_prob_0.3_FC_0.1_4
36,4752,36,Female,mc_prob_0.3_FC_0.1_4
37,4854,37,Female,mc_prob_0.3_FC_0.1_4
38,4860,38,Female,mc_prob_0.3_FC_0.1_4
39,4860,39,Female,mc_prob_0.3_FC_0.1_4
40,4786,40,Female,mc_prob_0.3_FC_0.1_4
41,4882,41,Female,mc_prob_0.3_FC_0.1_4
42,4773,42,Female,mc_prob_0.3_FC_0.1_4
43,4735,43,Female,mc_prob_0.3_FC_0.1_4
44,4785,44,Female,mc_prob_0.3_FC_0.1_4
45,4813,45,Female,mc_prob_0.3_FC_0.1_4
46,4864,46,Female,mc_prob_0.3_FC_0.1_4
47,4956,47,Female,mc_prob_0.3_FC_0.1_4
48,4890,48,Female,mc_prob_0.3_FC_0.1_4
49,4863,49,Female,mc_prob_0.3_FC_0.1_4
50,4893,50,Female,mc_prob_0.3_FC_0.1_4
51,5000,0,Male,mc_prob_0.3_FC_0.1_4
52,4203,1,Male,mc_prob_0.3_FC_0.1_4
53,4143,2,Male,mc_prob_0.3_FC_0.1_4
54,4176,3,Male,mc_prob_0.3_FC_0.1_4
55,4188,4,Male,mc_prob_0.3_FC_0.1_4
56,4186,5,Male,mc_prob_0.3_FC_0.1_4
57,4239,6,Male,mc_prob_0.3_FC_0.1_4
58,4270,7,Male,mc_prob_0.3_FC_0.1_4
59,4229,8,Male,mc_prob_0.3_FC_0.1_4
60,4296,9,Male,mc_prob_0.3_FC_0.1_4
61,4308,10,Male,mc_prob_0.3_FC_0.1_4
62,4203,11,Male,mc_prob_0.3_FC_0.1_4
63,4305,12,Male,mc_prob_0.3_FC_0.1_4
64,4367,13,Male,mc_prob_0.3_FC_0.1_4
65,4416,14,Male,mc_prob_0.3_FC_0.1_4
66,4547,15,Male,mc_prob_0.3_FC_0.1_4
67,4330,16,Male,mc_prob_0.3_FC_0.1_4
68,4464,17,Male,mc_prob_0.3_FC_0.1_4
69,4531,18,Male,mc_prob_0.3_FC_0.1_4
70,4538,19,Male,mc_prob_0.3_FC_0.1_4
71,4515,20,Male,mc_prob_0.3_FC_0.1_4
72,4544,21,Male,mc_prob_0.3_FC_0.1_4
73,4565,22,Male,mc_prob_0.3_FC_0.1_4
74,4729,23,Male,mc_prob_0.3_FC_0.1_4
75,4589,24,Male,mc_prob_0.3_FC_0.1_4
76,4571,25,Male,mc_prob_0.3_FC_0.1_4
77,4705,26,Male,mc_prob_0.3_FC_0.1_4
78,4693,27,Male,mc_prob_0.3_FC_0.1_4
79,4772,28,Male,mc_prob_0.3_FC_0.1_4
80,4820,29,Male,mc_prob_0.3_FC_0.1_4
81,4716,30,Male,mc_prob_0.3_FC_0.1_4
82,4711,31,Male,mc_prob_0.3_FC_0.1_4
83,4790,32,Male,mc_prob_0.3_FC_0.1_4
84,4885,33,Male,mc_prob_0.3_FC_0.1_4
85,4825,34,Male,mc_prob_0.3_FC_0.1_4
86,4788,35,Male,mc_prob_0.3_FC_0.1_4
87,4786,36,Male,mc_prob_0.3_FC_0.1_4
88,4865,37,Male,mc_prob_0.3_FC_0.1_4
89,4877,38,Male,mc_prob_0.3_FC_0.1_4
90,5000,39,Male,mc_prob_0.3_FC_0.1_4
91,4911,40,Male,mc_prob_0.3_FC_0.1_4
92,4899,41,Male,mc_prob_0.3_FC_0.1_4
93,4988,42,Male,mc_prob_0.3_FC_0.1_4
94,4741,43,Male,mc_prob_0.3_FC_0.1_4
95,4918,44,Male,mc_prob_0.3_FC_0.1_4
96,4861,45,Male,mc_prob_0.3_FC_0.1_4
97,4948,46,Male,mc_prob_0.3_FC_0.1_4
98,4956,47,Male,mc_prob_0.3_FC_0.1_4
99,4957,48,Male,mc_prob_0.3_FC_0.1_4
100,4889,49,Male,mc_prob_0.3_FC_0.1_4
101,5025,50,Male,mc_prob_0.3_FC_0.1_4
,Count,Generation,Sex,Run
0,7000,0,Female,mc_prob_0.3_FC_0.1_5
1,4129,1,Female,mc_prob_0.3_FC_0.1_5
2,4023,2,Female,mc_prob_0.3_FC_0.1_5
3,4042,3,Female,mc_prob_0.3_FC_0.1_5
4,4062,4,Female,mc_prob_0.3_FC_0.1_5
5,4139,5,Female,mc_prob_0.3_FC_0.1_5
6,4270,6,Female,mc_prob_0.3_FC_0.1_5
7,4264,7,Female,mc_prob_0.3_FC_0.1_5
8,4168,8,Female,mc_prob_0.3_FC_0.1_5
9,4336,9,Female,mc_prob_0.3_FC_0.1_5
10,4224,10,Female,mc_prob_0.3_FC_0.1_5
11,4271,11,Female,mc_prob_0.3_FC_0.1_5
12,4132,12,Female,mc_prob_0.3_FC_0.1_5
13,4144,13,Female,mc_prob_0.3_FC_0.1_5
14,4323,14,Female,mc_prob_0.3_FC_0.1_5
15,4295,15,Female,mc_prob_0.3_FC_0.1_5
16,4358,16,Female,mc_prob_0.3_FC_0.1_5
17,4435,17,Female,mc_prob_0.3_FC_0.1_5
18,4316,18,Female,mc_prob_0.3_FC_0.1_5
19,4436,19,Female,mc_prob_0.3_FC_0.1_5
20,4395,20,Female,mc_prob_0.3_FC_0.1_5
21,4389,21,Female,mc_prob_0.3_FC_0.1_5
22,4511,22,Female,mc_prob_0.3_FC_0.1_5
23,4326,23,Female,mc_prob_0.3_FC_0.1_5
24,4481,24,Female,mc_prob_0.3_FC_0.1_5
25,4502,25,Female,mc_prob_0.3_FC_0.1_5
26,4521,26,Female,mc_prob_0.3_FC_0.1_5
27,4499,27,Female,mc_prob_0.3_FC_0.1_5
28,4509,28,Female,mc_prob_0.3_FC_0.1_5
29,4624,29,Female,mc_prob_0.3_FC_0.1_5
30,4618,30,Female,mc_prob_0.3_FC_0.1_5
31,4660,31,Female,mc_prob_0.3_FC_0.1_5
32,4712,32,Female,mc_prob_0.3_FC_0.1_5
33,4721,33,Female,mc_prob_0.3_FC_0.1_5
34,4810,34,Female,mc_prob_0.3_FC_0.1_5
35,4712,35,Female,mc_prob_0.3_FC_0.1_5
36,4845,36,Female,mc_prob_0.3_FC_0.1_5
37,4805,37,Female,mc_prob_0.3_FC_0.1_5
38,4719,38,Female,mc_prob_0.3_FC_0.1_5
39,4795,39,Female,mc_prob_0.3_FC_0.1_5
40,4835,40,Female,mc_prob_0.3_FC_0.1_5
41,4899,41,Female,mc_prob_0.3_FC_0.1_5
42,4845,42,Female,mc_prob_0.3_FC_0.1_5
43,4854,43,Female,mc_prob_0.3_FC_0.1_5
44,4860,44,Female,mc_prob_0.3_FC_0.1_5
45,4879,45,Female,mc_prob_0.3_FC_0.1_5
46,4918,46,Female,mc_prob_0.3_FC_0.1_5
47,4988,47,Female,mc_prob_0.3_FC_0.1_5
48,4975,48,Female,mc_prob_0.3_FC_0.1_5
49,4973,49,Female,mc_prob_0.3_FC_0.1_5
50,4968,50,Female,mc_prob_0.3_FC_0.1_5
51,5000,0,Male,mc_prob_0.3_FC_0.1_5
52,4211,1,Male,mc_prob_0.3_FC_0.1_5
53,4147,2,Male,mc_prob_0.3_FC_0.1_5
54,4172,3,Male,mc_prob_0.3_FC_0.1_5
55,4065,4,Male,mc_prob_0.3_FC_0.1_5
56,4180,5,Male,mc_prob_0.3_FC_0.1_5
57,4288,6,Male,mc_prob_0.3_FC_0.1_5
58,4290,7,Male,mc_prob_0.3_FC_0.1_5
59,4283,8,Male,mc_prob_0.3_FC_0.1_5
60,4418,9,Male,mc_prob_0.3_FC_0.1_5
61,4247,10,Male,mc_prob_0.3_FC_0.1_5
62,4370,11,Male,mc_prob_0.3_FC_0.1_5
63,4318,12,Male,mc_prob_0.3_FC_0.1_5
64,4216,13,Male,mc_prob_0.3_FC_0.1_5
65,4406,14,Male,mc_prob_0.3_FC_0.1_5
66,4304,15,Male,mc_prob_0.3_FC_0.1_5
67,4425,16,Male,mc_prob_0.3_FC_0.1_5
68,4501,17,Male,mc_prob_0.3_FC_0.1_5
69,4462,18,Male,mc_prob_0.3_FC_0.1_5
70,4454,19,Male,mc_prob_0.3_FC_0.1_5
71,4512,20,Male,mc_prob_0.3_FC_0.1_5
72,4427,21,Male,mc_prob_0.3_FC_0.1_5
73,4625,22,Male,mc_prob_0.3_FC_0.1_5
74,4557,23,Male,mc_prob_0.3_FC_0.1_5
75,4517,24,Male,mc_prob_0.3_FC_0.1_5
76,4615,25,Male,mc_prob_0.3_FC_0.1_5
77,4583,26,Male,mc_prob_0.3_FC_0.1_5
78,4613,27,Male,mc_prob_0.3_FC_0.1_5
79,4518,28,Male,mc_prob_0.3_FC_0.1_5
80,4653,29,Male,mc_prob_0.3_FC_0.1_5
81,4719,30,Male,mc_prob_0.3_FC_0.1_5
82,4679,31,Male,mc_prob_0.3_FC_0.1_5
83,4777,32,Male,mc_prob_0.3_FC_0.1_5
84,4811,33,Male,mc_prob_0.3_FC_0.1_5
85,4955,34,Male,mc_prob_0.3_FC_0.1_5
86,4748,35,Male,mc_prob_0.3_FC_0.1_5
87,4867,36,Male,mc_prob_0.3_FC_0.1_5
88,4845,37,Male,mc_prob_0.3_FC_0.1_5
89,4803,38,Male,mc_prob_0.3_FC_0.1_5
90,4840,39,Male,mc_prob_0.3_FC_0.1_5
91,4844,40,Male,mc_prob_0.3_FC_0.1_5
92,4910,41,Male,mc_prob_0.3_FC_0.1_5
93,4848,42,Male,mc_prob_0.3_FC_0.1_5
94,4935,43,Male,mc_prob_0.3_FC_0.1_5
95,4864,44,Male,mc_prob_0.3_FC_0.1_5
96,4907,45,Male,mc_prob_0.3_FC_0.1_5
97,4946,46,Male,mc_prob_0.3_FC_0.1_5
98,4991,47,Male,mc_prob_0.3_FC_0.1_5
99,4985,48,Male,mc_prob_0.3_FC_0.1_5
100,4980,49,Male,mc_prob_0.3_FC_0.1_5
101,4980,50,Male,mc_prob_0.3_FC_0.1_5
,Count,Generation,Sex,Run
0,7000,0,Female,mc_prob_0.3_FC_0.1_6
1,4096,1,Female,mc_prob_0.3_FC_0.1_6
2,4096,2,Female,mc_prob_0.3_FC_0.1_6
3,4063,3,Female,mc_prob_0.3_FC_0.1_6
4,4177,4,Female,mc_prob_0.3_FC_0.1_6
5,4230,5,Female,mc_prob_0.3_FC_0.1_6
6,4397,6,Female,mc_prob_0.3_FC_0.1_6
7,4234,7,Female,mc_prob_0.3_FC_0.1_6
8,4142,8,Female,mc_prob_0.3_FC_0.1_6
9,4203,9,Female,mc_prob_0.3_FC_0.1_6
10,4336,10,Female,mc_prob_0.3_FC_0.1_6
11,4488,11,Female,mc_prob_0.3_FC_0.1_6
12,4459,12,Female,mc_prob_0.3_FC_0.1_6
13,4364,13,Female,mc_prob_0.3_FC_0.1_6
14,4423,14,Female,mc_prob_0.3_FC_0.1_6
15,4440,15,Female,mc_prob_0.3_FC_0.1_6
16,4434,16,Female,mc_prob_0.3_FC_0.1_6
17,4304,17,Female,mc_prob_0.3_FC_0.1_6
18,4525,18,Female,mc_prob_0.3_FC_0.1_6
19,4501,19,Female,mc_prob_0.3_FC_0.1_6
20,4494,20,Female,mc_prob_0.3_FC_0.1_6
21,4522,21,Female,mc_prob_0.3_FC_0.1_6
22,4546,22,Female,mc_prob_0.3_FC_0.1_6
23,4456,23,Female,mc_prob_0.3_FC_0.1_6
24,4488,24,Female,mc_prob_0.3_FC_0.1_6
25,4729,25,Female,mc_prob_0.3_FC_0.1_6
26,4661,26,Female,mc_prob_0.3_FC_0.1_6
27,4713,27,Female,mc_prob_0.3_FC_0.1_6
28,4609,28,Female,mc_prob_0.3_FC_0.1_6
29,4630,29,Female,mc_prob_0.3_FC_0.1_6
30,4606,30,Female,mc_prob_0.3_FC_0.1_6
31,4625,31,Female,mc_prob_0.3_FC_0.1_6
32,4626,32,Female,mc_prob_0.3_FC_0.1_6
33,4758,33,Female,mc_prob_0.3_FC_0.1_6
34,4733,34,Female,mc_prob_0.3_FC_0.1_6
35,4663,35,Female,mc_prob_0.3_FC_0.1_6
36,4789,36,Female,mc_prob_0.3_FC_0.1_6
37,4662,37,Female,mc_prob_0.3_FC_0.1_6
38,4552,38,Female,mc_prob_0.3_FC_0.1_6
39,4546,39,Female,mc_prob_0.3_FC_0.1_6
40,4740,40,Female,mc_prob_0.3_FC_0.1_6
41,4755,41,Female,mc_prob_0.3_FC_0.1_6
42,4646,42,Female,mc_prob_0.3_FC_0.1_6
43,4768,43,Female,mc_prob_0.3_FC_0.1_6
44,4828,44,Female,mc_prob_0.3_FC_0.1_6
45,4899,45,Female,mc_prob_0.3_FC_0.1_6
46,4884,46,Female,mc_prob_0.3_FC_0.1_6
47,4889,47,Female,mc_prob_0.3_FC_0.1_6
48,4835,48,Female,mc_prob_0.3_FC_0.1_6
49,4824,49,Female,mc_prob_0.3_FC_0.1_6
50,4826,50,Female,mc_prob_0.3_FC_0.1_6
51,5000,0,Male,mc_prob_0.3_FC_0.1_6
52,4116,1,Male,mc_prob_0.3_FC_0.1_6
53,4272,2,Male,mc_prob_0.3_FC_0.1_6
54,4133,3,Male,mc_prob_0.3_FC_0.1_6
55,4204,4,Male,mc_prob_0.3_FC_0.1_6
56,4266,5,Male,mc_prob_0.3_FC_0.1_6
57,4421,6,Male,mc_prob_0.3_FC_0.1_6
58,4400,7,Male,mc_prob_0.3_FC_0.1_6
59,4296,8,Male,mc_prob_0.3_FC_0.1_6
60,4297,9,Male,mc_prob_0.3_FC_0.1_6
61,4366,10,Male,mc_prob_0.3_FC_0.1_6
62,4503,11,Male,mc_prob_0.3_FC_0.1_6
63,4501,12,Male,mc_prob_0.3_FC_0.1_6
64,4454,13,Male,mc_prob_0.3_FC_0.1_6
65,4446,14,Male,mc_prob_0.3_FC_0.1_6
66,4563,15,Male,mc_prob_0.3_FC_0.1_6
67,4577,16,Male,mc_prob_0.3_FC_0.1_6
68,4506,17,Male,mc_prob_0.3_FC_0.1_6
69,4584,18,Male,mc_prob_0.3_FC_0.1_6
70,4556,19,Male,mc_prob_0.3_FC_0.1_6
71,4569,20,Male,mc_prob_0.3_FC_0.1_6
72,4545,21,Male,mc_prob_0.3_FC_0.1_6
73,4739,22,Male,mc_prob_0.3_FC_0.1_6
74,4606,23,Male,mc_prob_0.3_FC_0.1_6
75,4511,24,Male,mc_prob_0.3_FC_0.1_6
76,4802,25,Male,mc_prob_0.3_FC_0.1_6
77,4667,26,Male,mc_prob_0.3_FC_0.1_6
78,4737,27,Male,mc_prob_0.3_FC_0.1_6
79,4661,28,Male,mc_prob_0.3_FC_0.1_6
80,4822,29,Male,mc_prob_0.3_FC_0.1_6
81,4682,30,Male,mc_prob_0.3_FC_0.1_6
82,4823,31,Male,mc_prob_0.3_FC_0.1_6
83,4728,32,Male,mc_prob_0.3_FC_0.1_6
84,4789,33,Male,mc_prob_0.3_FC_0.1_6
85,4898,34,Male,mc_prob_0.3_FC_0.1_6
86,4853,35,Male,mc_prob_0.3_FC_0.1_6
87,4877,36,Male,mc_prob_0.3_FC_0.1_6
88,4785,37,Male,mc_prob_0.3_FC_0.1_6
89,4799,38,Male,mc_prob_0.3_FC_0.1_6
90,4760,39,Male,mc_prob_0.3_FC_0.1_6
91,4765,40,Male,mc_prob_0.3_FC_0.1_6
92,4943,41,Male,mc_prob_0.3_FC_0.1_6
93,4842,42,Male,mc_prob_0.3_FC_0.1_6
94,4826,43,Male,mc_prob_0.3_FC_0.1_6
95,4902,44,Male,mc_prob_0.3_FC_0.1_6
96,4931,45,Male,mc_prob_0.3_FC_0.1_6
97,4934,46,Male,mc_prob_0.3_FC_0.1_6
98,4897,47,Male,mc_prob_0.3_FC_0.1_6
99,4971,48,Male,mc_prob_0.3_FC_0.1_6
100,4980,49,Male,mc_prob_0.3_FC_0.1_6
101,4843,50,Male,mc_prob_0.3_FC_0.1_6
,Count,Generation,Sex,Run
0,7000,0,Female,mc_prob_0.3_FC_0.1_7
1,4135,1,Female,mc_prob_0.3_FC_0.1_7
2,4122,2,Female,mc_prob_0.3_FC_0.1_7
3,4244,3,Female,mc_prob_0.3_FC_0.1_7
4,4312,4,Female,mc_prob_0.3_FC_0.1_7
5,4336,5,Female,mc_prob_0.3_FC_0.1_7
6,4215,6,Female,mc_prob_0.3_FC_0.1_7
7,4248,7,Female,mc_prob_0.3_FC_0.1_7
8,4278,8,Female,mc_prob_0.3_FC_0.1_7
9,4232,9,Female,mc_prob_0.3_FC_0.1_7
10,4342,10,Female,mc_prob_0.3_FC_0.1_7
11,4454,11,Female,mc_prob_0.3_FC_0.1_7
12,4532,12,Female,mc_prob_0.3_FC_0.1_7
13,4415,13,Female,mc_prob_0.3_FC_0.1_7
14,4315,14,Female,mc_prob_0.3_FC_0.1_7
15,4458,15,Female,mc_prob_0.3_FC_0.1_7
16,4351,16,Female,mc_prob_0.3_FC_0.1_7
17,4446,17,Female,mc_prob_0.3_FC_0.1_7
18,4584,18,Female,mc_prob_0.3_FC_0.1_7
19,4553,19,Female,mc_prob_0.3_FC_0.1_7
20,4504,20,Female,mc_prob_0.3_FC_0.1_7
21,4530,21,Female,mc_prob_0.3_FC_0.1_7
22,4616,22,Female,mc_prob_0.3_FC_0.1_7
23,4580,23,Female,mc_prob_0.3_FC_0.1_7
24,4555,24,Female,mc_prob_0.3_FC_0.1_7
25,4560,25,Female,mc_prob_0.3_FC_0.1_7
26,4750,26,Female,mc_prob_0.3_FC_0.1_7
27,4720,27,Female,mc_prob_0.3_FC_0.1_7
28,4742,28,Female,mc_prob_0.3_FC_0.1_7
29,4734,29,Female,mc_prob_0.3_FC_0.1_7
30,4743,30,Female,mc_prob_0.3_FC_0.1_7
31,4746,31,Female,mc_prob_0.3_FC_0.1_7
32,4825,32,Female,mc_prob_0.3_FC_0.1_7
33,4761,33,Female,mc_prob_0.3_FC_0.1_7
34,4789,34,Female,mc_prob_0.3_FC_0.1_7
35,4830,35,Female,mc_prob_0.3_FC_0.1_7
36,4688,36,Female,mc_prob_0.3_FC_0.1_7
37,4666,37,Female,mc_prob_0.3_FC_0.1_7
38,4619,38,Female,mc_prob_0.3_FC_0.1_7
39,4754,39,Female,mc_prob_0.3_FC_0.1_7
40,4685,40,Female,mc_prob_0.3_FC_0.1_7
41,4868,41,Female,mc_prob_0.3_FC_0.1_7
42,4820,42,Female,mc_prob_0.3_FC_0.1_7
43,4811,43,Female,mc_prob_0.3_FC_0.1_7
44,4841,44,Female,mc_prob_0.3_FC_0.1_7
45,4950,45,Female,mc_prob_0.3_FC_0.1_7
46,4851,46,Female,mc_prob_0.3_FC_0.1_7
47,4864,47,Female,mc_prob_0.3_FC_0.1_7
48,4912,48,Female,mc_prob_0.3_FC_0.1_7
49,4835,49,Female,mc_prob_0.3_FC_0.1_7
50,4790,50,Female,mc_prob_0.3_FC_0.1_7
51,5000,0,Male,mc_prob_0.3_FC_0.1_7
52,4169,1,Male,mc_prob_0.3_FC_0.1_7
53,4258,2,Male,mc_prob_0.3_FC_0.1_7
54,4254,3,Male,mc_prob_0.3_FC_0.1_7
55,4316,4,Male,mc_prob_0.3_FC_0.1_7
56,4377,5,Male,mc_prob_0.3_FC_0.1_7
57,4271,6,Male,mc_prob_0.3_FC_0.1_7
58,4303,7,Male,mc_prob_0.3_FC_0.1_7
59,4420,8,Male,mc_prob_0.3_FC_0.1_7
60,4240,9,Male,mc_prob_0.3_FC_0.1_7
61,4413,10,Male,mc_prob_0.3_FC_0.1_7
62,4454,11,Male,mc_prob_0.3_FC_0.1_7
63,4585,12,Male,mc_prob_0.3_FC_0.1_7
64,4466,13,Male,mc_prob_0.3_FC_0.1_7
65,4360,14,Male,mc_prob_0.3_FC_0.1_7
66,4481,15,Male,mc_prob_0.3_FC_0.1_7
67,4491,16,Male,mc_prob_0.3_FC_0.1_7
68,4490,17,Male,mc_prob_0.3_FC_0.1_7
69,4590,18,Male,mc_prob_0.3_FC_0.1_7
70,4574,19,Male,mc_prob_0.3_FC_0.1_7
71,4702,20,Male,mc_prob_0.3_FC_0.1_7
72,4599,21,Male,mc_prob_0.3_FC_0.1_7
73,4721,22,Male,mc_prob_0.3_FC_0.1_7
74,4691,23,Male,mc_prob_0.3_FC_0.1_7
75,4678,24,Male,mc_prob_0.3_FC_0.1_7
76,4581,25,Male,mc_prob_0.3_FC_0.1_7
77,4776,26,Male,mc_prob_0.3_FC_0.1_7
78,4760,27,Male,mc_prob_0.3_FC_0.1_7
79,4745,28,Male,mc_prob_0.3_FC_0.1_7
80,4805,29,Male,mc_prob_0.3_FC_0.1_7
81,4757,30,Male,mc_prob_0.3_FC_0.1_7
82,4775,31,Male,mc_prob_0.3_FC_0.1_7
83,4883,32,Male,mc_prob_0.3_FC_0.1_7
84,4872,33,Male,mc_prob_0.3_FC_0.1_7
85,4844,34,Male,mc_prob_0.3_FC_0.1_7
86,4948,35,Male,mc_prob_0.3_FC_0.1_7
87,4709,36,Male,mc_prob_0.3_FC_0.1_7
88,4823,37,Male,mc_prob_0.3_FC_0.1_7
89,4704,38,Male,mc_prob_0.3_FC_0.1_7
90,4970,39,Male,mc_prob_0.3_FC_0.1_7
91,4755,40,Male,mc_prob_0.3_FC_0.1_7
92,4871,41,Male,mc_prob_0.3_FC_0.1_7
93,4915,42,Male,mc_prob_0.3_FC_0.1_7
94,4877,43,Male,mc_prob_0.3_FC_0.1_7
95,4875,44,Male,mc_prob_0.3_FC_0.1_7
96,4951,45,Male,mc_prob_0.3_FC_0.1_7
97,4951,46,Male,mc_prob_0.3_FC_0.1_7
98,4927,47,Male,mc_prob_0.3_FC_0.1_7
99,5046,48,Male,mc_prob_0.3_FC_0.1_7
100,4930,49,Male,mc_prob_0.3_FC_0.1_7
101,4919,50,Male,mc_prob_0.3_FC_0.1_7
,Count,Generation,Sex,Run
0,7000,0,Female,mc_prob_0.3_FC_0.1_8
1,4196,1,Female,mc_prob_0.3_FC_0.1_8
2,4169,2,Female,mc_prob_0.3_FC_0.1_8
3,4123,3,Female,mc_prob_0.3_FC_0.1_8
4,4125,4,Female,mc_prob_0.3_FC_0.1_8
5,4052,5,Female,mc_prob_0.3_FC_0.1_8
6,4107,6,Female,mc_prob_0.3_FC_0.1_8
7,4171,7,Female,mc_prob_0.3_FC_0.1_8
8,4171,8,Female,mc_prob_0.3_FC_0.1_8
9,4291,9,Female,mc_prob_0.3_FC_0.1_8
10,4432,10,Female,mc_prob_0.3_FC_0.1_8
11,4433,11,Female,mc_prob_0.3_FC_0.1_8
12,4284,12,Female,mc_prob_0.3_FC_0.1_8
13,4241,13,Female,mc_prob_0.3_FC_0.1_8
14,4239,14,Female,mc_prob_0.3_FC_0.1_8
15,4284,15,Female,mc_prob_0.3_FC_0.1_8
16,4353,16,Female,mc_prob_0.3_FC_0.1_8
17,4258,17,Female,mc_prob_0.3_FC_0.1_8
18,4335,18,Female,mc_prob_0.3_FC_0.1_8
19,4393,19,Female,mc_prob_0.3_FC_0.1_8
20,4405,20,Female,mc_prob_0.3_FC_0.1_8
21,4460,21,Female,mc_prob_0.3_FC_0.1_8
22,4466,22,Female,mc_prob_0.3_FC_0.1_8
23,4491,23,Female,mc_prob_0.3_FC_0.1_8
24,4467,24,Female,mc_prob_0.3_FC_0.1_8
25,4446,25,Female,mc_prob_0.3_FC_0.1_8
26,4443,26,Female,mc_prob_0.3_FC_0.1_8
27,4514,27,Female,mc_prob_0.3_FC_0.1_8
28,4563,28,Female,mc_prob_0.3_FC_0.1_8
29,4615,29,Female,mc_prob_0.3_FC_0.1_8
30,4650,30,Female,mc_prob_0.3_FC_0.1_8
31,4588,31,Female,mc_prob_0.3_FC_0.1_8
32,4726,32,Female,mc_prob_0.3_FC_0.1_8
33,4798,33,Female,mc_prob_0.3_FC_0.1_8
34,4793,34,Female,mc_prob_0.3_FC_0.1_8
35,4774,35,Female,mc_prob_0.3_FC_0.1_8
36,4776,36,Female,mc_prob_0.3_FC_0.1_8
37,4837,37,Female,mc_prob_0.3_FC_0.1_8
38,4852,38,Female,mc_prob_0.3_FC_0.1_8
39,4794,39,Female,mc_prob_0.3_FC_0.1_8
40,4733,40,Female,mc_prob_0.3_FC_0.1_8
41,4749,41,Female,mc_prob_0.3_FC_0.1_8
42,4908,42,Female,mc_prob_0.3_FC_0.1_8
43,4845,43,Female,mc_prob_0.3_FC_0.1_8
44,4884,44,Female,mc_prob_0.3_FC_0.1_8
45,4977,45,Female,mc_prob_0.3_FC_0.1_8
46,5040,46,Female,mc_prob_0.3_FC_0.1_8
47,4968,47,Female,mc_prob_0.3_FC_0.1_8
48,4946,48,Female,mc_prob_0.3_FC_0.1_8
49,4929,49,Female,mc_prob_0.3_FC_0.1_8
50,4921,50,Female,mc_prob_0.3_FC_0.1_8
51,5000,0,Male,mc_prob_0.3_FC_0.1_8
52,4240,1,Male,mc_prob_0.3_FC_0.1_8
53,4204,2,Male,mc_prob_0.3_FC_0.1_8
54,4186,3,Male,mc_prob_0.3_FC_0.1_8
55,4288,4,Male,mc_prob_0.3_FC_0.1_8
56,4149,5,Male,mc_prob_0.3_FC_0.1_8
57,4189,6,Male,mc_prob_0.3_FC_0.1_8
58,4286,7,Male,mc_prob_0.3_FC_0.1_8
59,4231,8,Male,mc_prob_0.3_FC_0.1_8
60,4296,9,Male,mc_prob_0.3_FC_0.1_8
61,4459,10,Male,mc_prob_0.3_FC_0.1_8
62,4441,11,Male,mc_prob_0.3_FC_0.1_8
63,4409,12,Male,mc_prob_0.3_FC_0.1_8
64,4333,13,Male,mc_prob_0.3_FC_0.1_8
65,4251,14,Male,mc_prob_0.3_FC_0.1_8
66,4398,15,Male,mc_prob_0.3_FC_0.1_8
67,4459,16,Male,mc_prob_0.3_FC_0.1_8
68,4347,17,Male,mc_prob_0.3_FC_0.1_8
69,4342,18,Male,mc_prob_0.3_FC_0.1_8
70,4596,19,Male,mc_prob_0.3_FC_0.1_8
71,4426,20,Male,mc_prob_0.3_FC_0.1_8
72,4525,21,Male,mc_prob_0.3_FC_0.1_8
73,4521,22,Male,mc_prob_0.3_FC_0.1_8
74,4599,23,Male,mc_prob_0.3_FC_0.1_8
75,4519,24,Male,mc_prob_0.3_FC_0.1_8
76,4580,25,Male,mc_prob_0.3_FC_0.1_8
77,4572,26,Male,mc_prob_0.3_FC_0.1_8
78,4566,27,Male,mc_prob_0.3_FC_0.1_8
79,4616,28,Male,mc_prob_0.3_FC_0.1_8
80,4647,29,Male,mc_prob_0.3_FC_0.1_8
81,4707,30,Male,mc_prob_0.3_FC_0.1_8
82,4729,31,Male,mc_prob_0.3_FC_0.1_8
83,4772,32,Male,mc_prob_0.3_FC_0.1_8
84,4812,33,Male,mc_prob_0.3_FC_0.1_8
85,4825,34,Male,mc_prob_0.3_FC_0.1_8
86,4839,35,Male,mc_prob_0.3_FC_0.1_8
87,4804,36,Male,mc_prob_0.3_FC_0.1_8
88,4942,37,Male,mc_prob_0.3_FC_0.1_8
89,4873,38,Male,mc_prob_0.3_FC_0.1_8
90,4934,39,Male,mc_prob_0.3_FC_0.1_8
91,4995,40,Male,mc_prob_0.3_FC_0.1_8
92,4806,41,Male,mc_prob_0.3_FC_0.1_8
93,4931,42,Male,mc_prob_0.3_FC_0.1_8
94,4868,43,Male,mc_prob_0.3_FC_0.1_8
95,4899,44,Male,mc_prob_0.3_FC_0.1_8
96,4996,45,Male,mc_prob_0.3_FC_0.1_8
97,5113,46,Male,mc_prob_0.3_FC_0.1_8
98,4976,47,Male,mc_prob_0.3_FC_0.1_8
99,4975,48,Male,mc_prob_0.3_FC_0.1_8
100,4946,49,Male,mc_prob_0.3_FC_0.1_8
101,4953,50,Male,mc_prob_0.3_FC_0.1_8
,Count,Generation,Sex,Run
0,7000,0,Female,mc_prob_0.3_FC_0.1_9
1,4107,1,Female,mc_prob_0.3_FC_0.1_9
2,4050,2,Female,mc_prob_0.3_FC_0.1_9
3,4166,3,Female,mc_prob_0.3_FC_0.1_9
4,4181,4,Female,mc_prob_0.3_FC_0.1_9
5,4305,5,Female,mc_prob_0.3_FC_0.1_9
6,4335,6,Female,mc_prob_0.3_FC_0.1_9
7,4313,7,Female,mc_prob_0.3_FC_0.1_9
8,4266,8,Female,mc_prob_0.3_FC_0.1_9
9,4218,9,Female,mc_prob_0.3_FC_0.1_9
10,4221,10,Female,mc_prob_0.3_FC_0.1_9
11,4317,11,Female,mc_prob_0.3_FC_0.1_9
12,4293,12,Female,mc_prob_0.3_FC_0.1_9
13,4394,13,Female,mc_prob_0.3_FC_0.1_9
14,4481,14,Female,mc_prob_0.3_FC_0.1_9
15,4477,15,Female,mc_prob_0.3_FC_0.1_9
16,4534,16,Female,mc_prob_0.3_FC_0.1_9
17,4502,17,Female,mc_prob_0.3_FC_0.1_9
18,4556,18,Female,mc_prob_0.3_FC_0.1_9
19,4532,19,Female,mc_prob_0.3_FC_0.1_9
20,4527,20,Female,mc_prob_0.3_FC_0.1_9
21,4468,21,Female,mc_prob_0.3_FC_0.1_9
22,4634,22,Female,mc_prob_0.3_FC_0.1_9
23,4649,23,Female,mc_prob_0.3_FC_0.1_9
24,4669,24,Female,mc_prob_0.3_FC_0.1_9
25,4579,25,Female,mc_prob_0.3_FC_0.1_9
26,4608,26,Female,mc_prob_0.3_FC_0.1_9
27,4705,27,Female,mc_prob_0.3_FC_0.1_9
28,4661,28,Female,mc_prob_0.3_FC_0.1_9
29,4586,29,Female,mc_prob_0.3_FC_0.1_9
30,4627,30,Female,mc_prob_0.3_FC_0.1_9
31,4871,31,Female,mc_prob_0.3_FC_0.1_9
32,4694,32,Female,mc_prob_0.3_FC_0.1_9
33,4752,33,Female,mc_prob_0.3_FC_0.1_9
34,4795,34,Female,mc_prob_0.3_FC_0.1_9
35,4733,35,Female,mc_prob_0.3_FC_0.1_9
36,4850,36,Female,mc_prob_0.3_FC_0.1_9
37,4847,37,Female,mc_prob_0.3_FC_0.1_9
38,4863,38,Female,mc_prob_0.3_FC_0.1_9
39,4756,39,Female,mc_prob_0.3_FC_0.1_9
40,4821,40,Female,mc_prob_0.3_FC_0.1_9
41,4987,41,Female,mc_prob_0.3_FC_0.1_9
42,4947,42,Female,mc_prob_0.3_FC_0.1_9
43,4850,43,Female,mc_prob_0.3_FC_0.1_9
44,4900,44,Female,mc_prob_0.3_FC_0.1_9
45,4847,45,Female,mc_prob_0.3_FC_0.1_9
46,5001,46,Female,mc_prob_0.3_FC_0.1_9
47,4790,47,Female,mc_prob_0.3_FC_0.1_9
48,4810,48,Female,mc_prob_0.3_FC_0.1_9
49,4868,49,Female,mc_prob_0.3_FC_0.1_9
50,4946,50,Female,mc_prob_0.3_FC_0.1_9
51,5000,0,Male,mc_prob_0.3_FC_0.1_9
52,4213,1,Male,mc_prob_0.3_FC_0.1_9
53,4073,2,Male,mc_prob_0.3_FC_0.1_9
54,4178,3,Male,mc_prob_0.3_FC_0.1_9
55,4246,4,Male,mc_prob_0.3_FC_0.1_9
56,4362,5,Male,mc_prob_0.3_FC_0.1_9
57,4341,6,Male,mc_prob_0.3_FC_0.1_9
58,4343,7,Male,mc_prob_0.3_FC_0.1_9
59,4413,8,Male,mc_prob_0.3_FC_0.1_9
60,4264,9,Male,mc_prob_0.3_FC_0.1_9
61,4376,10,Male,mc_prob_0.3_FC_0.1_9
62,4380,11,Male,mc_prob_0.3_FC_0.1_9
63,4446,12,Male,mc_prob_0.3_FC_0.1_9
64,4460,13,Male,mc_prob_0.3_FC_0.1_9
65,4530,14,Male,mc_prob_0.3_FC_0.1_9
66,4563,15,Male,mc_prob_0.3_FC_0.1_9
67,4624,16,Male,mc_prob_0.3_FC_0.1_9
68,4562,17,Male,mc_prob_0.3_FC_0.1_9
69,4581,18,Male,mc_prob_0.3_FC_0.1_9
70,4662,19,Male,mc_prob_0.3_FC_0.1_9
71,4584,20,Male,mc_prob_0.3_FC_0.1_9
72,4499,21,Male,mc_prob_0.3_FC_0.1_9
73,4791,22,Male,mc_prob_0.3_FC_0.1_9
74,4682,23,Male,mc_prob_0.3_FC_0.1_9
75,4676,24,Male,mc_prob_0.3_FC_0.1_9
76,4739,25,Male,mc_prob_0.3_FC_0.1_9
77,4634,26,Male,mc_prob_0.3_FC_0.1_9
78,4731,27,Male,mc_prob_0.3_FC_0.1_9
79,4813,28,Male,mc_prob_0.3_FC_0.1_9
80,4812,29,Male,mc_prob_0.3_FC_0.1_9
81,4692,30,Male,mc_prob_0.3_FC_0.1_9
82,4891,31,Male,mc_prob_0.3_FC_0.1_9
83,4764,32,Male,mc_prob_0.3_FC_0.1_9
84,4807,33,Male,mc_prob_0.3_FC_0.1_9
85,4903,34,Male,mc_prob_0.3_FC_0.1_9
86,4862,35,Male,mc_prob_0.3_FC_0.1_9
87,4874,36,Male,mc_prob_0.3_FC_0.1_9
88,4860,37,Male,mc_prob_0.3_FC_0.1_9
89,4934,38,Male,mc_prob_0.3_FC_0.1_9
90,4821,39,Male,mc_prob_0.3_FC_0.1_9
91,4836,40,Male,mc_prob_0.3_FC_0.1_9
92,4992,41,Male,mc_prob_0.3_FC_0.1_9
93,4983,42,Male,mc_prob_0.3_FC_0.1_9
94,4912,43,Male,mc_prob_0.3_FC_0.1_9
95,4985,44,Male,mc_prob_0.3_FC_0.1_9
96,4875,45,Male,mc_prob_0.3_FC_0.1_9
97,5030,46,Male,mc_prob_0.3_FC_0.1_9
98,4965,47,Male,mc_prob_0.3_FC_0.1_9
99,4822,48,Male,mc_prob_0.3_FC_0.1_9
100,5029,49,Male,mc_prob_0.3_FC_0.1_9
101,4996,50,Male,mc_prob_0.3_FC_0.1_9
,Count,Generation,Sex,Run
0,7000,0,Female,mc_prob_0.3_FC_0.1_10
1,4193,1,Female,mc_prob_0.3_FC_0.1_10
2,4153,2,Female,mc_prob_0.3_FC_0.1_10
3,4094,3,Female,mc_prob_0.3_FC_0.1_10
4,4013,4,Female,mc_prob_0.3_FC_0.1_10
5,4235,5,Female,mc_prob_0.3_FC_0.1_10
6,4164,6,Female,mc_prob_0.3_FC_0.1_10
7,4152,7,Female,mc_prob_0.3_FC_0.1_10
8,4077,8,Female,mc_prob_0.3_FC_0.1_10
9,4198,9,Female,mc_prob_0.3_FC_0.1_10
10,4256,10,Female,mc_prob_0.3_FC_0.1_10
11,4355,11,Female,mc_prob_0.3_FC_0.1_10
12,4237,12,Female,mc_prob_0.3_FC_0.1_10
13,4334,13,Female,mc_prob_0.3_FC_0.1_10
14,4287,14,Female,mc_prob_0.3_FC_0.1_10
15,4145,15,Female,mc_prob_0.3_FC_0.1_10
16,4434,16,Female,mc_prob_0.3_FC_0.1_10
17,4445,17,Female,mc_prob_0.3_FC_0.1_10
18,4471,18,Female,mc_prob_0.3_FC_0.1_10
19,4366,19,Female,mc_prob_0.3_FC_0.1_10
20,4467,20,Female,mc_prob_0.3_FC_0.1_10
21,4481,21,Female,mc_prob_0.3_FC_0.1_10
22,4555,22,Female,mc_prob_0.3_FC_0.1_10
23,4572,23,Female,mc_prob_0.3_FC_0.1_10
24,4438,24,Female,mc_prob_0.3_FC_0.1_10
25,4591,25,Female,mc_prob_0.3_FC_0.1_10
26,4612,26,Female,mc_prob_0.3_FC_0.1_10
27,4548,27,Female,mc_prob_0.3_FC_0.1_10
28,4690,28,Female,mc_prob_0.3_FC_0.1_10
29,4680,29,Female,mc_prob_0.3_FC_0.1_10
30,4671,30,Female,mc_prob_0.3_FC_0.1_10
31,4663,31,Female,mc_prob_0.3_FC_0.1_10
32,4804,32,Female,mc_prob_0.3_FC_0.1_10
33,4748,33,Female,mc_prob_0.3_FC_0.1_10
34,4699,34,Female,mc_prob_0.3_FC_0.1_10
35,4663,35,Female,mc_prob_0.3_FC_0.1_10
36,4687,36,Female,mc_prob_0.3_FC_0.1_10
37,4716,37,Female,mc_prob_0.3_FC_0.1_10
38,4727,38,Female,mc_prob_0.3_FC_0.1_10
39,4850,39,Female,mc_prob_0.3_FC_0.1_10
40,4769,40,Female,mc_prob_0.3_FC_0.1_10
41,4698,41,Female,mc_prob_0.3_FC_0.1_10
42,4818,42,Female,mc_prob_0.3_FC_0.1_10
43,4878,43,Female,mc_prob_0.3_FC_0.1_10
44,4777,44,Female,mc_prob_0.3_FC_0.1_10
45,4951,45,Female,mc_prob_0.3_FC_0.1_10
46,4932,46,Female,mc_prob_0.3_FC_0.1_10
47,4903,47,Female,mc_prob_0.3_FC_0.1_10
48,4854,48,Female,mc_prob_0.3_FC_0.1_10
49,4969,49,Female,mc_prob_0.3_FC_0.1_10
50,4906,50,Female,mc_prob_0.3_FC_0.1_10
51,5000,0,Male,mc_prob_0.3_FC_0.1_10
52,4197,1,Male,mc_prob_0.3_FC_0.1_10
53,4163,2,Male,mc_prob_0.3_FC_0.1_10
54,4271,3,Male,mc_prob_0.3_FC_0.1_10
55,4027,4,Male,mc_prob_0.3_FC_0.1_10
56,4314,5,Male,mc_prob_0.3_FC_0.1_10
57,4175,6,Male,mc_prob_0.3_FC_0.1_10
58,4341,7,Male,mc_prob_0.3_FC_0.1_10
59,4209,8,Male,mc_prob_0.3_FC_0.1_10
60,4228,9,Male,mc_prob_0.3_FC_0.1_10
61,4294,10,Male,mc_prob_0.3_FC_0.1_10
62,4379,11,Male,mc_prob_0.3_FC_0.1_10
63,4303,12,Male,mc_prob_0.3_FC_0.1_10
64,4335,13,Male,mc_prob_0.3_FC_0.1_10
65,4340,14,Male,mc_prob_0.3_FC_0.1_10
66,4281,15,Male,mc_prob_0.3_FC_0.1_10
67,4460,16,Male,mc_prob_0.3_FC_0.1_10
68,4449,17,Male,mc_prob_0.3_FC_0.1_10
69,4511,18,Male,mc_prob_0.3_FC_0.1_10
70,4397,19,Male,mc_prob_0.3_FC_0.1_10
71,4495,20,Male,mc_prob_0.3_FC_0.1_10
72,4557,21,Male,mc_prob_0.3_FC_0.1_10
73,4575,22,Male,mc_prob_0.3_FC_0.1_10
74,4584,23,Male,mc_prob_0.3_FC_0.1_10
75,4587,24,Male,mc_prob_0.3_FC_0.1_10
76,4596,25,Male,mc_prob_0.3_FC_0.1_10
77,4747,26,Male,mc_prob_0.3_FC_0.1_10
78,4599,27,Male,mc_prob_0.3_FC_0.1_10
79,4756,28,Male,mc_prob_0.3_FC_0.1_10
80,4708,29,Male,mc_prob_0.3_FC_0.1_10
81,4785,30,Male,mc_prob_0.3_FC_0.1_10
82,4672,31,Male,mc_prob_0.3_FC_0.1_10
83,4881,32,Male,mc_prob_0.3_FC_0.1_10
84,4754,33,Male,mc_prob_0.3_FC_0.1_10
85,4722,34,Male,mc_prob_0.3_FC_0.1_10
86,4721,35,Male,mc_prob_0.3_FC_0.1_10
87,4821,36,Male,mc_prob_0.3_FC_0.1_10
88,4807,37,Male,mc_prob_0.3_FC_0.1_10
89,4777,38,Male,mc_prob_0.3_FC_0.1_10
90,4867,39,Male,mc_prob_0.3_FC_0.1_10
91,4883,40,Male,mc_prob_0.3_FC_0.1_10
92,4826,41,Male,mc_prob_0.3_FC_0.1_10
93,4829,42,Male,mc_prob_0.3_FC_0.1_10
94,4959,43,Male,mc_prob_0.3_FC_0.1_10
95,4820,44,Male,mc_prob_0.3_FC_0.1_10
96,4971,45,Male,mc_prob_0.3_FC_0.1_10
97,4932,46,Male,mc_prob_0.3_FC_0.1_10
98,4987,47,Male,mc_prob_0.3_FC_0.1_10
99,4862,48,Male,mc_prob_0.3_FC_0.1_10
100,5008,49,Male,mc_prob_0.3_FC_0.1_10
101,4986,50,Male,mc_prob_0.3_FC_0.1_10
,Count,Generation,Sex,Run
0,7000,0,Female,mc_prob_0.3_FC_0.15_1
1,4108,1,Female,mc_prob_0.3_FC_0.15_1
2,4041,2,Female,mc_prob_0.3_FC_0.15_1
3,4146,3,Female,mc_prob_0.3_FC_0.15_1
4,4227,4,Female,mc_prob_0.3_FC_0.15_1
5,4224,5,Female,mc_prob_0.3_FC_0.15_1
6,4257,6,Female,mc_prob_0.3_FC_0.15_1
7,4368,7,Female,mc_prob_0.3_FC_0.15_1
8,4314,8,Female,mc_prob_0.3_FC_0.15_1
9,4407,9,Female,mc_prob_0.3_FC_0.15_1
10,4581,10,Female,mc_prob_0.3_FC_0.15_1
11,4530,11,Female,mc_prob_0.3_FC_0.15_1
12,4647,12,Female,mc_prob_0.3_FC_0.15_1
13,4627,13,Female,mc_prob_0.3_FC_0.15_1
14,4518,14,Female,mc_prob_0.3_FC_0.15_1
15,4632,15,Female,mc_prob_0.3_FC_0.15_1
16,4676,16,Female,mc_prob_0.3_FC_0.15_1
17,4776,17,Female,mc_prob_0.3_FC_0.15_1
18,4810,18,Female,mc_prob_0.3_FC_0.15_1
19,4779,19,Female,mc_prob_0.3_FC_0.15_1
20,4691,20,Female,mc_prob_0.3_FC_0.15_1
21,4748,21,Female,mc_prob_0.3_FC_0.15_1
22,4955,22,Female,mc_prob_0.3_FC_0.15_1
23,4981,23,Female,mc_prob_0.3_FC_0.15_1
24,4965,24,Female,mc_prob_0.3_FC_0.15_1
25,4989,25,Female,mc_prob_0.3_FC_0.15_1
26,4869,26,Female,mc_prob_0.3_FC_0.15_1
27,4891,27,Female,mc_prob_0.3_FC_0.15_1
28,4939,28,Female,mc_prob_0.3_FC_0.15_1
29,5063,29,Female,mc_prob_0.3_FC_0.15_1
30,5065,30,Female,mc_prob_0.3_FC_0.15_1
31,5077,31,Female,mc_prob_0.3_FC_0.15_1
32,4860,32,Female,mc_prob_0.3_FC_0.15_1
33,4908,33,Female,mc_prob_0.3_FC_0.15_1
34,4868,34,Female,mc_prob_0.3_FC_0.15_1
35,4900,35,Female,mc_prob_0.3_FC_0.15_1
36,4919,36,Female,mc_prob_0.3_FC_0.15_1
37,4980,37,Female,mc_prob_0.3_FC_0.15_1
38,5147,38,Female,mc_prob_0.3_FC_0.15_1
39,4998,39,Female,mc_prob_0.3_FC_0.15_1
40,4890,40,Female,mc_prob_0.3_FC_0.15_1
41,5003,41,Female,mc_prob_0.3_FC_0.15_1
42,4909,42,Female,mc_prob_0.3_FC_0.15_1
43,4944,43,Female,mc_prob_0.3_FC_0.15_1
44,4985,44,Female,mc_prob_0.3_FC_0.15_1
45,5037,45,Female,mc_prob_0.3_FC_0.15_1
46,4930,46,Female,mc_prob_0.3_FC_0.15_1
47,5012,47,Female,mc_prob_0.3_FC_0.15_1
48,4900,48,Female,mc_prob_0.3_FC_0.15_1
49,4831,49,Female,mc_prob_0.3_FC_0.15_1
50,4905,50,Female,mc_prob_0.3_FC_0.15_1
51,5000,0,Male,mc_prob_0.3_FC_0.15_1
52,4220,1,Male,mc_prob_0.3_FC_0.15_1
53,4122,2,Male,mc_prob_0.3_FC_0.15_1
54,4204,3,Male,mc_prob_0.3_FC_0.15_1
55,4262,4,Male,mc_prob_0.3_FC_0.15_1
56,4302,5,Male,mc_prob_0.3_FC_0.15_1
57,4441,6,Male,mc_prob_0.3_FC_0.15_1
58,4464,7,Male,mc_prob_0.3_FC_0.15_1
59,4423,8,Male,mc_prob_0.3_FC_0.15_1
60,4426,9,Male,mc_prob_0.3_FC_0.15_1
61,4611,10,Male,mc_prob_0.3_FC_0.15_1
62,4590,11,Male,mc_prob_0.3_FC_0.15_1
63,4687,12,Male,mc_prob_0.3_FC_0.15_1
64,4738,13,Male,mc_prob_0.3_FC_0.15_1
65,4542,14,Male,mc_prob_0.3_FC_0.15_1
66,4713,15,Male,mc_prob_0.3_FC_0.15_1
67,4691,16,Male,mc_prob_0.3_FC_0.15_1
68,4845,17,Male,mc_prob_0.3_FC_0.15_1
69,4852,18,Male,mc_prob_0.3_FC_0.15_1
70,4793,19,Male,mc_prob_0.3_FC_0.15_1
71,4740,20,Male,mc_prob_0.3_FC_0.15_1
72,4771,21,Male,mc_prob_0.3_FC_0.15_1
73,4957,22,Male,mc_prob_0.3_FC_0.15_1
74,5122,23,Male,mc_prob_0.3_FC_0.15_1
75,5056,24,Male,mc_prob_0.3_FC_0.15_1
76,5000,25,Male,mc_prob_0.3_FC_0.15_1
77,4967,26,Male,mc_prob_0.3_FC_0.15_1
78,4902,27,Male,mc_prob_0.3_FC_0.15_1
79,4987,28,Male,mc_prob_0.3_FC_0.15_1
80,5070,29,Male,mc_prob_0.3_FC_0.15_1
81,5065,30,Male,mc_prob_0.3_FC_0.15_1
82,5156,31,Male,mc_prob_0.3_FC_0.15_1
83,5019,32,Male,mc_prob_0.3_FC_0.15_1
84,4996,33,Male,mc_prob_0.3_FC_0.15_1
85,4912,34,Male,mc_prob_0.3_FC_0.15_1
86,4974,35,Male,mc_prob_0.3_FC_0.15_1
87,4996,36,Male,mc_prob_0.3_FC_0.15_1
88,5022,37,Male,mc_prob_0.3_FC_0.15_1
89,5177,38,Male,mc_prob_0.3_FC_0.15_1
90,5068,39,Male,mc_prob_0.3_FC_0.15_1
91,4931,40,Male,mc_prob_0.3_FC_0.15_1
92,5081,41,Male,mc_prob_0.3_FC_0.15_1
93,4918,42,Male,mc_prob_0.3_FC_0.15_1
94,5009,43,Male,mc_prob_0.3_FC_0.15_1
95,5030,44,Male,mc_prob_0.3_FC_0.15_1
96,5136,45,Male,mc_prob_0.3_FC_0.15_1
97,4945,46,Male,mc_prob_0.3_FC_0.15_1
98,5053,47,Male,mc_prob_0.3_FC_0.15_1
99,4985,48,Male,mc_prob_0.3_FC_0.15_1
100,4932,49,Male,mc_prob_0.3_FC_0.15_1
101,4989,50,Male,mc_prob_0.3_FC_0.15_1
,Count,Generation,Sex,Run
0,7000,0,Female,mc_prob_0.3_FC_0.15_2
1,4250,1,Female,mc_prob_0.3_FC_0.15_2
2,4008,2,Female,mc_prob_0.3_FC_0.15_2
3,4162,3,Female,mc_prob_0.3_FC_0.15_2
4,4254,4,Female,mc_prob_0.3_FC_0.15_2
5,4373,5,Female,mc_prob_0.3_FC_0.15_2
6,4466,6,Female,mc_prob_0.3_FC_0.15_2
7,4344,7,Female,mc_prob_0.3_FC_0.15_2
8,4457,8,Female,mc_prob_0.3_FC_0.15_2
9,4507,9,Female,mc_prob_0.3_FC_0.15_2
10,4493,10,Female,mc_prob_0.3_FC_0.15_2
11,4602,11,Female,mc_prob_0.3_FC_0.15_2
12,4564,12,Female,mc_prob_0.3_FC_0.15_2
13,4743,13,Female,mc_prob_0.3_FC_0.15_2
14,4823,14,Female,mc_prob_0.3_FC_0.15_2
15,4892,15,Female,mc_prob_0.3_FC_0.15_2
16,4880,16,Female,mc_prob_0.3_FC_0.15_2
17,4914,17,Female,mc_prob_0.3_FC_0.15_2
18,4783,18,Female,mc_prob_0.3_FC_0.15_2
19,4841,19,Female,mc_prob_0.3_FC_0.15_2
20,4997,20,Female,mc_prob_0.3_FC_0.15_2
21,4988,21,Female,mc_prob_0.3_FC_0.15_2
22,4871,22,Female,mc_prob_0.3_FC_0.15_2
23,4909,23,Female,mc_prob_0.3_FC_0.15_2
24,4829,24,Female,mc_prob_0.3_FC_0.15_2
25,4713,25,Female,mc_prob_0.3_FC_0.15_2
26,4912,26,Female,mc_prob_0.3_FC_0.15_2
27,4903,27,Female,mc_prob_0.3_FC_0.15_2
28,4865,28,Female,mc_prob_0.3_FC_0.15_2
29,4920,29,Female,mc_prob_0.3_FC_0.15_2
30,4939,30,Female,mc_prob_0.3_FC_0.15_2
31,4893,31,Female,mc_prob_0.3_FC_0.15_2
32,4969,32,Female,mc_prob_0.3_FC_0.15_2
33,4918,33,Female,mc_prob_0.3_FC_0.15_2
34,5021,34,Female,mc_prob_0.3_FC_0.15_2
35,4901,35,Female,mc_prob_0.3_FC_0.15_2
36,4875,36,Female,mc_prob_0.3_FC_0.15_2
37,4913,37,Female,mc_prob_0.3_FC_0.15_2
38,5066,38,Female,mc_prob_0.3_FC_0.15_2
39,5009,39,Female,mc_prob_0.3_FC_0.15_2
40,4942,40,Female,mc_prob_0.3_FC_0.15_2
41,4891,41,Female,mc_prob_0.3_FC_0.15_2
42,4903,42,Female,mc_prob_0.3_FC_0.15_2
43,4950,43,Female,mc_prob_0.3_FC_0.15_2
44,5063,44,Female,mc_prob_0.3_FC_0.15_2
45,4938,45,Female,mc_prob_0.3_FC_0.15_2
46,4956,46,Female,mc_prob_0.3_FC_0.15_2
47,4975,47,Female,mc_prob_0.3_FC_0.15_2
48,4940,48,Female,mc_prob_0.3_FC_0.15_2
49,4990,49,Female,mc_prob_0.3_FC_0.15_2
50,5096,50,Female,mc_prob_0.3_FC_0.15_2
51,5000,0,Male,mc_prob_0.3_FC_0.15_2
52,4250,1,Male,mc_prob_0.3_FC_0.15_2
53,4221,2,Male,mc_prob_0.3_FC_0.15_2
54,4236,3,Male,mc_prob_0.3_FC_0.15_2
55,4299,4,Male,mc_prob_0.3_FC_0.15_2
56,4432,5,Male,mc_prob_0.3_FC_0.15_2
57,4505,6,Male,mc_prob_0.3_FC_0.15_2
58,4462,7,Male,mc_prob_0.3_FC_0.15_2
59,4479,8,Male,mc_prob_0.3_FC_0.15_2
60,4627,9,Male,mc_prob_0.3_FC_0.15_2
61,4514,10,Male,mc_prob_0.3_FC_0.15_2
62,4719,11,Male,mc_prob_0.3_FC_0.15_2
63,4658,12,Male,mc_prob_0.3_FC_0.15_2
64,4747,13,Male,mc_prob_0.3_FC_0.15_2
65,4878,14,Male,mc_prob_0.3_FC_0.15_2
66,4938,15,Male,mc_prob_0.3_FC_0.15_2
67,4892,16,Male,mc_prob_0.3_FC_0.15_2
68,4934,17,Male,mc_prob_0.3_FC_0.15_2
69,4920,18,Male,mc_prob_0.3_FC_0.15_2
70,4844,19,Male,mc_prob_0.3_FC_0.15_2
71,5012,20,Male,mc_prob_0.3_FC_0.15_2
72,5108,21,Male,mc_prob_0.3_FC_0.15_2
73,4947,22,Male,mc_prob_0.3_FC_0.15_2
74,5013,23,Male,mc_prob_0.3_FC_0.15_2
75,4942,24,Male,mc_prob_0.3_FC_0.15_2
76,4854,25,Male,mc_prob_0.3_FC_0.15_2
77,5049,26,Male,mc_prob_0.3_FC_0.15_2
78,5001,27,Male,mc_prob_0.3_FC_0.15_2
79,4890,28,Male,mc_prob_0.3_FC_0.15_2
80,4984,29,Male,mc_prob_0.3_FC_0.15_2
81,4964,30,Male,mc_prob_0.3_FC_0.15_2
82,5077,31,Male,mc_prob_0.3_FC_0.15_2
83,5006,32,Male,mc_prob_0.3_FC_0.15_2
84,4990,33,Male,mc_prob_0.3_FC_0.15_2
85,5071,34,Male,mc_prob_0.3_FC_0.15_2
86,5055,35,Male,mc_prob_0.3_FC_0.15_2
87,4888,36,Male,mc_prob_0.3_FC_0.15_2
88,4938,37,Male,mc_prob_0.3_FC_0.15_2
89,5084,38,Male,mc_prob_0.3_FC_0.15_2
90,5085,39,Male,mc_prob_0.3_FC_0.15_2
91,5085,40,Male,mc_prob_0.3_FC_0.15_2
92,5034,41,Male,mc_prob_0.3_FC_0.15_2
93,4980,42,Male,mc_prob_0.3_FC_0.15_2
94,4987,43,Male,mc_prob_0.3_FC_0.15_2
95,5071,44,Male,mc_prob_0.3_FC_0.15_2
96,5038,45,Male,mc_prob_0.3_FC_0.15_2
97,5080,46,Male,mc_prob_0.3_FC_0.15_2
98,5029,47,Male,mc_prob_0.3_FC_0.15_2
99,4998,48,Male,mc_prob_0.3_FC_0.15_2
100,4998,49,Male,mc_prob_0.3_FC_0.15_2
101,5107,50,Male,mc_prob_0.3_FC_0.15_2
,Count,Generation,Sex,Run
0,7000,0,Female,mc_prob_0.3_FC_0.15_3
1,4063,1,Female,mc_prob_0.3_FC_0.15_3
2,4023,2,Female,mc_prob_0.3_FC_0.15_3
3,4247,3,Female,mc_prob_0.3_FC_0.15_3
4,4287,4,Female,mc_prob_0.3_FC_0.15_3
5,4326,5,Female,mc_prob_0.3_FC_0.15_3
6,4230,6,Female,mc_prob_0.3_FC_0.15_3
7,4379,7,Female,mc_prob_0.3_FC_0.15_3
8,4423,8,Female,mc_prob_0.3_FC_0.15_3
9,4451,9,Female,mc_prob_0.3_FC_0.15_3
10,4555,10,Female,mc_prob_0.3_FC_0.15_3
11,4665,11,Female,mc_prob_0.3_FC_0.15_3
12,4652,12,Female,mc_prob_0.3_FC_0.15_3
13,4687,13,Female,mc_prob_0.3_FC_0.15_3
14,4648,14,Female,mc_prob_0.3_FC_0.15_3
15,4773,15,Female,mc_prob_0.3_FC_0.15_3
16,4735,16,Female,mc_prob_0.3_FC_0.15_3
17,4762,17,Female,mc_prob_0.3_FC_0.15_3
18,4844,18,Female,mc_prob_0.3_FC_0.15_3
19,4818,19,Female,mc_prob_0.3_FC_0.15_3
20,4815,20,Female,mc_prob_0.3_FC_0.15_3
21,4843,21,Female,mc_prob_0.3_FC_0.15_3
22,4916,22,Female,mc_prob_0.3_FC_0.15_3
23,4865,23,Female,mc_prob_0.3_FC_0.15_3
24,4874,24,Female,mc_prob_0.3_FC_0.15_3
25,4897,25,Female,mc_prob_0.3_FC_0.15_3
26,4962,26,Female,mc_prob_0.3_FC_0.15_3
27,4914,27,Female,mc_prob_0.3_FC_0.15_3
28,4896,28,Female,mc_prob_0.3_FC_0.15_3
29,4996,29,Female,mc_prob_0.3_FC_0.15_3
30,4910,30,Female,mc_prob_0.3_FC_0.15_3
31,4868,31,Female,mc_prob_0.3_FC_0.15_3
32,4898,32,Female,mc_prob_0.3_FC_0.15_3
33,4861,33,Female,mc_prob_0.3_FC_0.15_3
34,4880,34,Female,mc_prob_0.3_FC_0.15_3
35,4796,35,Female,mc_prob_0.3_FC_0.15_3
36,4940,36,Female,mc_prob_0.3_FC_0.15_3
37,4964,37,Female,mc_prob_0.3_FC_0.15_3
38,4894,38,Female,mc_prob_0.3_FC_0.15_3
39,5021,39,Female,mc_prob_0.3_FC_0.15_3
40,4873,40,Female,mc_prob_0.3_FC_0.15_3
41,4811,41,Female,mc_prob_0.3_FC_0.15_3
42,4810,42,Female,mc_prob_0.3_FC_0.15_3
43,5011,43,Female,mc_prob_0.3_FC_0.15_3
44,4961,44,Female,mc_prob_0.3_FC_0.15_3
45,5010,45,Female,mc_prob_0.3_FC_0.15_3
46,5058,46,Female,mc_prob_0.3_FC_0.15_3
47,5039,47,Female,mc_prob_0.3_FC_0.15_3
48,5032,48,Female,mc_prob_0.3_FC_0.15_3
49,5031,49,Female,mc_prob_0.3_FC_0.15_3
50,5030,50,Female,mc_prob_0.3_FC_0.15_3
51,5000,0,Male,mc_prob_0.3_FC_0.15_3
52,4171,1,Male,mc_prob_0.3_FC_0.15_3
53,4065,2,Male,mc_prob_0.3_FC_0.15_3
54,4250,3,Male,mc_prob_0.3_FC_0.15_3
55,4296,4,Male,mc_prob_0.3_FC_0.15_3
56,4362,5,Male,mc_prob_0.3_FC_0.15_3
57,4404,6,Male,mc_prob_0.3_FC_0.15_3
58,4458,7,Male,mc_prob_0.3_FC_0.15_3
59,4488,8,Male,mc_prob_0.3_FC_0.15_3
60,4494,9,Male,mc_prob_0.3_FC_0.15_3
61,4607,10,Male,mc_prob_0.3_FC_0.15_3
62,4709,11,Male,mc_prob_0.3_FC_0.15_3
63,4703,12,Male,mc_prob_0.3_FC_0.15_3
64,4761,13,Male,mc_prob_0.3_FC_0.15_3
65,4715,14,Male,mc_prob_0.3_FC_0.15_3
66,4823,15,Male,mc_prob_0.3_FC_0.15_3
67,4891,16,Male,mc_prob_0.3_FC_0.15_3
68,4817,17,Male,mc_prob_0.3_FC_0.15_3
69,4865,18,Male,mc_prob_0.3_FC_0.15_3
70,4847,19,Male,mc_prob_0.3_FC_0.15_3
71,4943,20,Male,mc_prob_0.3_FC_0.15_3
72,4849,21,Male,mc_prob_0.3_FC_0.15_3
73,4939,22,Male,mc_prob_0.3_FC_0.15_3
74,5056,23,Male,mc_prob_0.3_FC_0.15_3
75,4878,24,Male,mc_prob_0.3_FC_0.15_3
76,4935,25,Male,mc_prob_0.3_FC_0.15_3
77,5001,26,Male,mc_prob_0.3_FC_0.15_3
78,4925,27,Male,mc_prob_0.3_FC_0.15_3
79,4950,28,Male,mc_prob_0.3_FC_0.15_3
80,5040,29,Male,mc_prob_0.3_FC_0.15_3
81,4959,30,Male,mc_prob_0.3_FC_0.15_3
82,4950,31,Male,mc_prob_0.3_FC_0.15_3
83,4939,32,Male,mc_prob_0.3_FC_0.15_3
84,4970,33,Male,mc_prob_0.3_FC_0.15_3
85,5080,34,Male,mc_prob_0.3_FC_0.15_3
86,4846,35,Male,mc_prob_0.3_FC_0.15_3
87,4957,36,Male,mc_prob_0.3_FC_0.15_3
88,4975,37,Male,mc_prob_0.3_FC_0.15_3
89,4960,38,Male,mc_prob_0.3_FC_0.15_3
90,5048,39,Male,mc_prob_0.3_FC_0.15_3
91,4993,40,Male,mc_prob_0.3_FC_0.15_3
92,4836,41,Male,mc_prob_0.3_FC_0.15_3
93,4915,42,Male,mc_prob_0.3_FC_0.15_3
94,5038,43,Male,mc_prob_0.3_FC_0.15_3
95,5009,44,Male,mc_prob_0.3_FC_0.15_3
96,5052,45,Male,mc_prob_0.3_FC_0.15_3
97,5073,46,Male,mc_prob_0.3_FC_0.15_3
98,5094,47,Male,mc_prob_0.3_FC_0.15_3
99,5095,48,Male,mc_prob_0.3_FC_0.15_3
100,5078,49,Male,mc_prob_0.3_FC_0.15_3
101,5047,50,Male,mc_prob_0.3_FC_0.15_3
,Count,Generation,Sex,Run
0,7000,0,Female,mc_prob_0.3_FC_0.15_4
1,4100,1,Female,mc_prob_0.3_FC_0.15_4
2,4100,2,Female,mc_prob_0.3_FC_0.15_4
3,4221,3,Female,mc_prob_0.3_FC_0.15_4
4,4280,4,Female,mc_prob_0.3_FC_0.15_4
5,4273,5,Female,mc_prob_0.3_FC_0.15_4
6,4276,6,Female,mc_prob_0.3_FC_0.15_4
7,4329,7,Female,mc_prob_0.3_FC_0.15_4
8,4454,8,Female,mc_prob_0.3_FC_0.15_4
9,4635,9,Female,mc_prob_0.3_FC_0.15_4
10,4553,10,Female,mc_prob_0.3_FC_0.15_4
11,4534,11,Female,mc_prob_0.3_FC_0.15_4
12,4599,12,Female,mc_prob_0.3_FC_0.15_4
13,4688,13,Female,mc_prob_0.3_FC_0.15_4
14,4689,14,Female,mc_prob_0.3_FC_0.15_4
15,4750,15,Female,mc_prob_0.3_FC_0.15_4
16,4776,16,Female,mc_prob_0.3_FC_0.15_4
17,4677,17,Female,mc_prob_0.3_FC_0.15_4
18,4741,18,Female,mc_prob_0.3_FC_0.15_4
19,4816,19,Female,mc_prob_0.3_FC_0.15_4
20,4856,20,Female,mc_prob_0.3_FC_0.15_4
21,4919,21,Female,mc_prob_0.3_FC_0.15_4
22,5041,22,Female,mc_prob_0.3_FC_0.15_4
23,4982,23,Female,mc_prob_0.3_FC_0.15_4
24,4847,24,Female,mc_prob_0.3_FC_0.15_4
25,4840,25,Female,mc_prob_0.3_FC_0.15_4
26,4984,26,Female,mc_prob_0.3_FC_0.15_4
27,5058,27,Female,mc_prob_0.3_FC_0.15_4
28,4901,28,Female,mc_prob_0.3_FC_0.15_4
29,4885,29,Female,mc_prob_0.3_FC_0.15_4
30,4886,30,Female,mc_prob_0.3_FC_0.15_4
31,4920,31,Female,mc_prob_0.3_FC_0.15_4
32,4982,32,Female,mc_prob_0.3_FC_0.15_4
33,4993,33,Female,mc_prob_0.3_FC_0.15_4
34,4991,34,Female,mc_prob_0.3_FC_0.15_4
35,4769,35,Female,mc_prob_0.3_FC_0.15_4
36,4802,36,Female,mc_prob_0.3_FC_0.15_4
37,4885,37,Female,mc_prob_0.3_FC_0.15_4
38,4887,38,Female,mc_prob_0.3_FC_0.15_4
39,4874,39,Female,mc_prob_0.3_FC_0.15_4
40,4930,40,Female,mc_prob_0.3_FC_0.15_4
41,4880,41,Female,mc_prob_0.3_FC_0.15_4
42,4880,42,Female,mc_prob_0.3_FC_0.15_4
43,4956,43,Female,mc_prob_0.3_FC_0.15_4
44,4957,44,Female,mc_prob_0.3_FC_0.15_4
45,5041,45,Female,mc_prob_0.3_FC_0.15_4
46,4906,46,Female,mc_prob_0.3_FC_0.15_4
47,4928,47,Female,mc_prob_0.3_FC_0.15_4
48,4976,48,Female,mc_prob_0.3_FC_0.15_4
49,5041,49,Female,mc_prob_0.3_FC_0.15_4
50,4915,50,Female,mc_prob_0.3_FC_0.15_4
51,5000,0,Male,mc_prob_0.3_FC_0.15_4
52,4162,1,Male,mc_prob_0.3_FC_0.15_4
53,4184,2,Male,mc_prob_0.3_FC_0.15_4
54,4257,3,Male,mc_prob_0.3_FC_0.15_4
55,4286,4,Male,mc_prob_0.3_FC_0.15_4
56,4346,5,Male,mc_prob_0.3_FC_0.15_4
57,4340,6,Male,mc_prob_0.3_FC_0.15_4
58,4374,7,Male,mc_prob_0.3_FC_0.15_4
59,4459,8,Male,mc_prob_0.3_FC_0.15_4
60,4646,9,Male,mc_prob_0.3_FC_0.15_4
61,4591,10,Male,mc_prob_0.3_FC_0.15_4
62,4600,11,Male,mc_prob_0.3_FC_0.15_4
63,4615,12,Male,mc_prob_0.3_FC_0.15_4
64,4764,13,Male,mc_prob_0.3_FC_0.15_4
65,4725,14,Male,mc_prob_0.3_FC_0.15_4
66,4750,15,Male,mc_prob_0.3_FC_0.15_4
67,4818,16,Male,mc_prob_0.3_FC_0.15_4
68,4894,17,Male,mc_prob_0.3_FC_0.15_4
69,4767,18,Male,mc_prob_0.3_FC_0.15_4
70,4885,19,Male,mc_prob_0.3_FC_0.15_4
71,4878,20,Male,mc_prob_0.3_FC_0.15_4
72,4974,21,Male,mc_prob_0.3_FC_0.15_4
73,5054,22,Male,mc_prob_0.3_FC_0.15_4
74,5033,23,Male,mc_prob_0.3_FC_0.15_4
75,4866,24,Male,mc_prob_0.3_FC_0.15_4
76,4953,25,Male,mc_prob_0.3_FC_0.15_4
77,4984,26,Male,mc_prob_0.3_FC_0.15_4
78,5066,27,Male,mc_prob_0.3_FC_0.15_4
79,5150,28,Male,mc_prob_0.3_FC_0.15_4
80,4931,29,Male,mc_prob_0.3_FC_0.15_4
81,4945,30,Male,mc_prob_0.3_FC_0.15_4
82,4965,31,Male,mc_prob_0.3_FC_0.15_4
83,5034,32,Male,mc_prob_0.3_FC_0.15_4
84,5063,33,Male,mc_prob_0.3_FC_0.15_4
85,4999,34,Male,mc_prob_0.3_FC_0.15_4
86,5001,35,Male,mc_prob_0.3_FC_0.15_4
87,4883,36,Male,mc_prob_0.3_FC_0.15_4
88,4974,37,Male,mc_prob_0.3_FC_0.15_4
89,4913,38,Male,mc_prob_0.3_FC_0.15_4
90,5033,39,Male,mc_prob_0.3_FC_0.15_4
91,4948,40,Male,mc_prob_0.3_FC_0.15_4
92,5079,41,Male,mc_prob_0.3_FC_0.15_4
93,4982,42,Male,mc_prob_0.3_FC_0.15_4
94,5042,43,Male,mc_prob_0.3_FC_0.15_4
95,4963,44,Male,mc_prob_0.3_FC_0.15_4
96,5134,45,Male,mc_prob_0.3_FC_0.15_4
97,5064,46,Male,mc_prob_0.3_FC_0.15_4
98,4994,47,Male,mc_prob_0.3_FC_0.15_4
99,4982,48,Male,mc_prob_0.3_FC_0.15_4
100,5048,49,Male,mc_prob_0.3_FC_0.15_4
101,4915,50,Male,mc_prob_0.3_FC_0.15_4
,Count,Generation,Sex,Run
0,7000,0,Female,mc_prob_0.3_FC_0.15_5
1,4027,1,Female,mc_prob_0.3_FC_0.15_5
2,4026,2,Female,mc_prob_0.3_FC_0.15_5
3,4096,3,Female,mc_prob_0.3_FC_0.15_5
4,4200,4,Female,mc_prob_0.3_FC_0.15_5
5,4166,5,Female,mc_prob_0.3_FC_0.15_5
6,4287,6,Female,mc_prob_0.3_FC_0.15_5
7,4365,7,Female,mc_prob_0.3_FC_0.15_5
8,4332,8,Female,mc_prob_0.3_FC_0.15_5
9,4364,9,Female,mc_prob_0.3_FC_0.15_5
10,4489,10,Female,mc_prob_0.3_FC_0.15_5
11,4439,11,Female,mc_prob_0.3_FC_0.15_5
12,4629,12,Female,mc_prob_0.3_FC_0.15_5
13,4720,13,Female,mc_prob_0.3_FC_0.15_5
14,4663,14,Female,mc_prob_0.3_FC_0.15_5
15,4567,15,Female,mc_prob_0.3_FC_0.15_5
16,4628,16,Female,mc_prob_0.3_FC_0.15_5
17,4671,17,Female,mc_prob_0.3_FC_0.15_5
18,4732,18,Female,mc_prob_0.3_FC_0.15_5
19,4663,19,Female,mc_prob_0.3_FC_0.15_5
20,4784,20,Female,mc_prob_0.3_FC_0.15_5
21,4896,21,Female,mc_prob_0.3_FC_0.15_5
22,4719,22,Female,mc_prob_0.3_FC_0.15_5
23,4773,23,Female,mc_prob_0.3_FC_0.15_5
24,4877,24,Female,mc_prob_0.3_FC_0.15_5
25,4784,25,Female,mc_prob_0.3_FC_0.15_5
26,4891,26,Female,mc_prob_0.3_FC_0.15_5
27,4820,27,Female,mc_prob_0.3_FC_0.15_5
28,4715,28,Female,mc_prob_0.3_FC_0.15_5
29,4845,29,Female,mc_prob_0.3_FC_0.15_5
30,4862,30,Female,mc_prob_0.3_FC_0.15_5
31,4937,31,Female,mc_prob_0.3_FC_0.15_5
32,4910,32,Female,mc_prob_0.3_FC_0.15_5
33,5004,33,Female,mc_prob_0.3_FC_0.15_5
34,4992,34,Female,mc_prob_0.3_FC_0.15_5
35,4986,35,Female,mc_prob_0.3_FC_0.15_5
36,4839,36,Female,mc_prob_0.3_FC_0.15_5
37,4894,37,Female,mc_prob_0.3_FC_0.15_5
38,4871,38,Female,mc_prob_0.3_FC_0.15_5
39,4948,39,Female,mc_prob_0.3_FC_0.15_5
40,4899,40,Female,mc_prob_0.3_FC_0.15_5
41,4991,41,Female,mc_prob_0.3_FC_0.15_5
42,4926,42,Female,mc_prob_0.3_FC_0.15_5
43,4902,43,Female,mc_prob_0.3_FC_0.15_5
44,4949,44,Female,mc_prob_0.3_FC_0.15_5
45,5101,45,Female,mc_prob_0.3_FC_0.15_5
46,4955,46,Female,mc_prob_0.3_FC_0.15_5
47,4855,47,Female,mc_prob_0.3_FC_0.15_5
48,4954,48,Female,mc_prob_0.3_FC_0.15_5
49,4904,49,Female,mc_prob_0.3_FC_0.15_5
50,4892,50,Female,mc_prob_0.3_FC_0.15_5
51,5000,0,Male,mc_prob_0.3_FC_0.15_5
52,4195,1,Male,mc_prob_0.3_FC_0.15_5
53,4069,2,Male,mc_prob_0.3_FC_0.15_5
54,4179,3,Male,mc_prob_0.3_FC_0.15_5
55,4227,4,Male,mc_prob_0.3_FC_0.15_5
56,4193,5,Male,mc_prob_0.3_FC_0.15_5
57,4341,6,Male,mc_prob_0.3_FC_0.15_5
58,4456,7,Male,mc_prob_0.3_FC_0.15_5
59,4411,8,Male,mc_prob_0.3_FC_0.15_5
60,4371,9,Male,mc_prob_0.3_FC_0.15_5
61,4628,10,Male,mc_prob_0.3_FC_0.15_5
62,4596,11,Male,mc_prob_0.3_FC_0.15_5
63,4629,12,Male,mc_prob_0.3_FC_0.15_5
64,4757,13,Male,mc_prob_0.3_FC_0.15_5
65,4778,14,Male,mc_prob_0.3_FC_0.15_5
66,4645,15,Male,mc_prob_0.3_FC_0.15_5
67,4666,16,Male,mc_prob_0.3_FC_0.15_5
68,4744,17,Male,mc_prob_0.3_FC_0.15_5
69,4844,18,Male,mc_prob_0.3_FC_0.15_5
70,4723,19,Male,mc_prob_0.3_FC_0.15_5
71,4851,20,Male,mc_prob_0.3_FC_0.15_5
72,4971,21,Male,mc_prob_0.3_FC_0.15_5
73,4960,22,Male,mc_prob_0.3_FC_0.15_5
74,4796,23,Male,mc_prob_0.3_FC_0.15_5
75,5014,24,Male,mc_prob_0.3_FC_0.15_5
76,4911,25,Male,mc_prob_0.3_FC_0.15_5
77,5058,26,Male,mc_prob_0.3_FC_0.15_5
78,4970,27,Male,mc_prob_0.3_FC_0.15_5
79,4822,28,Male,mc_prob_0.3_FC_0.15_5
80,5036,29,Male,mc_prob_0.3_FC_0.15_5
81,4867,30,Male,mc_prob_0.3_FC_0.15_5
82,5041,31,Male,mc_prob_0.3_FC_0.15_5
83,4971,32,Male,mc_prob_0.3_FC_0.15_5
84,5047,33,Male,mc_prob_0.3_FC_0.15_5
85,5013,34,Male,mc_prob_0.3_FC_0.15_5
86,4997,35,Male,mc_prob_0.3_FC_0.15_5
87,4999,36,Male,mc_prob_0.3_FC_0.15_5
88,4925,37,Male,mc_prob_0.3_FC_0.15_5
89,4974,38,Male,mc_prob_0.3_FC_0.15_5
90,5022,39,Male,mc_prob_0.3_FC_0.15_5
91,5002,40,Male,mc_prob_0.3_FC_0.15_5
92,5066,41,Male,mc_prob_0.3_FC_0.15_5
93,5005,42,Male,mc_prob_0.3_FC_0.15_5
94,4973,43,Male,mc_prob_0.3_FC_0.15_5
95,4967,44,Male,mc_prob_0.3_FC_0.15_5
96,5142,45,Male,mc_prob_0.3_FC_0.15_5
97,5045,46,Male,mc_prob_0.3_FC_0.15_5
98,4993,47,Male,mc_prob_0.3_FC_0.15_5
99,5014,48,Male,mc_prob_0.3_FC_0.15_5
100,5009,49,Male,mc_prob_0.3_FC_0.15_5
101,4918,50,Male,mc_prob_0.3_FC_0.15_5
,Count,Generation,Sex,Run
0,7000,0,Female,mc_prob_0.3_FC_0.15_6
1,4038,1,Female,mc_prob_0.3_FC_0.15_6
2,4099,2,Female,mc_prob_0.3_FC_0.15_6
3,4193,3,Female,mc_prob_0.3_FC_0.15_6
4,4136,4,Female,mc_prob_0.3_FC_0.15_6
5,4280,5,Female,mc_prob_0.3_FC_0.15_6
6,4404,6,Female,mc_prob_0.3_FC_0.15_6
7,4478,7,Female,mc_prob_0.3_FC_0.15_6
8,4342,8,Female,mc_prob_0.3_FC_0.15_6
9,4482,9,Female,mc_prob_0.3_FC_0.15_6
10,4461,10,Female,mc_prob_0.3_FC_0.15_6
11,4559,11,Female,mc_prob_0.3_FC_0.15_6
12,4643,12,Female,mc_prob_0.3_FC_0.15_6
13,4693,13,Female,mc_prob_0.3_FC_0.15_6
14,4688,14,Female,mc_prob_0.3_FC_0.15_6
15,4719,15,Female,mc_prob_0.3_FC_0.15_6
16,4733,16,Female,mc_prob_0.3_FC_0.15_6
17,4759,17,Female,mc_prob_0.3_FC_0.15_6
18,4908,18,Female,mc_prob_0.3_FC_0.15_6
19,4968,19,Female,mc_prob_0.3_FC_0.15_6
20,4830,20,Female,mc_prob_0.3_FC_0.15_6
21,4911,21,Female,mc_prob_0.3_FC_0.15_6
22,4904,22,Female,mc_prob_0.3_FC_0.15_6
23,5022,23,Female,mc_prob_0.3_FC_0.15_6
24,4875,24,Female,mc_prob_0.3_FC_0.15_6
25,4929,25,Female,mc_prob_0.3_FC_0.15_6
26,4857,26,Female,mc_prob_0.3_FC_0.15_6
27,4815,27,Female,mc_prob_0.3_FC_0.15_6
28,4836,28,Female,mc_prob_0.3_FC_0.15_6
29,4978,29,Female,mc_prob_0.3_FC_0.15_6
30,5072,30,Female,mc_prob_0.3_FC_0.15_6
31,4971,31,Female,mc_prob_0.3_FC_0.15_6
32,4890,32,Female,mc_prob_0.3_FC_0.15_6
33,4835,33,Female,mc_prob_0.3_FC_0.15_6
34,4859,34,Female,mc_prob_0.3_FC_0.15_6
35,5122,35,Female,mc_prob_0.3_FC_0.15_6
36,4936,36,Female,mc_prob_0.3_FC_0.15_6
37,4927,37,Female,mc_prob_0.3_FC_0.15_6
38,4996,38,Female,mc_prob_0.3_FC_0.15_6
39,4916,39,Female,mc_prob_0.3_FC_0.15_6
40,4941,40,Female,mc_prob_0.3_FC_0.15_6
41,4907,41,Female,mc_prob_0.3_FC_0.15_6
42,4854,42,Female,mc_prob_0.3_FC_0.15_6
43,4947,43,Female,mc_prob_0.3_FC_0.15_6
44,4872,44,Female,mc_prob_0.3_FC_0.15_6
45,4947,45,Female,mc_prob_0.3_FC_0.15_6
46,5075,46,Female,mc_prob_0.3_FC_0.15_6
47,5063,47,Female,mc_prob_0.3_FC_0.15_6
48,4991,48,Female,mc_prob_0.3_FC_0.15_6
49,4895,49,Female,mc_prob_0.3_FC_0.15_6
50,4921,50,Female,mc_prob_0.3_FC_0.15_6
51,5000,0,Male,mc_prob_0.3_FC_0.15_6
52,4107,1,Male,mc_prob_0.3_FC_0.15_6
53,4114,2,Male,mc_prob_0.3_FC_0.15_6
54,4250,3,Male,mc_prob_0.3_FC_0.15_6
55,4206,4,Male,mc_prob_0.3_FC_0.15_6
56,4343,5,Male,mc_prob_0.3_FC_0.15_6
57,4438,6,Male,mc_prob_0.3_FC_0.15_6
58,4502,7,Male,mc_prob_0.3_FC_0.15_6
59,4406,8,Male,mc_prob_0.3_FC_0.15_6
60,4503,9,Male,mc_prob_0.3_FC_0.15_6
61,4627,10,Male,mc_prob_0.3_FC_0.15_6
62,4618,11,Male,mc_prob_0.3_FC_0.15_6
63,4673,12,Male,mc_prob_0.3_FC_0.15_6
64,4734,13,Male,mc_prob_0.3_FC_0.15_6
65,4700,14,Male,mc_prob_0.3_FC_0.15_6
66,4783,15,Male,mc_prob_0.3_FC_0.15_6
67,4791,16,Male,mc_prob_0.3_FC_0.15_6
68,4815,17,Male,mc_prob_0.3_FC_0.15_6
69,4919,18,Male,mc_prob_0.3_FC_0.15_6
70,5070,19,Male,mc_prob_0.3_FC_0.15_6
71,4837,20,Male,mc_prob_0.3_FC_0.15_6
72,4935,21,Male,mc_prob_0.3_FC_0.15_6
73,4950,22,Male,mc_prob_0.3_FC_0.15_6
74,5045,23,Male,mc_prob_0.3_FC_0.15_6
75,5054,24,Male,mc_prob_0.3_FC_0.15_6
76,4976,25,Male,mc_prob_0.3_FC_0.15_6
77,4924,26,Male,mc_prob_0.3_FC_0.15_6
78,5020,27,Male,mc_prob_0.3_FC_0.15_6
79,4885,28,Male,mc_prob_0.3_FC_0.15_6
80,5030,29,Male,mc_prob_0.3_FC_0.15_6
81,5096,30,Male,mc_prob_0.3_FC_0.15_6
82,4993,31,Male,mc_prob_0.3_FC_0.15_6
83,5090,32,Male,mc_prob_0.3_FC_0.15_6
84,4938,33,Male,mc_prob_0.3_FC_0.15_6
85,4893,34,Male,mc_prob_0.3_FC_0.15_6
86,5146,35,Male,mc_prob_0.3_FC_0.15_6
87,4966,36,Male,mc_prob_0.3_FC_0.15_6
88,5070,37,Male,mc_prob_0.3_FC_0.15_6
89,5117,38,Male,mc_prob_0.3_FC_0.15_6
90,4924,39,Male,mc_prob_0.3_FC_0.15_6
91,4972,40,Male,mc_prob_0.3_FC_0.15_6
92,5040,41,Male,mc_prob_0.3_FC_0.15_6
93,4953,42,Male,mc_prob_0.3_FC_0.15_6
94,4968,43,Male,mc_prob_0.3_FC_0.15_6
95,5069,44,Male,mc_prob_0.3_FC_0.15_6
96,4982,45,Male,mc_prob_0.3_FC_0.15_6
97,5077,46,Male,mc_prob_0.3_FC_0.15_6
98,5093,47,Male,mc_prob_0.3_FC_0.15_6
99,5005,48,Male,mc_prob_0.3_FC_0.15_6
100,4995,49,Male,mc_prob_0.3_FC_0.15_6
101,4974,50,Male,mc_prob_0.3_FC_0.15_6
,Count,Generation,Sex,Run
0,7000,0,Female,mc_prob_0.3_FC_0.15_7
1,4192,1,Female,mc_prob_0.3_FC_0.15_7
2,4166,2,Female,mc_prob_0.3_FC_0.15_7
3,4195,3,Female,mc_prob_0.3_FC_0.15_7
4,4147,4,Female,mc_prob_0.3_FC_0.15_7
5,4300,5,Female,mc_prob_0.3_FC_0.15_7
6,4269,6,Female,mc_prob_0.3_FC_0.15_7
7,4405,7,Female,mc_prob_0.3_FC_0.15_7
8,4388,8,Female,mc_prob_0.3_FC_0.15_7
9,4422,9,Female,mc_prob_0.3_FC_0.15_7
10,4460,10,Female,mc_prob_0.3_FC_0.15_7
11,4558,11,Female,mc_prob_0.3_FC_0.15_7
12,4641,12,Female,mc_prob_0.3_FC_0.15_7
13,4650,13,Female,mc_prob_0.3_FC_0.15_7
14,4579,14,Female,mc_prob_0.3_FC_0.15_7
15,4653,15,Female,mc_prob_0.3_FC_0.15_7
16,4655,16,Female,mc_prob_0.3_FC_0.15_7
17,4715,17,Female,mc_prob_0.3_FC_0.15_7
18,4813,18,Female,mc_prob_0.3_FC_0.15_7
19,4807,19,Female,mc_prob_0.3_FC_0.15_7
20,4822,20,Female,mc_prob_0.3_FC_0.15_7
21,4857,21,Female,mc_prob_0.3_FC_0.15_7
22,4940,22,Female,mc_prob_0.3_FC_0.15_7
23,4878,23,Female,mc_prob_0.3_FC_0.15_7
24,4914,24,Female,mc_prob_0.3_FC_0.15_7
25,4736,25,Female,mc_prob_0.3_FC_0.15_7
26,4767,26,Female,mc_prob_0.3_FC_0.15_7
27,4964,27,Female,mc_prob_0.3_FC_0.15_7
28,4929,28,Female,mc_prob_0.3_FC_0.15_7
29,5062,29,Female,mc_prob_0.3_FC_0.15_7
30,4924,30,Female,mc_prob_0.3_FC_0.15_7
31,4917,31,Female,mc_prob_0.3_FC_0.15_7
32,4937,32,Female,mc_prob_0.3_FC_0.15_7
33,4921,33,Female,mc_prob_0.3_FC_0.15_7
34,4822,34,Female,mc_prob_0.3_FC_0.15_7
35,4936,35,Female,mc_prob_0.3_FC_0.15_7
36,4939,36,Female,mc_prob_0.3_FC_0.15_7
37,5012,37,Female,mc_prob_0.3_FC_0.15_7
38,4898,38,Female,mc_prob_0.3_FC_0.15_7
39,4902,39,Female,mc_prob_0.3_FC_0.15_7
40,4804,40,Female,mc_prob_0.3_FC_0.15_7
41,4827,41,Female,mc_prob_0.3_FC_0.15_7
42,4974,42,Female,mc_prob_0.3_FC_0.15_7
43,4937,43,Female,mc_prob_0.3_FC_0.15_7
44,4907,44,Female,mc_prob_0.3_FC_0.15_7
45,4831,45,Female,mc_prob_0.3_FC_0.15_7
46,4898,46,Female,mc_prob_0.3_FC_0.15_7
47,4936,47,Female,mc_prob_0.3_FC_0.15_7
48,4900,48,Female,mc_prob_0.3_FC_0.15_7
49,4964,49,Female,mc_prob_0.3_FC_0.15_7
50,5029,50,Female,mc_prob_0.3_FC_0.15_7
51,5000,0,Male,mc_prob_0.3_FC_0.15_7
52,4213,1,Male,mc_prob_0.3_FC_0.15_7
53,4195,2,Male,mc_prob_0.3_FC_0.15_7
54,4316,3,Male,mc_prob_0.3_FC_0.15_7
55,4268,4,Male,mc_prob_0.3_FC_0.15_7
56,4320,5,Male,mc_prob_0.3_FC_0.15_7
57,4360,6,Male,mc_prob_0.3_FC_0.15_7
58,4487,7,Male,mc_prob_0.3_FC_0.15_7
59,4424,8,Male,mc_prob_0.3_FC_0.15_7
60,4425,9,Male,mc_prob_0.3_FC_0.15_7
61,4508,10,Male,mc_prob_0.3_FC_0.15_7
62,4607,11,Male,mc_prob_0.3_FC_0.15_7
63,4642,12,Male,mc_prob_0.3_FC_0.15_7
64,4680,13,Male,mc_prob_0.3_FC_0.15_7
65,4683,14,Male,mc_prob_0.3_FC_0.15_7
66,4708,15,Male,mc_prob_0.3_FC_0.15_7
67,4730,16,Male,mc_prob_0.3_FC_0.15_7
68,4732,17,Male,mc_prob_0.3_FC_0.15_7
69,4854,18,Male,mc_prob_0.3_FC_0.15_7
70,4916,19,Male,mc_prob_0.3_FC_0.15_7
71,4827,20,Male,mc_prob_0.3_FC_0.15_7
72,4862,21,Male,mc_prob_0.3_FC_0.15_7
73,4976,22,Male,mc_prob_0.3_FC_0.15_7
74,4902,23,Male,mc_prob_0.3_FC_0.15_7
75,5021,24,Male,mc_prob_0.3_FC_0.15_7
76,4950,25,Male,mc_prob_0.3_FC_0.15_7
77,4786,26,Male,mc_prob_0.3_FC_0.15_7
78,4996,27,Male,mc_prob_0.3_FC_0.15_7
79,4948,28,Male,mc_prob_0.3_FC_0.15_7
80,5163,29,Male,mc_prob_0.3_FC_0.15_7
81,4998,30,Male,mc_prob_0.3_FC_0.15_7
82,4985,31,Male,mc_prob_0.3_FC_0.15_7
83,5058,32,Male,mc_prob_0.3_FC_0.15_7
84,4924,33,Male,mc_prob_0.3_FC_0.15_7
85,4854,34,Male,mc_prob_0.3_FC_0.15_7
86,4979,35,Male,mc_prob_0.3_FC_0.15_7
87,4954,36,Male,mc_prob_0.3_FC_0.15_7
88,5032,37,Male,mc_prob_0.3_FC_0.15_7
89,5019,38,Male,mc_prob_0.3_FC_0.15_7
90,4978,39,Male,mc_prob_0.3_FC_0.15_7
91,5056,40,Male,mc_prob_0.3_FC_0.15_7
92,4852,41,Male,mc_prob_0.3_FC_0.15_7
93,5065,42,Male,mc_prob_0.3_FC_0.15_7
94,4956,43,Male,mc_prob_0.3_FC_0.15_7
95,4999,44,Male,mc_prob_0.3_FC_0.15_7
96,4872,45,Male,mc_prob_0.3_FC_0.15_7
97,4948,46,Male,mc_prob_0.3_FC_0.15_7
98,4958,47,Male,mc_prob_0.3_FC_0.15_7
99,5095,48,Male,mc_prob_0.3_FC_0.15_7
100,4966,49,Male,mc_prob_0.3_FC_0.15_7
101,5086,50,Male,mc_prob_0.3_FC_0.15_7
,Count,Generation,Sex,Run
0,7000,0,Female,mc_prob_0.3_FC_0.15_8
1,4082,1,Female,mc_prob_0.3_FC_0.15_8
2,3965,2,Female,mc_prob_0.3_FC_0.15_8
3,4157,3,Female,mc_prob_0.3_FC_0.15_8
4,4291,4,Female,mc_prob_0.3_FC_0.15_8
5,4326,5,Female,mc_prob_0.3_FC_0.15_8
6,4307,6,Female,mc_prob_0.3_FC_0.15_8
7,4364,7,Female,mc_prob_0.3_FC_0.15_8
8,4317,8,Female,mc_prob_0.3_FC_0.15_8
9,4381,9,Female,mc_prob_0.3_FC_0.15_8
10,4328,10,Female,mc_prob_0.3_FC_0.15_8
11,4363,11,Female,mc_prob_0.3_FC_0.15_8
12,4500,12,Female,mc_prob_0.3_FC_0.15_8
13,4601,13,Female,mc_prob_0.3_FC_0.15_8
14,4573,14,Female,mc_prob_0.3_FC_0.15_8
15,4573,15,Female,mc_prob_0.3_FC_0.15_8
16,4819,16,Female,mc_prob_0.3_FC_0.15_8
17,4831,17,Female,mc_prob_0.3_FC_0.15_8
18,4712,18,Female,mc_prob_0.3_FC_0.15_8
19,4637,19,Female,mc_prob_0.3_FC_0.15_8
20,4647,20,Female,mc_prob_0.3_FC_0.15_8
21,4878,21,Female,mc_prob_0.3_FC_0.15_8
22,4757,22,Female,mc_prob_0.3_FC_0.15_8
23,4969,23,Female,mc_prob_0.3_FC_0.15_8
24,5009,24,Female,mc_prob_0.3_FC_0.15_8
25,4876,25,Female,mc_prob_0.3_FC_0.15_8
26,4879,26,Female,mc_prob_0.3_FC_0.15_8
27,4795,27,Female,mc_prob_0.3_FC_0.15_8
28,4793,28,Female,mc_prob_0.3_FC_0.15_8
29,4910,29,Female,mc_prob_0.3_FC_0.15_8
30,4877,30,Female,mc_prob_0.3_FC_0.15_8
31,4913,31,Female,mc_prob_0.3_FC_0.15_8
32,5045,32,Female,mc_prob_0.3_FC_0.15_8
33,4957,33,Female,mc_prob_0.3_FC_0.15_8
34,4995,34,Female,mc_prob_0.3_FC_0.15_8
35,5057,35,Female,mc_prob_0.3_FC_0.15_8
36,4954,36,Female,mc_prob_0.3_FC_0.15_8
37,4880,37,Female,mc_prob_0.3_FC_0.15_8
38,4938,38,Female,mc_prob_0.3_FC_0.15_8
39,4930,39,Female,mc_prob_0.3_FC_0.15_8
40,4942,40,Female,mc_prob_0.3_FC_0.15_8
41,4961,41,Female,mc_prob_0.3_FC_0.15_8
42,5017,42,Female,mc_prob_0.3_FC_0.15_8
43,4965,43,Female,mc_prob_0.3_FC_0.15_8
44,4943,44,Female,mc_prob_0.3_FC_0.15_8
45,4917,45,Female,mc_prob_0.3_FC_0.15_8
46,4905,46,Female,mc_prob_0.3_FC_0.15_8
47,5015,47,Female,mc_prob_0.3_FC_0.15_8
48,5031,48,Female,mc_prob_0.3_FC_0.15_8
49,5004,49,Female,mc_prob_0.3_FC_0.15_8
50,4894,50,Female,mc_prob_0.3_FC_0.15_8
51,5000,0,Male,mc_prob_0.3_FC_0.15_8
52,4177,1,Male,mc_prob_0.3_FC_0.15_8
53,4080,2,Male,mc_prob_0.3_FC_0.15_8
54,4239,3,Male,mc_prob_0.3_FC_0.15_8
55,4392,4,Male,mc_prob_0.3_FC_0.15_8
56,4398,5,Male,mc_prob_0.3_FC_0.15_8
57,4332,6,Male,mc_prob_0.3_FC_0.15_8
58,4464,7,Male,mc_prob_0.3_FC_0.15_8
59,4417,8,Male,mc_prob_0.3_FC_0.15_8
60,4453,9,Male,mc_prob_0.3_FC_0.15_8
61,4463,10,Male,mc_prob_0.3_FC_0.15_8
62,4453,11,Male,mc_prob_0.3_FC_0.15_8
63,4515,12,Male,mc_prob_0.3_FC_0.15_8
64,4697,13,Male,mc_prob_0.3_FC_0.15_8
65,4775,14,Male,mc_prob_0.3_FC_0.15_8
66,4596,15,Male,mc_prob_0.3_FC_0.15_8
67,4832,16,Male,mc_prob_0.3_FC_0.15_8
68,4848,17,Male,mc_prob_0.3_FC_0.15_8
69,4827,18,Male,mc_prob_0.3_FC_0.15_8
70,4805,19,Male,mc_prob_0.3_FC_0.15_8
71,4653,20,Male,mc_prob_0.3_FC_0.15_8
72,4940,21,Male,mc_prob_0.3_FC_0.15_8
73,4842,22,Male,mc_prob_0.3_FC_0.15_8
74,4969,23,Male,mc_prob_0.3_FC_0.15_8
75,5013,24,Male,mc_prob_0.3_FC_0.15_8
76,4896,25,Male,mc_prob_0.3_FC_0.15_8
77,4897,26,Male,mc_prob_0.3_FC_0.15_8
78,4965,27,Male,mc_prob_0.3_FC_0.15_8
79,4891,28,Male,mc_prob_0.3_FC_0.15_8
80,4995,29,Male,mc_prob_0.3_FC_0.15_8
81,4962,30,Male,mc_prob_0.3_FC_0.15_8
82,4976,31,Male,mc_prob_0.3_FC_0.15_8
83,5067,32,Male,mc_prob_0.3_FC_0.15_8
84,5068,33,Male,mc_prob_0.3_FC_0.15_8
85,5060,34,Male,mc_prob_0.3_FC_0.15_8
86,5147,35,Male,mc_prob_0.3_FC_0.15_8
87,5037,36,Male,mc_prob_0.3_FC_0.15_8
88,5015,37,Male,mc_prob_0.3_FC_0.15_8
89,4991,38,Male,mc_prob_0.3_FC_0.15_8
90,4951,39,Male,mc_prob_0.3_FC_0.15_8
91,4955,40,Male,mc_prob_0.3_FC_0.15_8
92,5052,41,Male,mc_prob_0.3_FC_0.15_8
93,5084,42,Male,mc_prob_0.3_FC_0.15_8
94,4985,43,Male,mc_prob_0.3_FC_0.15_8
95,4973,44,Male,mc_prob_0.3_FC_0.15_8
96,4998,45,Male,mc_prob_0.3_FC_0.15_8
97,5033,46,Male,mc_prob_0.3_FC_0.15_8
98,5117,47,Male,mc_prob_0.3_FC_0.15_8
99,5044,48,Male,mc_prob_0.3_FC_0.15_8
100,5144,49,Male,mc_prob_0.3_FC_0.15_8
101,4966,50,Male,mc_prob_0.3_FC_0.15_8
,Count,Generation,Sex,Run
0,7000,0,Female,mc_prob_0.3_FC_0.15_9
1,4171,1,Female,mc_prob_0.3_FC_0.15_9
2,4126,2,Female,mc_prob_0.3_FC_0.15_9
3,4100,3,Female,mc_prob_0.3_FC_0.15_9
4,4263,4,Female,mc_prob_0.3_FC_0.15_9
5,4352,5,Female,mc_prob_0.3_FC_0.15_9
6,4366,6,Female,mc_prob_0.3_FC_0.15_9
7,4537,7,Female,mc_prob_0.3_FC_0.15_9
8,4498,8,Female,mc_prob_0.3_FC_0.15_9
9,4411,9,Female,mc_prob_0.3_FC_0.15_9
10,4463,10,Female,mc_prob_0.3_FC_0.15_9
11,4407,11,Female,mc_prob_0.3_FC_0.15_9
12,4590,12,Female,mc_prob_0.3_FC_0.15_9
13,4584,13,Female,mc_prob_0.3_FC_0.15_9
14,4612,14,Female,mc_prob_0.3_FC_0.15_9
15,4722,15,Female,mc_prob_0.3_FC_0.15_9
16,4719,16,Female,mc_prob_0.3_FC_0.15_9
17,4680,17,Female,mc_prob_0.3_FC_0.15_9
18,4764,18,Female,mc_prob_0.3_FC_0.15_9
19,4698,19,Female,mc_prob_0.3_FC_0.15_9
20,4748,20,Female,mc_prob_0.3_FC_0.15_9
21,4735,21,Female,mc_prob_0.3_FC_0.15_9
22,4809,22,Female,mc_prob_0.3_FC_0.15_9
23,4814,23,Female,mc_prob_0.3_FC_0.15_9
24,4727,24,Female,mc_prob_0.3_FC_0.15_9
25,4884,25,Female,mc_prob_0.3_FC_0.15_9
26,4952,26,Female,mc_prob_0.3_FC_0.15_9
27,5162,27,Female,mc_prob_0.3_FC_0.15_9
28,5062,28,Female,mc_prob_0.3_FC_0.15_9
29,5018,29,Female,mc_prob_0.3_FC_0.15_9
30,5061,30,Female,mc_prob_0.3_FC_0.15_9
31,4983,31,Female,mc_prob_0.3_FC_0.15_9
32,4908,32,Female,mc_prob_0.3_FC_0.15_9
33,4984,33,Female,mc_prob_0.3_FC_0.15_9
34,4875,34,Female,mc_prob_0.3_FC_0.15_9
35,4980,35,Female,mc_prob_0.3_FC_0.15_9
36,4899,36,Female,mc_prob_0.3_FC_0.15_9
37,4873,37,Female,mc_prob_0.3_FC_0.15_9
38,5053,38,Female,mc_prob_0.3_FC_0.15_9
39,5011,39,Female,mc_prob_0.3_FC_0.15_9
40,4864,40,Female,mc_prob_0.3_FC_0.15_9
41,5030,41,Female,mc_prob_0.3_FC_0.15_9
42,5160,42,Female,mc_prob_0.3_FC_0.15_9
43,5067,43,Female,mc_prob_0.3_FC_0.15_9
44,4976,44,Female,mc_prob_0.3_FC_0.15_9
45,5062,45,Female,mc_prob_0.3_FC_0.15_9
46,4986,46,Female,mc_prob_0.3_FC_0.15_9
47,4886,47,Female,mc_prob_0.3_FC_0.15_9
48,4872,48,Female,mc_prob_0.3_FC_0.15_9
49,4862,49,Female,mc_prob_0.3_FC_0.15_9
50,4786,50,Female,mc_prob_0.3_FC_0.15_9
51,5000,0,Male,mc_prob_0.3_FC_0.15_9
52,4214,1,Male,mc_prob_0.3_FC_0.15_9
53,4236,2,Male,mc_prob_0.3_FC_0.15_9
54,4147,3,Male,mc_prob_0.3_FC_0.15_9
55,4345,4,Male,mc_prob_0.3_FC_0.15_9
56,4380,5,Male,mc_prob_0.3_FC_0.15_9
57,4402,6,Male,mc_prob_0.3_FC_0.15_9
58,4555,7,Male,mc_prob_0.3_FC_0.15_9
59,4651,8,Male,mc_prob_0.3_FC_0.15_9
60,4455,9,Male,mc_prob_0.3_FC_0.15_9
61,4594,10,Male,mc_prob_0.3_FC_0.15_9
62,4558,11,Male,mc_prob_0.3_FC_0.15_9
63,4625,12,Male,mc_prob_0.3_FC_0.15_9
64,4769,13,Male,mc_prob_0.3_FC_0.15_9
65,4695,14,Male,mc_prob_0.3_FC_0.15_9
66,4778,15,Male,mc_prob_0.3_FC_0.15_9
67,4909,16,Male,mc_prob_0.3_FC_0.15_9
68,4744,17,Male,mc_prob_0.3_FC_0.15_9
69,4805,18,Male,mc_prob_0.3_FC_0.15_9
70,4938,19,Male,mc_prob_0.3_FC_0.15_9
71,4852,20,Male,mc_prob_0.3_FC_0.15_9
72,4805,21,Male,mc_prob_0.3_FC_0.15_9
73,4883,22,Male,mc_prob_0.3_FC_0.15_9
74,4893,23,Male,mc_prob_0.3_FC_0.15_9
75,4881,24,Male,mc_prob_0.3_FC_0.15_9
76,4893,25,Male,mc_prob_0.3_FC_0.15_9
77,4994,26,Male,mc_prob_0.3_FC_0.15_9
78,5186,27,Male,mc_prob_0.3_FC_0.15_9
79,5116,28,Male,mc_prob_0.3_FC_0.15_9
80,5056,29,Male,mc_prob_0.3_FC_0.15_9
81,5077,30,Male,mc_prob_0.3_FC_0.15_9
82,5086,31,Male,mc_prob_0.3_FC_0.15_9
83,4973,32,Male,mc_prob_0.3_FC_0.15_9
84,5107,33,Male,mc_prob_0.3_FC_0.15_9
85,4927,34,Male,mc_prob_0.3_FC_0.15_9
86,4980,35,Male,mc_prob_0.3_FC_0.15_9
87,4908,36,Male,mc_prob_0.3_FC_0.15_9
88,4987,37,Male,mc_prob_0.3_FC_0.15_9
89,5065,38,Male,mc_prob_0.3_FC_0.15_9
90,5056,39,Male,mc_prob_0.3_FC_0.15_9
91,4888,40,Male,mc_prob_0.3_FC_0.15_9
92,5052,41,Male,mc_prob_0.3_FC_0.15_9
93,5187,42,Male,mc_prob_0.3_FC_0.15_9
94,5109,43,Male,mc_prob_0.3_FC_0.15_9
95,5091,44,Male,mc_prob_0.3_FC_0.15_9
96,5096,45,Male,mc_prob_0.3_FC_0.15_9
97,5027,46,Male,mc_prob_0.3_FC_0.15_9
98,5122,47,Male,mc_prob_0.3_FC_0.15_9
99,4930,48,Male,mc_prob_0.3_FC_0.15_9
100,4996,49,Male,mc_prob_0.3_FC_0.15_9
101,4894,50,Male,mc_prob_0.3_FC_0.15_9
,Count,Generation,Sex,Run
0,7000,0,Female,mc_prob_0.3_FC_0.15_10
1,4038,1,Female,mc_prob_0.3_FC_0.15_10
2,4086,2,Female,mc_prob_0.3_FC_0.15_10
3,4120,3,Female,mc_prob_0.3_FC_0.15_10
4,4215,4,Female,mc_prob_0.3_FC_0.15_10
5,4327,5,Female,mc_prob_0.3_FC_0.15_10
6,4496,6,Female,mc_prob_0.3_FC_0.15_10
7,4463,7,Female,mc_prob_0.3_FC_0.15_10
8,4378,8,Female,mc_prob_0.3_FC_0.15_10
9,4378,9,Female,mc_prob_0.3_FC_0.15_10
10,4507,10,Female,mc_prob_0.3_FC_0.15_10
11,4626,11,Female,mc_prob_0.3_FC_0.15_10
12,4659,12,Female,mc_prob_0.3_FC_0.15_10
13,4673,13,Female,mc_prob_0.3_FC_0.15_10
14,4566,14,Female,mc_prob_0.3_FC_0.15_10
15,4577,15,Female,mc_prob_0.3_FC_0.15_10
16,4683,16,Female,mc_prob_0.3_FC_0.15_10
17,4702,17,Female,mc_prob_0.3_FC_0.15_10
18,4811,18,Female,mc_prob_0.3_FC_0.15_10
19,4708,19,Female,mc_prob_0.3_FC_0.15_10
20,4984,20,Female,mc_prob_0.3_FC_0.15_10
21,4883,21,Female,mc_prob_0.3_FC_0.15_10
22,4784,22,Female,mc_prob_0.3_FC_0.15_10
23,4835,23,Female,mc_prob_0.3_FC_0.15_10
24,4858,24,Female,mc_prob_0.3_FC_0.15_10
25,4847,25,Female,mc_prob_0.3_FC_0.15_10
26,4875,26,Female,mc_prob_0.3_FC_0.15_10
27,4946,27,Female,mc_prob_0.3_FC_0.15_10
28,4864,28,Female,mc_prob_0.3_FC_0.15_10
29,5104,29,Female,mc_prob_0.3_FC_0.15_10
30,4968,30,Female,mc_prob_0.3_FC_0.15_10
31,4912,31,Female,mc_prob_0.3_FC_0.15_10
32,4924,32,Female,mc_prob_0.3_FC_0.15_10
33,4931,33,Female,mc_prob_0.3_FC_0.15_10
34,4860,34,Female,mc_prob_0.3_FC_0.15_10
35,4952,35,Female,mc_prob_0.3_FC_0.15_10
36,4917,36,Female,mc_prob_0.3_FC_0.15_10
37,4821,37,Female,mc_prob_0.3_FC_0.15_10
38,4828,38,Female,mc_prob_0.3_FC_0.15_10
39,4930,39,Female,mc_prob_0.3_FC_0.15_10
40,4943,40,Female,mc_prob_0.3_FC_0.15_10
41,4848,41,Female,mc_prob_0.3_FC_0.15_10
42,4845,42,Female,mc_prob_0.3_FC_0.15_10
43,5087,43,Female,mc_prob_0.3_FC_0.15_10
44,5000,44,Female,mc_prob_0.3_FC_0.15_10
45,4996,45,Female,mc_prob_0.3_FC_0.15_10
46,5049,46,Female,mc_prob_0.3_FC_0.15_10
47,4885,47,Female,mc_prob_0.3_FC_0.15_10
48,4837,48,Female,mc_prob_0.3_FC_0.15_10
49,4882,49,Female,mc_prob_0.3_FC_0.15_10
50,4913,50,Female,mc_prob_0.3_FC_0.15_10
51,5000,0,Male,mc_prob_0.3_FC_0.15_10
52,4110,1,Male,mc_prob_0.3_FC_0.15_10
53,4120,2,Male,mc_prob_0.3_FC_0.15_10
54,4161,3,Male,mc_prob_0.3_FC_0.15_10
55,4308,4,Male,mc_prob_0.3_FC_0.15_10
56,4339,5,Male,mc_prob_0.3_FC_0.15_10
57,4535,6,Male,mc_prob_0.3_FC_0.15_10
58,4570,7,Male,mc_prob_0.3_FC_0.15_10
59,4523,8,Male,mc_prob_0.3_FC_0.15_10
60,4482,9,Male,mc_prob_0.3_FC_0.15_10
61,4541,10,Male,mc_prob_0.3_FC_0.15_10
62,4654,11,Male,mc_prob_0.3_FC_0.15_10
63,4703,12,Male,mc_prob_0.3_FC_0.15_10
64,4718,13,Male,mc_prob_0.3_FC_0.15_10
65,4740,14,Male,mc_prob_0.3_FC_0.15_10
66,4780,15,Male,mc_prob_0.3_FC_0.15_10
67,4773,16,Male,mc_prob_0.3_FC_0.15_10
68,4787,17,Male,mc_prob_0.3_FC_0.15_10
69,4824,18,Male,mc_prob_0.3_FC_0.15_10
70,4810,19,Male,mc_prob_0.3_FC_0.15_10
71,4985,20,Male,mc_prob_0.3_FC_0.15_10
72,4946,21,Male,mc_prob_0.3_FC_0.15_10
73,4913,22,Male,mc_prob_0.3_FC_0.15_10
74,4951,23,Male,mc_prob_0.3_FC_0.15_10
75,4963,24,Male,mc_prob_0.3_FC_0.15_10
76,4856,25,Male,mc_prob_0.3_FC_0.15_10
77,4881,26,Male,mc_prob_0.3_FC_0.15_10
78,4996,27,Male,mc_prob_0.3_FC_0.15_10
79,4886,28,Male,mc_prob_0.3_FC_0.15_10
80,5166,29,Male,mc_prob_0.3_FC_0.15_10
81,5121,30,Male,mc_prob_0.3_FC_0.15_10
82,4912,31,Male,mc_prob_0.3_FC_0.15_10
83,4929,32,Male,mc_prob_0.3_FC_0.15_10
84,4967,33,Male,mc_prob_0.3_FC_0.15_10
85,5103,34,Male,mc_prob_0.3_FC_0.15_10
86,4963,35,Male,mc_prob_0.3_FC_0.15_10
87,4935,36,Male,mc_prob_0.3_FC_0.15_10
88,4962,37,Male,mc_prob_0.3_FC_0.15_10
89,4883,38,Male,mc_prob_0.3_FC_0.15_10
90,4962,39,Male,mc_prob_0.3_FC_0.15_10
91,5031,40,Male,mc_prob_0.3_FC_0.15_10
92,4891,41,Male,mc_prob_0.3_FC_0.15_10
93,4908,42,Male,mc_prob_0.3_FC_0.15_10
94,5117,43,Male,mc_prob_0.3_FC_0.15_10
95,5022,44,Male,mc_prob_0.3_FC_0.15_10
96,5075,45,Male,mc_prob_0.3_FC_0.15_10
97,5072,46,Male,mc_prob_0.3_FC_0.15_10
98,5019,47,Male,mc_prob_0.3_FC_0.15_10
99,4879,48,Male,mc_prob_0.3_FC_0.15_10
100,4927,49,Male,mc_prob_0.3_FC_0.15_10
101,5045,50,Male,mc_prob_0.3_FC_0.15_10
,Count,Generation,Sex,Run
0,7000,0,Female,mc_prob_0.3_FC_0.2_1
1,4080,1,Female,mc_prob_0.3_FC_0.2_1
2,3965,2,Female,mc_prob_0.3_FC_0.2_1
3,4174,3,Female,mc_prob_0.3_FC_0.2_1
4,4254,4,Female,mc_prob_0.3_FC_0.2_1
5,4278,5,Female,mc_prob_0.3_FC_0.2_1
6,4387,6,Female,mc_prob_0.3_FC_0.2_1
7,4478,7,Female,mc_prob_0.3_FC_0.2_1
8,4560,8,Female,mc_prob_0.3_FC_0.2_1
9,4588,9,Female,mc_prob_0.3_FC_0.2_1
10,4537,10,Female,mc_prob_0.3_FC_0.2_1
11,4681,11,Female,mc_prob_0.3_FC_0.2_1
12,4827,12,Female,mc_prob_0.3_FC_0.2_1
13,4765,13,Female,mc_prob_0.3_FC_0.2_1
14,4879,14,Female,mc_prob_0.3_FC_0.2_1
15,4856,15,Female,mc_prob_0.3_FC_0.2_1
16,4861,16,Female,mc_prob_0.3_FC_0.2_1
17,4887,17,Female,mc_prob_0.3_FC_0.2_1
18,4777,18,Female,mc_prob_0.3_FC_0.2_1
19,4858,19,Female,mc_prob_0.3_FC_0.2_1
20,4972,20,Female,mc_prob_0.3_FC_0.2_1
21,4972,21,Female,mc_prob_0.3_FC_0.2_1
22,4833,22,Female,mc_prob_0.3_FC_0.2_1
23,4945,23,Female,mc_prob_0.3_FC_0.2_1
24,4835,24,Female,mc_prob_0.3_FC_0.2_1
25,4810,25,Female,mc_prob_0.3_FC_0.2_1
26,4961,26,Female,mc_prob_0.3_FC_0.2_1
27,5004,27,Female,mc_prob_0.3_FC_0.2_1
28,4907,28,Female,mc_prob_0.3_FC_0.2_1
29,4938,29,Female,mc_prob_0.3_FC_0.2_1
30,4909,30,Female,mc_prob_0.3_FC_0.2_1
31,4970,31,Female,mc_prob_0.3_FC_0.2_1
32,5018,32,Female,mc_prob_0.3_FC_0.2_1
33,4852,33,Female,mc_prob_0.3_FC_0.2_1
34,4961,34,Female,mc_prob_0.3_FC_0.2_1
35,5075,35,Female,mc_prob_0.3_FC_0.2_1
36,5053,36,Female,mc_prob_0.3_FC_0.2_1
37,4937,37,Female,mc_prob_0.3_FC_0.2_1
38,4867,38,Female,mc_prob_0.3_FC_0.2_1
39,4768,39,Female,mc_prob_0.3_FC_0.2_1
40,4894,40,Female,mc_prob_0.3_FC_0.2_1
41,4988,41,Female,mc_prob_0.3_FC_0.2_1
42,5101,42,Female,mc_prob_0.3_FC_0.2_1
43,5083,43,Female,mc_prob_0.3_FC_0.2_1
44,4943,44,Female,mc_prob_0.3_FC_0.2_1
45,5000,45,Female,mc_prob_0.3_FC_0.2_1
46,4834,46,Female,mc_prob_0.3_FC_0.2_1
47,4884,47,Female,mc_prob_0.3_FC_0.2_1
48,4976,48,Female,mc_prob_0.3_FC_0.2_1
49,4948,49,Female,mc_prob_0.3_FC_0.2_1
50,5016,50,Female,mc_prob_0.3_FC_0.2_1
51,5000,0,Male,mc_prob_0.3_FC_0.2_1
52,4162,1,Male,mc_prob_0.3_FC_0.2_1
53,4097,2,Male,mc_prob_0.3_FC_0.2_1
54,4210,3,Male,mc_prob_0.3_FC_0.2_1
55,4382,4,Male,mc_prob_0.3_FC_0.2_1
56,4340,5,Male,mc_prob_0.3_FC_0.2_1
57,4493,6,Male,mc_prob_0.3_FC_0.2_1
58,4514,7,Male,mc_prob_0.3_FC_0.2_1
59,4571,8,Male,mc_prob_0.3_FC_0.2_1
60,4682,9,Male,mc_prob_0.3_FC_0.2_1
61,4626,10,Male,mc_prob_0.3_FC_0.2_1
62,4774,11,Male,mc_prob_0.3_FC_0.2_1
63,4845,12,Male,mc_prob_0.3_FC_0.2_1
64,4877,13,Male,mc_prob_0.3_FC_0.2_1
65,5014,14,Male,mc_prob_0.3_FC_0.2_1
66,4889,15,Male,mc_prob_0.3_FC_0.2_1
67,4898,16,Male,mc_prob_0.3_FC_0.2_1
68,5035,17,Male,mc_prob_0.3_FC_0.2_1
69,4880,18,Male,mc_prob_0.3_FC_0.2_1
70,4884,19,Male,mc_prob_0.3_FC_0.2_1
71,5030,20,Male,mc_prob_0.3_FC_0.2_1
72,5091,21,Male,mc_prob_0.3_FC_0.2_1
73,5027,22,Male,mc_prob_0.3_FC_0.2_1
74,4976,23,Male,mc_prob_0.3_FC_0.2_1
75,5007,24,Male,mc_prob_0.3_FC_0.2_1
76,4840,25,Male,mc_prob_0.3_FC_0.2_1
77,5016,26,Male,mc_prob_0.3_FC_0.2_1
78,5009,27,Male,mc_prob_0.3_FC_0.2_1
79,5045,28,Male,mc_prob_0.3_FC_0.2_1
80,4973,29,Male,mc_prob_0.3_FC_0.2_1
81,4953,30,Male,mc_prob_0.3_FC_0.2_1
82,4981,31,Male,mc_prob_0.3_FC_0.2_1
83,5161,32,Male,mc_prob_0.3_FC_0.2_1
84,4971,33,Male,mc_prob_0.3_FC_0.2_1
85,4985,34,Male,mc_prob_0.3_FC_0.2_1
86,5077,35,Male,mc_prob_0.3_FC_0.2_1
87,5114,36,Male,mc_prob_0.3_FC_0.2_1
88,4971,37,Male,mc_prob_0.3_FC_0.2_1
89,5139,38,Male,mc_prob_0.3_FC_0.2_1
90,4869,39,Male,mc_prob_0.3_FC_0.2_1
91,4959,40,Male,mc_prob_0.3_FC_0.2_1
92,5047,41,Male,mc_prob_0.3_FC_0.2_1
93,5163,42,Male,mc_prob_0.3_FC_0.2_1
94,5136,43,Male,mc_prob_0.3_FC_0.2_1
95,5164,44,Male,mc_prob_0.3_FC_0.2_1
96,5001,45,Male,mc_prob_0.3_FC_0.2_1
97,5055,46,Male,mc_prob_0.3_FC_0.2_1
98,5007,47,Male,mc_prob_0.3_FC_0.2_1
99,5033,48,Male,mc_prob_0.3_FC_0.2_1
100,5101,49,Male,mc_prob_0.3_FC_0.2_1
101,5033,50,Male,mc_prob_0.3_FC_0.2_1
,Count,Generation,Sex,Run
0,7000,0,Female,mc_prob_0.3_FC_0.2_2
1,3999,1,Female,mc_prob_0.3_FC_0.2_2
2,4109,2,Female,mc_prob_0.3_FC_0.2_2
3,4210,3,Female,mc_prob_0.3_FC_0.2_2
4,4350,4,Female,mc_prob_0.3_FC_0.2_2
5,4412,5,Female,mc_prob_0.3_FC_0.2_2
6,4454,6,Female,mc_prob_0.3_FC_0.2_2
7,4636,7,Female,mc_prob_0.3_FC_0.2_2
8,4660,8,Female,mc_prob_0.3_FC_0.2_2
9,4690,9,Female,mc_prob_0.3_FC_0.2_2
10,4761,10,Female,mc_prob_0.3_FC_0.2_2
11,4803,11,Female,mc_prob_0.3_FC_0.2_2
12,4773,12,Female,mc_prob_0.3_FC_0.2_2
13,4748,13,Female,mc_prob_0.3_FC_0.2_2
14,4891,14,Female,mc_prob_0.3_FC_0.2_2
15,4835,15,Female,mc_prob_0.3_FC_0.2_2
16,4788,16,Female,mc_prob_0.3_FC_0.2_2
17,4824,17,Female,mc_prob_0.3_FC_0.2_2
18,4822,18,Female,mc_prob_0.3_FC_0.2_2
19,4941,19,Female,mc_prob_0.3_FC_0.2_2
20,4827,20,Female,mc_prob_0.3_FC_0.2_2
21,4827,21,Female,mc_prob_0.3_FC_0.2_2
22,4908,22,Female,mc_prob_0.3_FC_0.2_2
23,4983,23,Female,mc_prob_0.3_FC_0.2_2
24,4977,24,Female,mc_prob_0.3_FC_0.2_2
25,5007,25,Female,mc_prob_0.3_FC_0.2_2
26,4851,26,Female,mc_prob_0.3_FC_0.2_2
27,4872,27,Female,mc_prob_0.3_FC_0.2_2
28,4908,28,Female,mc_prob_0.3_FC_0.2_2
29,4955,29,Female,mc_prob_0.3_FC_0.2_2
30,4817,30,Female,mc_prob_0.3_FC_0.2_2
31,4946,31,Female,mc_prob_0.3_FC_0.2_2
32,5067,32,Female,mc_prob_0.3_FC_0.2_2
33,5029,33,Female,mc_prob_0.3_FC_0.2_2
34,4926,34,Female,mc_prob_0.3_FC_0.2_2
35,4952,35,Female,mc_prob_0.3_FC_0.2_2
36,5003,36,Female,mc_prob_0.3_FC_0.2_2
37,5022,37,Female,mc_prob_0.3_FC_0.2_2
38,4990,38,Female,mc_prob_0.3_FC_0.2_2
39,4995,39,Female,mc_prob_0.3_FC_0.2_2
40,4909,40,Female,mc_prob_0.3_FC_0.2_2
41,4825,41,Female,mc_prob_0.3_FC_0.2_2
42,4827,42,Female,mc_prob_0.3_FC_0.2_2
43,4918,43,Female,mc_prob_0.3_FC_0.2_2
44,4850,44,Female,mc_prob_0.3_FC_0.2_2
45,4936,45,Female,mc_prob_0.3_FC_0.2_2
46,5005,46,Female,mc_prob_0.3_FC_0.2_2
47,4993,47,Female,mc_prob_0.3_FC_0.2_2
48,5022,48,Female,mc_prob_0.3_FC_0.2_2
49,5085,49,Female,mc_prob_0.3_FC_0.2_2
50,4872,50,Female,mc_prob_0.3_FC_0.2_2
51,5000,0,Male,mc_prob_0.3_FC_0.2_2
52,4055,1,Male,mc_prob_0.3_FC_0.2_2
53,4252,2,Male,mc_prob_0.3_FC_0.2_2
54,4248,3,Male,mc_prob_0.3_FC_0.2_2
55,4359,4,Male,mc_prob_0.3_FC_0.2_2
56,4438,5,Male,mc_prob_0.3_FC_0.2_2
57,4525,6,Male,mc_prob_0.3_FC_0.2_2
58,4760,7,Male,mc_prob_0.3_FC_0.2_2
59,4663,8,Male,mc_prob_0.3_FC_0.2_2
60,4775,9,Male,mc_prob_0.3_FC_0.2_2
61,4786,10,Male,mc_prob_0.3_FC_0.2_2
62,4892,11,Male,mc_prob_0.3_FC_0.2_2
63,4776,12,Male,mc_prob_0.3_FC_0.2_2
64,4791,13,Male,mc_prob_0.3_FC_0.2_2
65,4898,14,Male,mc_prob_0.3_FC_0.2_2
66,4918,15,Male,mc_prob_0.3_FC_0.2_2
67,4865,16,Male,mc_prob_0.3_FC_0.2_2
68,4954,17,Male,mc_prob_0.3_FC_0.2_2
69,4867,18,Male,mc_prob_0.3_FC_0.2_2
70,4967,19,Male,mc_prob_0.3_FC_0.2_2
71,4969,20,Male,mc_prob_0.3_FC_0.2_2
72,4857,21,Male,mc_prob_0.3_FC_0.2_2
73,4962,22,Male,mc_prob_0.3_FC_0.2_2
74,4984,23,Male,mc_prob_0.3_FC_0.2_2
75,4992,24,Male,mc_prob_0.3_FC_0.2_2
76,5034,25,Male,mc_prob_0.3_FC_0.2_2
77,4936,26,Male,mc_prob_0.3_FC_0.2_2
78,4901,27,Male,mc_prob_0.3_FC_0.2_2
79,4936,28,Male,mc_prob_0.3_FC_0.2_2
80,4989,29,Male,mc_prob_0.3_FC_0.2_2
81,4959,30,Male,mc_prob_0.3_FC_0.2_2
82,4978,31,Male,mc_prob_0.3_FC_0.2_2
83,5084,32,Male,mc_prob_0.3_FC_0.2_2
84,5112,33,Male,mc_prob_0.3_FC_0.2_2
85,4984,34,Male,mc_prob_0.3_FC_0.2_2
86,5043,35,Male,mc_prob_0.3_FC_0.2_2
87,5017,36,Male,mc_prob_0.3_FC_0.2_2
88,5080,37,Male,mc_prob_0.3_FC_0.2_2
89,5035,38,Male,mc_prob_0.3_FC_0.2_2
90,4997,39,Male,mc_prob_0.3_FC_0.2_2
91,5117,40,Male,mc_prob_0.3_FC_0.2_2
92,5000,41,Male,mc_prob_0.3_FC_0.2_2
93,4987,42,Male,mc_prob_0.3_FC_0.2_2
94,4931,43,Male,mc_prob_0.3_FC_0.2_2
95,4970,44,Male,mc_prob_0.3_FC_0.2_2
96,4998,45,Male,mc_prob_0.3_FC_0.2_2
97,5037,46,Male,mc_prob_0.3_FC_0.2_2
98,5024,47,Male,mc_prob_0.3_FC_0.2_2
99,5038,48,Male,mc_prob_0.3_FC_0.2_2
100,5091,49,Male,mc_prob_0.3_FC_0.2_2
101,5021,50,Male,mc_prob_0.3_FC_0.2_2
,Count,Generation,Sex,Run
0,7000,0,Female,mc_prob_0.3_FC_0.2_3
1,4015,1,Female,mc_prob_0.3_FC_0.2_3
2,4040,2,Female,mc_prob_0.3_FC_0.2_3
3,4386,3,Female,mc_prob_0.3_FC_0.2_3
4,4281,4,Female,mc_prob_0.3_FC_0.2_3
5,4414,5,Female,mc_prob_0.3_FC_0.2_3
6,4472,6,Female,mc_prob_0.3_FC_0.2_3
7,4474,7,Female,mc_prob_0.3_FC_0.2_3
8,4598,8,Female,mc_prob_0.3_FC_0.2_3
9,4584,9,Female,mc_prob_0.3_FC_0.2_3
10,4553,10,Female,mc_prob_0.3_FC_0.2_3
11,4603,11,Female,mc_prob_0.3_FC_0.2_3
12,4670,12,Female,mc_prob_0.3_FC_0.2_3
13,4746,13,Female,mc_prob_0.3_FC_0.2_3
14,4843,14,Female,mc_prob_0.3_FC_0.2_3
15,4942,15,Female,mc_prob_0.3_FC_0.2_3
16,4990,16,Female,mc_prob_0.3_FC_0.2_3
17,4815,17,Female,mc_prob_0.3_FC_0.2_3
18,4836,18,Female,mc_prob_0.3_FC_0.2_3
19,4787,19,Female,mc_prob_0.3_FC_0.2_3
20,4832,20,Female,mc_prob_0.3_FC_0.2_3
21,4957,21,Female,mc_prob_0.3_FC_0.2_3
22,4925,22,Female,mc_prob_0.3_FC_0.2_3
23,4970,23,Female,mc_prob_0.3_FC_0.2_3
24,4922,24,Female,mc_prob_0.3_FC_0.2_3
25,4961,25,Female,mc_prob_0.3_FC_0.2_3
26,5124,26,Female,mc_prob_0.3_FC_0.2_3
27,5027,27,Female,mc_prob_0.3_FC_0.2_3
28,4927,28,Female,mc_prob_0.3_FC_0.2_3
29,5052,29,Female,mc_prob_0.3_FC_0.2_3
30,4958,30,Female,mc_prob_0.3_FC_0.2_3
31,4999,31,Female,mc_prob_0.3_FC_0.2_3
32,4966,32,Female,mc_prob_0.3_FC_0.2_3
33,4841,33,Female,mc_prob_0.3_FC_0.2_3
34,4914,34,Female,mc_prob_0.3_FC_0.2_3
35,4847,35,Female,mc_prob_0.3_FC_0.2_3
36,4881,36,Female,mc_prob_0.3_FC_0.2_3
37,4748,37,Female,mc_prob_0.3_FC_0.2_3
38,4898,38,Female,mc_prob_0.3_FC_0.2_3
39,4938,39,Female,mc_prob_0.3_FC_0.2_3
40,4924,40,Female,mc_prob_0.3_FC_0.2_3
41,5137,41,Female,mc_prob_0.3_FC_0.2_3
42,5105,42,Female,mc_prob_0.3_FC_0.2_3
43,4917,43,Female,mc_prob_0.3_FC_0.2_3
44,4860,44,Female,mc_prob_0.3_FC_0.2_3
45,4867,45,Female,mc_prob_0.3_FC_0.2_3
46,4935,46,Female,mc_prob_0.3_FC_0.2_3
47,4965,47,Female,mc_prob_0.3_FC_0.2_3
48,4947,48,Female,mc_prob_0.3_FC_0.2_3
49,4926,49,Female,mc_prob_0.3_FC_0.2_3
50,5021,50,Female,mc_prob_0.3_FC_0.2_3
51,5000,0,Male,mc_prob_0.3_FC_0.2_3
52,4027,1,Male,mc_prob_0.3_FC_0.2_3
53,4133,2,Male,mc_prob_0.3_FC_0.2_3
54,4417,3,Male,mc_prob_0.3_FC_0.2_3
55,4284,4,Male,mc_prob_0.3_FC_0.2_3
56,4487,5,Male,mc_prob_0.3_FC_0.2_3
57,4524,6,Male,mc_prob_0.3_FC_0.2_3
58,4522,7,Male,mc_prob_0.3_FC_0.2_3
59,4602,8,Male,mc_prob_0.3_FC_0.2_3
60,4798,9,Male,mc_prob_0.3_FC_0.2_3
61,4779,10,Male,mc_prob_0.3_FC_0.2_3
62,4747,11,Male,mc_prob_0.3_FC_0.2_3
63,4775,12,Male,mc_prob_0.3_FC_0.2_3
64,4820,13,Male,mc_prob_0.3_FC_0.2_3
65,4864,14,Male,mc_prob_0.3_FC_0.2_3
66,4999,15,Male,mc_prob_0.3_FC_0.2_3
67,4990,16,Male,mc_prob_0.3_FC_0.2_3
68,5013,17,Male,mc_prob_0.3_FC_0.2_3
69,4948,18,Male,mc_prob_0.3_FC_0.2_3
70,4963,19,Male,mc_prob_0.3_FC_0.2_3
71,4844,20,Male,mc_prob_0.3_FC_0.2_3
72,5020,21,Male,mc_prob_0.3_FC_0.2_3
73,4983,22,Male,mc_prob_0.3_FC_0.2_3
74,5104,23,Male,mc_prob_0.3_FC_0.2_3
75,4947,24,Male,mc_prob_0.3_FC_0.2_3
76,4991,25,Male,mc_prob_0.3_FC_0.2_3
77,5142,26,Male,mc_prob_0.3_FC_0.2_3
78,5124,27,Male,mc_prob_0.3_FC_0.2_3
79,4969,28,Male,mc_prob_0.3_FC_0.2_3
80,5074,29,Male,mc_prob_0.3_FC_0.2_3
81,4989,30,Male,mc_prob_0.3_FC_0.2_3
82,5042,31,Male,mc_prob_0.3_FC_0.2_3
83,5027,32,Male,mc_prob_0.3_FC_0.2_3
84,4966,33,Male,mc_prob_0.3_FC_0.2_3
85,4987,34,Male,mc_prob_0.3_FC_0.2_3
86,4921,35,Male,mc_prob_0.3_FC_0.2_3
87,5089,36,Male,mc_prob_0.3_FC_0.2_3
88,5059,37,Male,mc_prob_0.3_FC_0.2_3
89,4903,38,Male,mc_prob_0.3_FC_0.2_3
90,5076,39,Male,mc_prob_0.3_FC_0.2_3
91,4940,40,Male,mc_prob_0.3_FC_0.2_3
92,5142,41,Male,mc_prob_0.3_FC_0.2_3
93,5106,42,Male,mc_prob_0.3_FC_0.2_3
94,5042,43,Male,mc_prob_0.3_FC_0.2_3
95,5118,44,Male,mc_prob_0.3_FC_0.2_3
96,4904,45,Male,mc_prob_0.3_FC_0.2_3
97,4959,46,Male,mc_prob_0.3_FC_0.2_3
98,5071,47,Male,mc_prob_0.3_FC_0.2_3
99,4963,48,Male,mc_prob_0.3_FC_0.2_3
100,4971,49,Male,mc_prob_0.3_FC_0.2_3
101,5039,50,Male,mc_prob_0.3_FC_0.2_3
,Count,Generation,Sex,Run
0,7000,0,Female,mc_prob_0.3_FC_0.2_4
1,4026,1,Female,mc_prob_0.3_FC_0.2_4
2,4095,2,Female,mc_prob_0.3_FC_0.2_4
3,4119,3,Female,mc_prob_0.3_FC_0.2_4
4,4204,4,Female,mc_prob_0.3_FC_0.2_4
5,4277,5,Female,mc_prob_0.3_FC_0.2_4
6,4208,6,Female,mc_prob_0.3_FC_0.2_4
7,4400,7,Female,mc_prob_0.3_FC_0.2_4
8,4438,8,Female,mc_prob_0.3_FC_0.2_4
9,4633,9,Female,mc_prob_0.3_FC_0.2_4
10,4696,10,Female,mc_prob_0.3_FC_0.2_4
11,4717,11,Female,mc_prob_0.3_FC_0.2_4
12,4811,12,Female,mc_prob_0.3_FC_0.2_4
13,4808,13,Female,mc_prob_0.3_FC_0.2_4
14,4868,14,Female,mc_prob_0.3_FC_0.2_4
15,4893,15,Female,mc_prob_0.3_FC_0.2_4
16,4817,16,Female,mc_prob_0.3_FC_0.2_4
17,4825,17,Female,mc_prob_0.3_FC_0.2_4
18,4907,18,Female,mc_prob_0.3_FC_0.2_4
19,4898,19,Female,mc_prob_0.3_FC_0.2_4
20,4889,20,Female,mc_prob_0.3_FC_0.2_4
21,4879,21,Female,mc_prob_0.3_FC_0.2_4
22,4921,22,Female,mc_prob_0.3_FC_0.2_4
23,5055,23,Female,mc_prob_0.3_FC_0.2_4
24,4995,24,Female,mc_prob_0.3_FC_0.2_4
25,4936,25,Female,mc_prob_0.3_FC_0.2_4
26,4892,26,Female,mc_prob_0.3_FC_0.2_4
27,4924,27,Female,mc_prob_0.3_FC_0.2_4
28,5056,28,Female,mc_prob_0.3_FC_0.2_4
29,4822,29,Female,mc_prob_0.3_FC_0.2_4
30,4792,30,Female,mc_prob_0.3_FC_0.2_4
31,4819,31,Female,mc_prob_0.3_FC_0.2_4
32,4954,32,Female,mc_prob_0.3_FC_0.2_4
33,5014,33,Female,mc_prob_0.3_FC_0.2_4
34,5015,34,Female,mc_prob_0.3_FC_0.2_4
35,5006,35,Female,mc_prob_0.3_FC_0.2_4
36,5086,36,Female,mc_prob_0.3_FC_0.2_4
37,5020,37,Female,mc_prob_0.3_FC_0.2_4
38,5058,38,Female,mc_prob_0.3_FC_0.2_4
39,5047,39,Female,mc_prob_0.3_FC_0.2_4
40,4968,40,Female,mc_prob_0.3_FC_0.2_4
41,5042,41,Female,mc_prob_0.3_FC_0.2_4
42,5024,42,Female,mc_prob_0.3_FC_0.2_4
43,5074,43,Female,mc_prob_0.3_FC_0.2_4
44,4924,44,Female,mc_prob_0.3_FC_0.2_4
45,4848,45,Female,mc_prob_0.3_FC_0.2_4
46,4867,46,Female,mc_prob_0.3_FC_0.2_4
47,4964,47,Female,mc_prob_0.3_FC_0.2_4
48,4931,48,Female,mc_prob_0.3_FC_0.2_4
49,4896,49,Female,mc_prob_0.3_FC_0.2_4
50,5006,50,Female,mc_prob_0.3_FC_0.2_4
51,5000,0,Male,mc_prob_0.3_FC_0.2_4
52,4089,1,Male,mc_prob_0.3_FC_0.2_4
53,4100,2,Male,mc_prob_0.3_FC_0.2_4
54,4296,3,Male,mc_prob_0.3_FC_0.2_4
55,4242,4,Male,mc_prob_0.3_FC_0.2_4
56,4372,5,Male,mc_prob_0.3_FC_0.2_4
57,4399,6,Male,mc_prob_0.3_FC_0.2_4
58,4416,7,Male,mc_prob_0.3_FC_0.2_4
59,4564,8,Male,mc_prob_0.3_FC_0.2_4
60,4678,9,Male,mc_prob_0.3_FC_0.2_4
61,4722,10,Male,mc_prob_0.3_FC_0.2_4
62,4762,11,Male,mc_prob_0.3_FC_0.2_4
63,4827,12,Male,mc_prob_0.3_FC_0.2_4
64,4855,13,Male,mc_prob_0.3_FC_0.2_4
65,4877,14,Male,mc_prob_0.3_FC_0.2_4
66,4916,15,Male,mc_prob_0.3_FC_0.2_4
67,4974,16,Male,mc_prob_0.3_FC_0.2_4
68,4854,17,Male,mc_prob_0.3_FC_0.2_4
69,5016,18,Male,mc_prob_0.3_FC_0.2_4
70,4963,19,Male,mc_prob_0.3_FC_0.2_4
71,5021,20,Male,mc_prob_0.3_FC_0.2_4
72,4945,21,Male,mc_prob_0.3_FC_0.2_4
73,4947,22,Male,mc_prob_0.3_FC_0.2_4
74,5057,23,Male,mc_prob_0.3_FC_0.2_4
75,5047,24,Male,mc_prob_0.3_FC_0.2_4
76,4999,25,Male,mc_prob_0.3_FC_0.2_4
77,4988,26,Male,mc_prob_0.3_FC_0.2_4
78,4931,27,Male,mc_prob_0.3_FC_0.2_4
79,5102,28,Male,mc_prob_0.3_FC_0.2_4
80,4936,29,Male,mc_prob_0.3_FC_0.2_4
81,4986,30,Male,mc_prob_0.3_FC_0.2_4
82,4827,31,Male,mc_prob_0.3_FC_0.2_4
83,5050,32,Male,mc_prob_0.3_FC_0.2_4
84,5060,33,Male,mc_prob_0.3_FC_0.2_4
85,5051,34,Male,mc_prob_0.3_FC_0.2_4
86,5055,35,Male,mc_prob_0.3_FC_0.2_4
87,5105,36,Male,mc_prob_0.3_FC_0.2_4
88,5113,37,Male,mc_prob_0.3_FC_0.2_4
89,5076,38,Male,mc_prob_0.3_FC_0.2_4
90,5086,39,Male,mc_prob_0.3_FC_0.2_4
91,4991,40,Male,mc_prob_0.3_FC_0.2_4
92,5070,41,Male,mc_prob_0.3_FC_0.2_4
93,5104,42,Male,mc_prob_0.3_FC_0.2_4
94,5081,43,Male,mc_prob_0.3_FC_0.2_4
95,4948,44,Male,mc_prob_0.3_FC_0.2_4
96,5065,45,Male,mc_prob_0.3_FC_0.2_4
97,4917,46,Male,mc_prob_0.3_FC_0.2_4
98,4973,47,Male,mc_prob_0.3_FC_0.2_4
99,5131,48,Male,mc_prob_0.3_FC_0.2_4
100,4912,49,Male,mc_prob_0.3_FC_0.2_4
101,5025,50,Male,mc_prob_0.3_FC_0.2_4
,Count,Generation,Sex,Run
0,7000,0,Female,mc_prob_0.3_FC_0.2_5
1,4125,1,Female,mc_prob_0.3_FC_0.2_5
2,4210,2,Female,mc_prob_0.3_FC_0.2_5
3,4176,3,Female,mc_prob_0.3_FC_0.2_5
4,4278,4,Female,mc_prob_0.3_FC_0.2_5
5,4383,5,Female,mc_prob_0.3_FC_0.2_5
6,4374,6,Female,mc_prob_0.3_FC_0.2_5
7,4508,7,Female,mc_prob_0.3_FC_0.2_5
8,4618,8,Female,mc_prob_0.3_FC_0.2_5
9,4565,9,Female,mc_prob_0.3_FC_0.2_5
10,4589,10,Female,mc_prob_0.3_FC_0.2_5
11,4767,11,Female,mc_prob_0.3_FC_0.2_5
12,4614,12,Female,mc_prob_0.3_FC_0.2_5
13,4687,13,Female,mc_prob_0.3_FC_0.2_5
14,4631,14,Female,mc_prob_0.3_FC_0.2_5
15,4720,15,Female,mc_prob_0.3_FC_0.2_5
16,4839,16,Female,mc_prob_0.3_FC_0.2_5
17,4891,17,Female,mc_prob_0.3_FC_0.2_5
18,5095,18,Female,mc_prob_0.3_FC_0.2_5
19,4958,19,Female,mc_prob_0.3_FC_0.2_5
20,4951,20,Female,mc_prob_0.3_FC_0.2_5
21,4930,21,Female,mc_prob_0.3_FC_0.2_5
22,4833,22,Female,mc_prob_0.3_FC_0.2_5
23,4797,23,Female,mc_prob_0.3_FC_0.2_5
24,4879,24,Female,mc_prob_0.3_FC_0.2_5
25,4799,25,Female,mc_prob_0.3_FC_0.2_5
26,4835,26,Female,mc_prob_0.3_FC_0.2_5
27,4895,27,Female,mc_prob_0.3_FC_0.2_5
28,4847,28,Female,mc_prob_0.3_FC_0.2_5
29,4902,29,Female,mc_prob_0.3_FC_0.2_5
30,4912,30,Female,mc_prob_0.3_FC_0.2_5
31,4870,31,Female,mc_prob_0.3_FC_0.2_5
32,5042,32,Female,mc_prob_0.3_FC_0.2_5
33,5041,33,Female,mc_prob_0.3_FC_0.2_5
34,4862,34,Female,mc_prob_0.3_FC_0.2_5
35,4971,35,Female,mc_prob_0.3_FC_0.2_5
36,5030,36,Female,mc_prob_0.3_FC_0.2_5
37,4963,37,Female,mc_prob_0.3_FC_0.2_5
38,4974,38,Female,mc_prob_0.3_FC_0.2_5
39,4824,39,Female,mc_prob_0.3_FC_0.2_5
40,4981,40,Female,mc_prob_0.3_FC_0.2_5
41,5014,41,Female,mc_prob_0.3_FC_0.2_5
42,4916,42,Female,mc_prob_0.3_FC_0.2_5
43,4886,43,Female,mc_prob_0.3_FC_0.2_5
44,5115,44,Female,mc_prob_0.3_FC_0.2_5
45,5097,45,Female,mc_prob_0.3_FC_0.2_5
46,4921,46,Female,mc_prob_0.3_FC_0.2_5
47,4973,47,Female,mc_prob_0.3_FC_0.2_5
48,4966,48,Female,mc_prob_0.3_FC_0.2_5
49,5018,49,Female,mc_prob_0.3_FC_0.2_5
50,5075,50,Female,mc_prob_0.3_FC_0.2_5
51,5000,0,Male,mc_prob_0.3_FC_0.2_5
52,4137,1,Male,mc_prob_0.3_FC_0.2_5
53,4256,2,Male,mc_prob_0.3_FC_0.2_5
54,4244,3,Male,mc_prob_0.3_FC_0.2_5
55,4283,4,Male,mc_prob_0.3_FC_0.2_5
56,4385,5,Male,mc_prob_0.3_FC_0.2_5
57,4514,6,Male,mc_prob_0.3_FC_0.2_5
58,4529,7,Male,mc_prob_0.3_FC_0.2_5
59,4624,8,Male,mc_prob_0.3_FC_0.2_5
60,4604,9,Male,mc_prob_0.3_FC_0.2_5
61,4610,10,Male,mc_prob_0.3_FC_0.2_5
62,4780,11,Male,mc_prob_0.3_FC_0.2_5
63,4717,12,Male,mc_prob_0.3_FC_0.2_5
64,4780,13,Male,mc_prob_0.3_FC_0.2_5
65,4841,14,Male,mc_prob_0.3_FC_0.2_5
66,4733,15,Male,mc_prob_0.3_FC_0.2_5
67,4843,16,Male,mc_prob_0.3_FC_0.2_5
68,4962,17,Male,mc_prob_0.3_FC_0.2_5
69,5100,18,Male,mc_prob_0.3_FC_0.2_5
70,5045,19,Male,mc_prob_0.3_FC_0.2_5
71,4998,20,Male,mc_prob_0.3_FC_0.2_5
72,5013,21,Male,mc_prob_0.3_FC_0.2_5
73,4939,22,Male,mc_prob_0.3_FC_0.2_5
74,4867,23,Male,mc_prob_0.3_FC_0.2_5
75,5092,24,Male,mc_prob_0.3_FC_0.2_5
76,4887,25,Male,mc_prob_0.3_FC_0.2_5
77,4871,26,Male,mc_prob_0.3_FC_0.2_5
78,5011,27,Male,mc_prob_0.3_FC_0.2_5
79,4877,28,Male,mc_prob_0.3_FC_0.2_5
80,4933,29,Male,mc_prob_0.3_FC_0.2_5
81,4924,30,Male,mc_prob_0.3_FC_0.2_5
82,4870,31,Male,mc_prob_0.3_FC_0.2_5
83,5069,32,Male,mc_prob_0.3_FC_0.2_5
84,5112,33,Male,mc_prob_0.3_FC_0.2_5
85,4884,34,Male,mc_prob_0.3_FC_0.2_5
86,4987,35,Male,mc_prob_0.3_FC_0.2_5
87,5120,36,Male,mc_prob_0.3_FC_0.2_5
88,5023,37,Male,mc_prob_0.3_FC_0.2_5
89,5030,38,Male,mc_prob_0.3_FC_0.2_5
90,4864,39,Male,mc_prob_0.3_FC_0.2_5
91,4982,40,Male,mc_prob_0.3_FC_0.2_5
92,5076,41,Male,mc_prob_0.3_FC_0.2_5
93,5060,42,Male,mc_prob_0.3_FC_0.2_5
94,4970,43,Male,mc_prob_0.3_FC_0.2_5
95,5178,44,Male,mc_prob_0.3_FC_0.2_5
96,5145,45,Male,mc_prob_0.3_FC_0.2_5
97,5080,46,Male,mc_prob_0.3_FC_0.2_5
98,5013,47,Male,mc_prob_0.3_FC_0.2_5
99,5074,48,Male,mc_prob_0.3_FC_0.2_5
100,5026,49,Male,mc_prob_0.3_FC_0.2_5
101,5076,50,Male,mc_prob_0.3_FC_0.2_5
,Count,Generation,Sex,Run
0,7000,0,Female,mc_prob_0.3_FC_0.2_6
1,4030,1,Female,mc_prob_0.3_FC_0.2_6
2,4079,2,Female,mc_prob_0.3_FC_0.2_6
3,4233,3,Female,mc_prob_0.3_FC_0.2_6
4,4336,4,Female,mc_prob_0.3_FC_0.2_6
5,4288,5,Female,mc_prob_0.3_FC_0.2_6
6,4406,6,Female,mc_prob_0.3_FC_0.2_6
7,4270,7,Female,mc_prob_0.3_FC_0.2_6
8,4437,8,Female,mc_prob_0.3_FC_0.2_6
9,4619,9,Female,mc_prob_0.3_FC_0.2_6
10,4679,10,Female,mc_prob_0.3_FC_0.2_6
11,4729,11,Female,mc_prob_0.3_FC_0.2_6
12,4616,12,Female,mc_prob_0.3_FC_0.2_6
13,4663,13,Female,mc_prob_0.3_FC_0.2_6
14,4833,14,Female,mc_prob_0.3_FC_0.2_6
15,4790,15,Female,mc_prob_0.3_FC_0.2_6
16,4817,16,Female,mc_prob_0.3_FC_0.2_6
17,4808,17,Female,mc_prob_0.3_FC_0.2_6
18,4852,18,Female,mc_prob_0.3_FC_0.2_6
19,4944,19,Female,mc_prob_0.3_FC_0.2_6
20,4970,20,Female,mc_prob_0.3_FC_0.2_6
21,4835,21,Female,mc_prob_0.3_FC_0.2_6
22,4799,22,Female,mc_prob_0.3_FC_0.2_6
23,4795,23,Female,mc_prob_0.3_FC_0.2_6
24,4842,24,Female,mc_prob_0.3_FC_0.2_6
25,4827,25,Female,mc_prob_0.3_FC_0.2_6
26,5022,26,Female,mc_prob_0.3_FC_0.2_6
27,5061,27,Female,mc_prob_0.3_FC_0.2_6
28,4999,28,Female,mc_prob_0.3_FC_0.2_6
29,4931,29,Female,mc_prob_0.3_FC_0.2_6
30,4903,30,Female,mc_prob_0.3_FC_0.2_6
31,4959,31,Female,mc_prob_0.3_FC_0.2_6
32,4935,32,Female,mc_prob_0.3_FC_0.2_6
33,5007,33,Female,mc_prob_0.3_FC_0.2_6
34,4943,34,Female,mc_prob_0.3_FC_0.2_6
35,4922,35,Female,mc_prob_0.3_FC_0.2_6
36,4872,36,Female,mc_prob_0.3_FC_0.2_6
37,4943,37,Female,mc_prob_0.3_FC_0.2_6
38,4968,38,Female,mc_prob_0.3_FC_0.2_6
39,4871,39,Female,mc_prob_0.3_FC_0.2_6
40,4993,40,Female,mc_prob_0.3_FC_0.2_6
41,5004,41,Female,mc_prob_0.3_FC_0.2_6
42,4930,42,Female,mc_prob_0.3_FC_0.2_6
43,4971,43,Female,mc_prob_0.3_FC_0.2_6
44,4796,44,Female,mc_prob_0.3_FC_0.2_6
45,4905,45,Female,mc_prob_0.3_FC_0.2_6
46,5014,46,Female,mc_prob_0.3_FC_0.2_6
47,4950,47,Female,mc_prob_0.3_FC_0.2_6
48,4850,48,Female,mc_prob_0.3_FC_0.2_6
49,4927,49,Female,mc_prob_0.3_FC_0.2_6
50,4884,50,Female,mc_prob_0.3_FC_0.2_6
51,5000,0,Male,mc_prob_0.3_FC_0.2_6
52,4098,1,Male,mc_prob_0.3_FC_0.2_6
53,4151,2,Male,mc_prob_0.3_FC_0.2_6
54,4243,3,Male,mc_prob_0.3_FC_0.2_6
55,4342,4,Male,mc_prob_0.3_FC_0.2_6
56,4318,5,Male,mc_prob_0.3_FC_0.2_6
57,4448,6,Male,mc_prob_0.3_FC_0.2_6
58,4505,7,Male,mc_prob_0.3_FC_0.2_6
59,4463,8,Male,mc_prob_0.3_FC_0.2_6
60,4789,9,Male,mc_prob_0.3_FC_0.2_6
61,4717,10,Male,mc_prob_0.3_FC_0.2_6
62,4738,11,Male,mc_prob_0.3_FC_0.2_6
63,4760,12,Male,mc_prob_0.3_FC_0.2_6
64,4765,13,Male,mc_prob_0.3_FC_0.2_6
65,4933,14,Male,mc_prob_0.3_FC_0.2_6
66,4809,15,Male,mc_prob_0.3_FC_0.2_6
67,4930,16,Male,mc_prob_0.3_FC_0.2_6
68,4833,17,Male,mc_prob_0.3_FC_0.2_6
69,4857,18,Male,mc_prob_0.3_FC_0.2_6
70,5055,19,Male,mc_prob_0.3_FC_0.2_6
71,4975,20,Male,mc_prob_0.3_FC_0.2_6
72,4915,21,Male,mc_prob_0.3_FC_0.2_6
73,4924,22,Male,mc_prob_0.3_FC_0.2_6
74,4896,23,Male,mc_prob_0.3_FC_0.2_6
75,5020,24,Male,mc_prob_0.3_FC_0.2_6
76,4876,25,Male,mc_prob_0.3_FC_0.2_6
77,5041,26,Male,mc_prob_0.3_FC_0.2_6
78,5092,27,Male,mc_prob_0.3_FC_0.2_6
79,5029,28,Male,mc_prob_0.3_FC_0.2_6
80,5072,29,Male,mc_prob_0.3_FC_0.2_6
81,4905,30,Male,mc_prob_0.3_FC_0.2_6
82,5080,31,Male,mc_prob_0.3_FC_0.2_6
83,4963,32,Male,mc_prob_0.3_FC_0.2_6
84,5040,33,Male,mc_prob_0.3_FC_0.2_6
85,5172,34,Male,mc_prob_0.3_FC_0.2_6
86,4952,35,Male,mc_prob_0.3_FC_0.2_6
87,4924,36,Male,mc_prob_0.3_FC_0.2_6
88,4964,37,Male,mc_prob_0.3_FC_0.2_6
89,5061,38,Male,mc_prob_0.3_FC_0.2_6
90,4929,39,Male,mc_prob_0.3_FC_0.2_6
91,5082,40,Male,mc_prob_0.3_FC_0.2_6
92,5123,41,Male,mc_prob_0.3_FC_0.2_6
93,5018,42,Male,mc_prob_0.3_FC_0.2_6
94,5100,43,Male,mc_prob_0.3_FC_0.2_6
95,4941,44,Male,mc_prob_0.3_FC_0.2_6
96,5003,45,Male,mc_prob_0.3_FC_0.2_6
97,5098,46,Male,mc_prob_0.3_FC_0.2_6
98,4993,47,Male,mc_prob_0.3_FC_0.2_6
99,5008,48,Male,mc_prob_0.3_FC_0.2_6
100,5016,49,Male,mc_prob_0.3_FC_0.2_6
101,4998,50,Male,mc_prob_0.3_FC_0.2_6
,Count,Generation,Sex,Run
0,7000,0,Female,mc_prob_0.3_FC_0.2_7
1,4070,1,Female,mc_prob_0.3_FC_0.2_7
2,4187,2,Female,mc_prob_0.3_FC_0.2_7
3,4242,3,Female,mc_prob_0.3_FC_0.2_7
4,4305,4,Female,mc_prob_0.3_FC_0.2_7
5,4247,5,Female,mc_prob_0.3_FC_0.2_7
6,4310,6,Female,mc_prob_0.3_FC_0.2_7
7,4504,7,Female,mc_prob_0.3_FC_0.2_7
8,4561,8,Female,mc_prob_0.3_FC_0.2_7
9,4725,9,Female,mc_prob_0.3_FC_0.2_7
10,4669,10,Female,mc_prob_0.3_FC_0.2_7
11,4771,11,Female,mc_prob_0.3_FC_0.2_7
12,4790,12,Female,mc_prob_0.3_FC_0.2_7
13,4837,13,Female,mc_prob_0.3_FC_0.2_7
14,4788,14,Female,mc_prob_0.3_FC_0.2_7
15,4929,15,Female,mc_prob_0.3_FC_0.2_7
16,4856,16,Female,mc_prob_0.3_FC_0.2_7
17,4864,17,Female,mc_prob_0.3_FC_0.2_7
18,5012,18,Female,mc_prob_0.3_FC_0.2_7
19,4857,19,Female,mc_prob_0.3_FC_0.2_7
20,4925,20,Female,mc_prob_0.3_FC_0.2_7
21,4821,21,Female,mc_prob_0.3_FC_0.2_7
22,4896,22,Female,mc_prob_0.3_FC_0.2_7
23,4925,23,Female,mc_prob_0.3_FC_0.2_7
24,4840,24,Female,mc_prob_0.3_FC_0.2_7
25,4865,25,Female,mc_prob_0.3_FC_0.2_7
26,4820,26,Female,mc_prob_0.3_FC_0.2_7
27,5051,27,Female,mc_prob_0.3_FC_0.2_7
28,5006,28,Female,mc_prob_0.3_FC_0.2_7
29,5051,29,Female,mc_prob_0.3_FC_0.2_7
30,5000,30,Female,mc_prob_0.3_FC_0.2_7
31,5017,31,Female,mc_prob_0.3_FC_0.2_7
32,4904,32,Female,mc_prob_0.3_FC_0.2_7
33,5075,33,Female,mc_prob_0.3_FC_0.2_7
34,4972,34,Female,mc_prob_0.3_FC_0.2_7
35,5000,35,Female,mc_prob_0.3_FC_0.2_7
36,4974,36,Female,mc_prob_0.3_FC_0.2_7
37,4898,37,Female,mc_prob_0.3_FC_0.2_7
38,4968,38,Female,mc_prob_0.3_FC_0.2_7
39,4976,39,Female,mc_prob_0.3_FC_0.2_7
40,5045,40,Female,mc_prob_0.3_FC_0.2_7
41,4918,41,Female,mc_prob_0.3_FC_0.2_7
42,4980,42,Female,mc_prob_0.3_FC_0.2_7
43,5048,43,Female,mc_prob_0.3_FC_0.2_7
44,4851,44,Female,mc_prob_0.3_FC_0.2_7
45,4766,45,Female,mc_prob_0.3_FC_0.2_7
46,4868,46,Female,mc_prob_0.3_FC_0.2_7
47,4950,47,Female,mc_prob_0.3_FC_0.2_7
48,4959,48,Female,mc_prob_0.3_FC_0.2_7
49,5080,49,Female,mc_prob_0.3_FC_0.2_7
50,5048,50,Female,mc_prob_0.3_FC_0.2_7
51,5000,0,Male,mc_prob_0.3_FC_0.2_7
52,4200,1,Male,mc_prob_0.3_FC_0.2_7
53,4231,2,Male,mc_prob_0.3_FC_0.2_7
54,4270,3,Male,mc_prob_0.3_FC_0.2_7
55,4519,4,Male,mc_prob_0.3_FC_0.2_7
56,4301,5,Male,mc_prob_0.3_FC_0.2_7
57,4483,6,Male,mc_prob_0.3_FC_0.2_7
58,4536,7,Male,mc_prob_0.3_FC_0.2_7
59,4562,8,Male,mc_prob_0.3_FC_0.2_7
60,4852,9,Male,mc_prob_0.3_FC_0.2_7
61,4671,10,Male,mc_prob_0.3_FC_0.2_7
62,4840,11,Male,mc_prob_0.3_FC_0.2_7
63,4839,12,Male,mc_prob_0.3_FC_0.2_7
64,4849,13,Male,mc_prob_0.3_FC_0.2_7
65,4871,14,Male,mc_prob_0.3_FC_0.2_7
66,4932,15,Male,mc_prob_0.3_FC_0.2_7
67,5081,16,Male,mc_prob_0.3_FC_0.2_7
68,4931,17,Male,mc_prob_0.3_FC_0.2_7
69,5066,18,Male,mc_prob_0.3_FC_0.2_7
70,4955,19,Male,mc_prob_0.3_FC_0.2_7
71,5001,20,Male,mc_prob_0.3_FC_0.2_7
72,4910,21,Male,mc_prob_0.3_FC_0.2_7
73,5023,22,Male,mc_prob_0.3_FC_0.2_7
74,4995,23,Male,mc_prob_0.3_FC_0.2_7
75,4879,24,Male,mc_prob_0.3_FC_0.2_7
76,5041,25,Male,mc_prob_0.3_FC_0.2_7
77,4930,26,Male,mc_prob_0.3_FC_0.2_7
78,5077,27,Male,mc_prob_0.3_FC_0.2_7
79,5030,28,Male,mc_prob_0.3_FC_0.2_7
80,5079,29,Male,mc_prob_0.3_FC_0.2_7
81,5114,30,Male,mc_prob_0.3_FC_0.2_7
82,5096,31,Male,mc_prob_0.3_FC_0.2_7
83,4916,32,Male,mc_prob_0.3_FC_0.2_7
84,5082,33,Male,mc_prob_0.3_FC_0.2_7
85,5067,34,Male,mc_prob_0.3_FC_0.2_7
86,5075,35,Male,mc_prob_0.3_FC_0.2_7
87,5050,36,Male,mc_prob_0.3_FC_0.2_7
88,5053,37,Male,mc_prob_0.3_FC_0.2_7
89,4985,38,Male,mc_prob_0.3_FC_0.2_7
90,4999,39,Male,mc_prob_0.3_FC_0.2_7
91,5115,40,Male,mc_prob_0.3_FC_0.2_7
92,4927,41,Male,mc_prob_0.3_FC_0.2_7
93,4996,42,Male,mc_prob_0.3_FC_0.2_7
94,5064,43,Male,mc_prob_0.3_FC_0.2_7
95,5044,44,Male,mc_prob_0.3_FC_0.2_7
96,4875,45,Male,mc_prob_0.3_FC_0.2_7
97,4933,46,Male,mc_prob_0.3_FC_0.2_7
98,5005,47,Male,mc_prob_0.3_FC_0.2_7
99,5021,48,Male,mc_prob_0.3_FC_0.2_7
100,5109,49,Male,mc_prob_0.3_FC_0.2_7
101,5069,50,Male,mc_prob_0.3_FC_0.2_7
,Count,Generation,Sex,Run
0,7000,0,Female,mc_prob_0.3_FC_0.2_8
1,4030,1,Female,mc_prob_0.3_FC_0.2_8
2,4116,2,Female,mc_prob_0.3_FC_0.2_8
3,4276,3,Female,mc_prob_0.3_FC_0.2_8
4,4225,4,Female,mc_prob_0.3_FC_0.2_8
5,4352,5,Female,mc_prob_0.3_FC_0.2_8
6,4451,6,Female,mc_prob_0.3_FC_0.2_8
7,4527,7,Female,mc_prob_0.3_FC_0.2_8
8,4660,8,Female,mc_prob_0.3_FC_0.2_8
9,4721,9,Female,mc_prob_0.3_FC_0.2_8
10,4809,10,Female,mc_prob_0.3_FC_0.2_8
11,4769,11,Female,mc_prob_0.3_FC_0.2_8
12,4676,12,Female,mc_prob_0.3_FC_0.2_8
13,4764,13,Female,mc_prob_0.3_FC_0.2_8
14,4852,14,Female,mc_prob_0.3_FC_0.2_8
15,4800,15,Female,mc_prob_0.3_FC_0.2_8
16,4797,16,Female,mc_prob_0.3_FC_0.2_8
17,4951,17,Female,mc_prob_0.3_FC_0.2_8
18,5025,18,Female,mc_prob_0.3_FC_0.2_8
19,4894,19,Female,mc_prob_0.3_FC_0.2_8
20,4920,20,Female,mc_prob_0.3_FC_0.2_8
21,4994,21,Female,mc_prob_0.3_FC_0.2_8
22,4842,22,Female,mc_prob_0.3_FC_0.2_8
23,4997,23,Female,mc_prob_0.3_FC_0.2_8
24,5027,24,Female,mc_prob_0.3_FC_0.2_8
25,4972,25,Female,mc_prob_0.3_FC_0.2_8
26,4975,26,Female,mc_prob_0.3_FC_0.2_8
27,5068,27,Female,mc_prob_0.3_FC_0.2_8
28,4997,28,Female,mc_prob_0.3_FC_0.2_8
29,5000,29,Female,mc_prob_0.3_FC_0.2_8
30,5001,30,Female,mc_prob_0.3_FC_0.2_8
31,5027,31,Female,mc_prob_0.3_FC_0.2_8
32,4917,32,Female,mc_prob_0.3_FC_0.2_8
33,4905,33,Female,mc_prob_0.3_FC_0.2_8
34,4936,34,Female,mc_prob_0.3_FC_0.2_8
35,4918,35,Female,mc_prob_0.3_FC_0.2_8
36,4934,36,Female,mc_prob_0.3_FC_0.2_8
37,5077,37,Female,mc_prob_0.3_FC_0.2_8
38,5015,38,Female,mc_prob_0.3_FC_0.2_8
39,4892,39,Female,mc_prob_0.3_FC_0.2_8
40,4945,40,Female,mc_prob_0.3_FC_0.2_8
41,4807,41,Female,mc_prob_0.3_FC_0.2_8
42,4887,42,Female,mc_prob_0.3_FC_0.2_8
43,4983,43,Female,mc_prob_0.3_FC_0.2_8
44,4916,44,Female,mc_prob_0.3_FC_0.2_8
45,4989,45,Female,mc_prob_0.3_FC_0.2_8
46,5017,46,Female,mc_prob_0.3_FC_0.2_8
47,4972,47,Female,mc_prob_0.3_FC_0.2_8
48,4957,48,Female,mc_prob_0.3_FC_0.2_8
49,4958,49,Female,mc_prob_0.3_FC_0.2_8
50,4865,50,Female,mc_prob_0.3_FC_0.2_8
51,5000,0,Male,mc_prob_0.3_FC_0.2_8
52,4100,1,Male,mc_prob_0.3_FC_0.2_8
53,4162,2,Male,mc_prob_0.3_FC_0.2_8
54,4333,3,Male,mc_prob_0.3_FC_0.2_8
55,4469,4,Male,mc_prob_0.3_FC_0.2_8
56,4361,5,Male,mc_prob_0.3_FC_0.2_8
57,4461,6,Male,mc_prob_0.3_FC_0.2_8
58,4581,7,Male,mc_prob_0.3_FC_0.2_8
59,4675,8,Male,mc_prob_0.3_FC_0.2_8
60,4817,9,Male,mc_prob_0.3_FC_0.2_8
61,4819,10,Male,mc_prob_0.3_FC_0.2_8
62,4833,11,Male,mc_prob_0.3_FC_0.2_8
63,4785,12,Male,mc_prob_0.3_FC_0.2_8
64,4800,13,Male,mc_prob_0.3_FC_0.2_8
65,4907,14,Male,mc_prob_0.3_FC_0.2_8
66,4909,15,Male,mc_prob_0.3_FC_0.2_8
67,4820,16,Male,mc_prob_0.3_FC_0.2_8
68,4951,17,Male,mc_prob_0.3_FC_0.2_8
69,5061,18,Male,mc_prob_0.3_FC_0.2_8
70,4977,19,Male,mc_prob_0.3_FC_0.2_8
71,4925,20,Male,mc_prob_0.3_FC_0.2_8
72,5001,21,Male,mc_prob_0.3_FC_0.2_8
73,4890,22,Male,mc_prob_0.3_FC_0.2_8
74,5001,23,Male,mc_prob_0.3_FC_0.2_8
75,5102,24,Male,mc_prob_0.3_FC_0.2_8
76,4977,25,Male,mc_prob_0.3_FC_0.2_8
77,4983,26,Male,mc_prob_0.3_FC_0.2_8
78,5119,27,Male,mc_prob_0.3_FC_0.2_8
79,5050,28,Male,mc_prob_0.3_FC_0.2_8
80,5000,29,Male,mc_prob_0.3_FC_0.2_8
81,5105,30,Male,mc_prob_0.3_FC_0.2_8
82,5104,31,Male,mc_prob_0.3_FC_0.2_8
83,5099,32,Male,mc_prob_0.3_FC_0.2_8
84,5053,33,Male,mc_prob_0.3_FC_0.2_8
85,5072,34,Male,mc_prob_0.3_FC_0.2_8
86,5048,35,Male,mc_prob_0.3_FC_0.2_8
87,4974,36,Male,mc_prob_0.3_FC_0.2_8
88,5083,37,Male,mc_prob_0.3_FC_0.2_8
89,5067,38,Male,mc_prob_0.3_FC_0.2_8
90,4993,39,Male,mc_prob_0.3_FC_0.2_8
91,5207,40,Male,mc_prob_0.3_FC_0.2_8
92,4937,41,Male,mc_prob_0.3_FC_0.2_8
93,4896,42,Male,mc_prob_0.3_FC_0.2_8
94,5016,43,Male,mc_prob_0.3_FC_0.2_8
95,5053,44,Male,mc_prob_0.3_FC_0.2_8
96,5000,45,Male,mc_prob_0.3_FC_0.2_8
97,5066,46,Male,mc_prob_0.3_FC_0.2_8
98,5014,47,Male,mc_prob_0.3_FC_0.2_8
99,4961,48,Male,mc_prob_0.3_FC_0.2_8
100,5071,49,Male,mc_prob_0.3_FC_0.2_8
101,4934,50,Male,mc_prob_0.3_FC_0.2_8
,Count,Generation,Sex,Run
0,7000,0,Female,mc_prob_0.3_FC_0.2_9
1,3962,1,Female,mc_prob_0.3_FC_0.2_9
2,4054,2,Female,mc_prob_0.3_FC_0.2_9
3,4158,3,Female,mc_prob_0.3_FC_0.2_9
4,4143,4,Female,mc_prob_0.3_FC_0.2_9
5,4361,5,Female,mc_prob_0.3_FC_0.2_9
6,4462,6,Female,mc_prob_0.3_FC_0.2_9
7,4382,7,Female,mc_prob_0.3_FC_0.2_9
8,4460,8,Female,mc_prob_0.3_FC_0.2_9
9,4627,9,Female,mc_prob_0.3_FC_0.2_9
10,4665,10,Female,mc_prob_0.3_FC_0.2_9
11,4702,11,Female,mc_prob_0.3_FC_0.2_9
12,4705,12,Female,mc_prob_0.3_FC_0.2_9
13,4756,13,Female,mc_prob_0.3_FC_0.2_9
14,4735,14,Female,mc_prob_0.3_FC_0.2_9
15,4893,15,Female,mc_prob_0.3_FC_0.2_9
16,4986,16,Female,mc_prob_0.3_FC_0.2_9
17,4933,17,Female,mc_prob_0.3_FC_0.2_9
18,4994,18,Female,mc_prob_0.3_FC_0.2_9
19,4978,19,Female,mc_prob_0.3_FC_0.2_9
20,4979,20,Female,mc_prob_0.3_FC_0.2_9
21,5014,21,Female,mc_prob_0.3_FC_0.2_9
22,4914,22,Female,mc_prob_0.3_FC_0.2_9
23,4875,23,Female,mc_prob_0.3_FC_0.2_9
24,4972,24,Female,mc_prob_0.3_FC_0.2_9
25,5046,25,Female,mc_prob_0.3_FC_0.2_9
26,4867,26,Female,mc_prob_0.3_FC_0.2_9
27,4973,27,Female,mc_prob_0.3_FC_0.2_9
28,4985,28,Female,mc_prob_0.3_FC_0.2_9
29,4995,29,Female,mc_prob_0.3_FC_0.2_9
30,5047,30,Female,mc_prob_0.3_FC_0.2_9
31,5003,31,Female,mc_prob_0.3_FC_0.2_9
32,4952,32,Female,mc_prob_0.3_FC_0.2_9
33,4971,33,Female,mc_prob_0.3_FC_0.2_9
34,4857,34,Female,mc_prob_0.3_FC_0.2_9
35,4909,35,Female,mc_prob_0.3_FC_0.2_9
36,4924,36,Female,mc_prob_0.3_FC_0.2_9
37,4888,37,Female,mc_prob_0.3_FC_0.2_9
38,5000,38,Female,mc_prob_0.3_FC_0.2_9
39,4856,39,Female,mc_prob_0.3_FC_0.2_9
40,4947,40,Female,mc_prob_0.3_FC_0.2_9
41,4927,41,Female,mc_prob_0.3_FC_0.2_9
42,5067,42,Female,mc_prob_0.3_FC_0.2_9
43,4932,43,Female,mc_prob_0.3_FC_0.2_9
44,4999,44,Female,mc_prob_0.3_FC_0.2_9
45,4932,45,Female,mc_prob_0.3_FC_0.2_9
46,4900,46,Female,mc_prob_0.3_FC_0.2_9
47,5000,47,Female,mc_prob_0.3_FC_0.2_9
48,4995,48,Female,mc_prob_0.3_FC_0.2_9
49,5046,49,Female,mc_prob_0.3_FC_0.2_9
50,4890,50,Female,mc_prob_0.3_FC_0.2_9
51,5000,0,Male,mc_prob_0.3_FC_0.2_9
52,4015,1,Male,mc_prob_0.3_FC_0.2_9
53,4094,2,Male,mc_prob_0.3_FC_0.2_9
54,4198,3,Male,mc_prob_0.3_FC_0.2_9
55,4221,4,Male,mc_prob_0.3_FC_0.2_9
56,4362,5,Male,mc_prob_0.3_FC_0.2_9
57,4499,6,Male,mc_prob_0.3_FC_0.2_9
58,4557,7,Male,mc_prob_0.3_FC_0.2_9
59,4484,8,Male,mc_prob_0.3_FC_0.2_9
60,4634,9,Male,mc_prob_0.3_FC_0.2_9
61,4694,10,Male,mc_prob_0.3_FC_0.2_9
62,4738,11,Male,mc_prob_0.3_FC_0.2_9
63,4715,12,Male,mc_prob_0.3_FC_0.2_9
64,4850,13,Male,mc_prob_0.3_FC_0.2_9
65,4800,14,Male,mc_prob_0.3_FC_0.2_9
66,4919,15,Male,mc_prob_0.3_FC_0.2_9
67,4999,16,Male,mc_prob_0.3_FC_0.2_9
68,5001,17,Male,mc_prob_0.3_FC_0.2_9
69,5008,18,Male,mc_prob_0.3_FC_0.2_9
70,5034,19,Male,mc_prob_0.3_FC_0.2_9
71,5031,20,Male,mc_prob_0.3_FC_0.2_9
72,5173,21,Male,mc_prob_0.3_FC_0.2_9
73,4942,22,Male,mc_prob_0.3_FC_0.2_9
74,4995,23,Male,mc_prob_0.3_FC_0.2_9
75,4998,24,Male,mc_prob_0.3_FC_0.2_9
76,5096,25,Male,mc_prob_0.3_FC_0.2_9
77,4933,26,Male,mc_prob_0.3_FC_0.2_9
78,5021,27,Male,mc_prob_0.3_FC_0.2_9
79,5087,28,Male,mc_prob_0.3_FC_0.2_9
80,5001,29,Male,mc_prob_0.3_FC_0.2_9
81,5090,30,Male,mc_prob_0.3_FC_0.2_9
82,5076,31,Male,mc_prob_0.3_FC_0.2_9
83,4974,32,Male,mc_prob_0.3_FC_0.2_9
84,5086,33,Male,mc_prob_0.3_FC_0.2_9
85,4881,34,Male,mc_prob_0.3_FC_0.2_9
86,5026,35,Male,mc_prob_0.3_FC_0.2_9
87,4955,36,Male,mc_prob_0.3_FC_0.2_9
88,4918,37,Male,mc_prob_0.3_FC_0.2_9
89,5041,38,Male,mc_prob_0.3_FC_0.2_9
90,4958,39,Male,mc_prob_0.3_FC_0.2_9
91,5033,40,Male,mc_prob_0.3_FC_0.2_9
92,4946,41,Male,mc_prob_0.3_FC_0.2_9
93,5132,42,Male,mc_prob_0.3_FC_0.2_9
94,4968,43,Male,mc_prob_0.3_FC_0.2_9
95,5017,44,Male,mc_prob_0.3_FC_0.2_9
96,4961,45,Male,mc_prob_0.3_FC_0.2_9
97,4924,46,Male,mc_prob_0.3_FC_0.2_9
98,5031,47,Male,mc_prob_0.3_FC_0.2_9
99,5036,48,Male,mc_prob_0.3_FC_0.2_9
100,5048,49,Male,mc_prob_0.3_FC_0.2_9
101,5043,50,Male,mc_prob_0.3_FC_0.2_9
,Count,Generation,Sex,Run
0,7000,0,Female,mc_prob_0.3_FC_0.2_10
1,4131,1,Female,mc_prob_0.3_FC_0.2_10
2,4048,2,Female,mc_prob_0.3_FC_0.2_10
3,4131,3,Female,mc_prob_0.3_FC_0.2_10
4,4294,4,Female,mc_prob_0.3_FC_0.2_10
5,4276,5,Female,mc_prob_0.3_FC_0.2_10
6,4389,6,Female,mc_prob_0.3_FC_0.2_10
7,4496,7,Female,mc_prob_0.3_FC_0.2_10
8,4584,8,Female,mc_prob_0.3_FC_0.2_10
9,4668,9,Female,mc_prob_0.3_FC_0.2_10
10,4713,10,Female,mc_prob_0.3_FC_0.2_10
11,4702,11,Female,mc_prob_0.3_FC_0.2_10
12,4783,12,Female,mc_prob_0.3_FC_0.2_10
13,4865,13,Female,mc_prob_0.3_FC_0.2_10
14,4982,14,Female,mc_prob_0.3_FC_0.2_10
15,4921,15,Female,mc_prob_0.3_FC_0.2_10
16,4988,16,Female,mc_prob_0.3_FC_0.2_10
17,4804,17,Female,mc_prob_0.3_FC_0.2_10
18,4870,18,Female,mc_prob_0.3_FC_0.2_10
19,4906,19,Female,mc_prob_0.3_FC_0.2_10
20,4897,20,Female,mc_prob_0.3_FC_0.2_10
21,4977,21,Female,mc_prob_0.3_FC_0.2_10
22,4922,22,Female,mc_prob_0.3_FC_0.2_10
23,4910,23,Female,mc_prob_0.3_FC_0.2_10
24,4980,24,Female,mc_prob_0.3_FC_0.2_10
25,4916,25,Female,mc_prob_0.3_FC_0.2_10
26,4966,26,Female,mc_prob_0.3_FC_0.2_10
27,4934,27,Female,mc_prob_0.3_FC_0.2_10
28,4960,28,Female,mc_prob_0.3_FC_0.2_10
29,4929,29,Female,mc_prob_0.3_FC_0.2_10
30,5040,30,Female,mc_prob_0.3_FC_0.2_10
31,5066,31,Female,mc_prob_0.3_FC_0.2_10
32,4940,32,Female,mc_prob_0.3_FC_0.2_10
33,4990,33,Female,mc_prob_0.3_FC_0.2_10
34,4948,34,Female,mc_prob_0.3_FC_0.2_10
35,4911,35,Female,mc_prob_0.3_FC_0.2_10
36,4910,36,Female,mc_prob_0.3_FC_0.2_10
37,4845,37,Female,mc_prob_0.3_FC_0.2_10
38,4870,38,Female,mc_prob_0.3_FC_0.2_10
39,4859,39,Female,mc_prob_0.3_FC_0.2_10
40,4964,40,Female,mc_prob_0.3_FC_0.2_10
41,4896,41,Female,mc_prob_0.3_FC_0.2_10
42,5088,42,Female,mc_prob_0.3_FC_0.2_10
43,5019,43,Female,mc_prob_0.3_FC_0.2_10
44,4994,44,Female,mc_prob_0.3_FC_0.2_10
45,4890,45,Female,mc_prob_0.3_FC_0.2_10
46,4963,46,Female,mc_prob_0.3_FC_0.2_10
47,4854,47,Female,mc_prob_0.3_FC_0.2_10
48,5094,48,Female,mc_prob_0.3_FC_0.2_10
49,4941,49,Female,mc_prob_0.3_FC_0.2_10
50,4871,50,Female,mc_prob_0.3_FC_0.2_10
51,5000,0,Male,mc_prob_0.3_FC_0.2_10
52,4134,1,Male,mc_prob_0.3_FC_0.2_10
53,4153,2,Male,mc_prob_0.3_FC_0.2_10
54,4178,3,Male,mc_prob_0.3_FC_0.2_10
55,4330,4,Male,mc_prob_0.3_FC_0.2_10
56,4383,5,Male,mc_prob_0.3_FC_0.2_10
57,4423,6,Male,mc_prob_0.3_FC_0.2_10
58,4621,7,Male,mc_prob_0.3_FC_0.2_10
59,4604,8,Male,mc_prob_0.3_FC_0.2_10
60,4782,9,Male,mc_prob_0.3_FC_0.2_10
61,4739,10,Male,mc_prob_0.3_FC_0.2_10
62,4774,11,Male,mc_prob_0.3_FC_0.2_10
63,4892,12,Male,mc_prob_0.3_FC_0.2_10
64,4911,13,Male,mc_prob_0.3_FC_0.2_10
65,5021,14,Male,mc_prob_0.3_FC_0.2_10
66,5015,15,Male,mc_prob_0.3_FC_0.2_10
67,4991,16,Male,mc_prob_0.3_FC_0.2_10
68,4885,17,Male,mc_prob_0.3_FC_0.2_10
69,4910,18,Male,mc_prob_0.3_FC_0.2_10
70,5034,19,Male,mc_prob_0.3_FC_0.2_10
71,4930,20,Male,mc_prob_0.3_FC_0.2_10
72,4999,21,Male,mc_prob_0.3_FC_0.2_10
73,5049,22,Male,mc_prob_0.3_FC_0.2_10
74,4977,23,Male,mc_prob_0.3_FC_0.2_10
75,5033,24,Male,mc_prob_0.3_FC_0.2_10
76,4970,25,Male,mc_prob_0.3_FC_0.2_10
77,4988,26,Male,mc_prob_0.3_FC_0.2_10
78,5002,27,Male,mc_prob_0.3_FC_0.2_10
79,4976,28,Male,mc_prob_0.3_FC_0.2_10
80,4944,29,Male,mc_prob_0.3_FC_0.2_10
81,5099,30,Male,mc_prob_0.3_FC_0.2_10
82,5153,31,Male,mc_prob_0.3_FC_0.2_10
83,4980,32,Male,mc_prob_0.3_FC_0.2_10
84,5014,33,Male,mc_prob_0.3_FC_0.2_10
85,5008,34,Male,mc_prob_0.3_FC_0.2_10
86,5033,35,Male,mc_prob_0.3_FC_0.2_10
87,4999,36,Male,mc_prob_0.3_FC_0.2_10
88,4899,37,Male,mc_prob_0.3_FC_0.2_10
89,5026,38,Male,mc_prob_0.3_FC_0.2_10
90,4937,39,Male,mc_prob_0.3_FC_0.2_10
91,5026,40,Male,mc_prob_0.3_FC_0.2_10
92,4900,41,Male,mc_prob_0.3_FC_0.2_10
93,5100,42,Male,mc_prob_0.3_FC_0.2_10
94,5088,43,Male,mc_prob_0.3_FC_0.2_10
95,5080,44,Male,mc_prob_0.3_FC_0.2_10
96,4983,45,Male,mc_prob_0.3_FC_0.2_10
97,5023,46,Male,mc_prob_0.3_FC_0.2_10
98,4971,47,Male,mc_prob_0.3_FC_0.2_10
99,5200,48,Male,mc_prob_0.3_FC_0.2_10
100,4975,49,Male,mc_prob_0.3_FC_0.2_10
101,4977,50,Male,mc_prob_0.3_FC_0.2_10
