,Generation,Allele,Count,Sex,Run
0,0,C,0,Female,clvr_cost_0_intro_0.2_1
1,1,C,1201,Female,clvr_cost_0_intro_0.2_1
2,2,C,1799,Female,clvr_cost_0_intro_0.2_1
3,3,C,2489,Female,clvr_cost_0_intro_0.2_1
4,4,C,3366,Female,clvr_cost_0_intro_0.2_1
5,5,C,4585,Female,clvr_cost_0_intro_0.2_1
6,6,C,6105,Female,clvr_cost_0_intro_0.2_1
7,7,C,7620,Female,clvr_cost_0_intro_0.2_1
8,8,C,9011,Female,clvr_cost_0_intro_0.2_1
9,9,C,9931,Female,clvr_cost_0_intro_0.2_1
10,10,C,10086,Female,clvr_cost_0_intro_0.2_1
11,11,C,9778,Female,clvr_cost_0_intro_0.2_1
12,12,C,10006,Female,clvr_cost_0_intro_0.2_1
13,13,C,10044,Female,clvr_cost_0_intro_0.2_1
14,14,C,9762,Female,clvr_cost_0_intro_0.2_1
15,15,C,9848,Female,clvr_cost_0_intro_0.2_1
16,16,C,9882,Female,clvr_cost_0_intro_0.2_1
17,17,C,10016,Female,clvr_cost_0_intro_0.2_1
18,18,C,10162,Female,clvr_cost_0_intro_0.2_1
19,19,C,10126,Female,clvr_cost_0_intro_0.2_1
20,20,C,9928,Female,clvr_cost_0_intro_0.2_1
21,21,C,9834,Female,clvr_cost_0_intro_0.2_1
22,22,C,9950,Female,clvr_cost_0_intro_0.2_1
23,23,C,9872,Female,clvr_cost_0_intro_0.2_1
24,24,C,10014,Female,clvr_cost_0_intro_0.2_1
25,25,C,9916,Female,clvr_cost_0_intro_0.2_1
26,26,C,9996,Female,clvr_cost_0_intro_0.2_1
27,27,C,9990,Female,clvr_cost_0_intro_0.2_1
28,28,C,10050,Female,clvr_cost_0_intro_0.2_1
29,29,C,9924,Female,clvr_cost_0_intro_0.2_1
30,30,C,9724,Female,clvr_cost_0_intro_0.2_1
31,31,C,9870,Female,clvr_cost_0_intro_0.2_1
32,32,C,9778,Female,clvr_cost_0_intro_0.2_1
33,33,C,9826,Female,clvr_cost_0_intro_0.2_1
34,34,C,10078,Female,clvr_cost_0_intro_0.2_1
35,35,C,10058,Female,clvr_cost_0_intro_0.2_1
36,36,C,9696,Female,clvr_cost_0_intro_0.2_1
37,37,C,9718,Female,clvr_cost_0_intro_0.2_1
38,38,C,9832,Female,clvr_cost_0_intro_0.2_1
39,39,C,9904,Female,clvr_cost_0_intro_0.2_1
40,40,C,9820,Female,clvr_cost_0_intro_0.2_1
41,41,C,9594,Female,clvr_cost_0_intro_0.2_1
42,42,C,9760,Female,clvr_cost_0_intro_0.2_1
43,43,C,10018,Female,clvr_cost_0_intro_0.2_1
44,44,C,9780,Female,clvr_cost_0_intro_0.2_1
45,45,C,9784,Female,clvr_cost_0_intro_0.2_1
46,46,C,9822,Female,clvr_cost_0_intro_0.2_1
47,47,C,10016,Female,clvr_cost_0_intro_0.2_1
48,48,C,10126,Female,clvr_cost_0_intro_0.2_1
49,49,C,9744,Female,clvr_cost_0_intro_0.2_1
50,50,C,9912,Female,clvr_cost_0_intro_0.2_1
51,0,A,10000,Female,clvr_cost_0_intro_0.2_1
52,1,A,7283,Female,clvr_cost_0_intro_0.2_1
53,2,A,6419,Female,clvr_cost_0_intro_0.2_1
54,3,A,5275,Female,clvr_cost_0_intro_0.2_1
55,4,A,3924,Female,clvr_cost_0_intro_0.2_1
56,5,A,2631,Female,clvr_cost_0_intro_0.2_1
57,6,A,1165,Female,clvr_cost_0_intro_0.2_1
58,7,A,296,Female,clvr_cost_0_intro_0.2_1
59,8,A,33,Female,clvr_cost_0_intro_0.2_1
60,9,A,1,Female,clvr_cost_0_intro_0.2_1
61,10,A,0,Female,clvr_cost_0_intro_0.2_1
62,11,A,0,Female,clvr_cost_0_intro_0.2_1
63,12,A,0,Female,clvr_cost_0_intro_0.2_1
64,13,A,0,Female,clvr_cost_0_intro_0.2_1
65,14,A,0,Female,clvr_cost_0_intro_0.2_1
66,15,A,0,Female,clvr_cost_0_intro_0.2_1
67,16,A,0,Female,clvr_cost_0_intro_0.2_1
68,17,A,0,Female,clvr_cost_0_intro_0.2_1
69,18,A,0,Female,clvr_cost_0_intro_0.2_1
70,19,A,0,Female,clvr_cost_0_intro_0.2_1
71,20,A,0,Female,clvr_cost_0_intro_0.2_1
72,21,A,0,Female,clvr_cost_0_intro_0.2_1
73,22,A,0,Female,clvr_cost_0_intro_0.2_1
74,23,A,0,Female,clvr_cost_0_intro_0.2_1
75,24,A,0,Female,clvr_cost_0_intro_0.2_1
76,25,A,0,Female,clvr_cost_0_intro_0.2_1
77,26,A,0,Female,clvr_cost_0_intro_0.2_1
78,27,A,0,Female,clvr_cost_0_intro_0.2_1
79,28,A,0,Female,clvr_cost_0_intro_0.2_1
80,29,A,0,Female,clvr_cost_0_intro_0.2_1
81,30,A,0,Female,clvr_cost_0_intro_0.2_1
82,31,A,0,Female,clvr_cost_0_intro_0.2_1
83,32,A,0,Female,clvr_cost_0_intro_0.2_1
84,33,A,0,Female,clvr_cost_0_intro_0.2_1
85,34,A,0,Female,clvr_cost_0_intro_0.2_1
86,35,A,0,Female,clvr_cost_0_intro_0.2_1
87,36,A,0,Female,clvr_cost_0_intro_0.2_1
88,37,A,0,Female,clvr_cost_0_intro_0.2_1
89,38,A,0,Female,clvr_cost_0_intro_0.2_1
90,39,A,0,Female,clvr_cost_0_intro_0.2_1
91,40,A,0,Female,clvr_cost_0_intro_0.2_1
92,41,A,0,Female,clvr_cost_0_intro_0.2_1
93,42,A,0,Female,clvr_cost_0_intro_0.2_1
94,43,A,0,Female,clvr_cost_0_intro_0.2_1
95,44,A,0,Female,clvr_cost_0_intro_0.2_1
96,45,A,0,Female,clvr_cost_0_intro_0.2_1
97,46,A,0,Female,clvr_cost_0_intro_0.2_1
98,47,A,0,Female,clvr_cost_0_intro_0.2_1
99,48,A,0,Female,clvr_cost_0_intro_0.2_1
100,49,A,0,Female,clvr_cost_0_intro_0.2_1
101,50,A,0,Female,clvr_cost_0_intro_0.2_1
102,0,V,0,Female,clvr_cost_0_intro_0.2_1
103,1,V,1201,Female,clvr_cost_0_intro_0.2_1
104,2,V,1837,Female,clvr_cost_0_intro_0.2_1
105,3,V,2532,Female,clvr_cost_0_intro_0.2_1
106,4,V,3436,Female,clvr_cost_0_intro_0.2_1
107,5,V,4663,Female,clvr_cost_0_intro_0.2_1
108,6,V,6181,Female,clvr_cost_0_intro_0.2_1
109,7,V,7657,Female,clvr_cost_0_intro_0.2_1
110,8,V,9023,Female,clvr_cost_0_intro_0.2_1
111,9,V,9932,Female,clvr_cost_0_intro_0.2_1
112,10,V,10086,Female,clvr_cost_0_intro_0.2_1
113,11,V,9778,Female,clvr_cost_0_intro_0.2_1
114,12,V,10006,Female,clvr_cost_0_intro_0.2_1
115,13,V,10044,Female,clvr_cost_0_intro_0.2_1
116,14,V,9762,Female,clvr_cost_0_intro_0.2_1
117,15,V,9848,Female,clvr_cost_0_intro_0.2_1
118,16,V,9882,Female,clvr_cost_0_intro_0.2_1
119,17,V,10016,Female,clvr_cost_0_intro_0.2_1
120,18,V,10162,Female,clvr_cost_0_intro_0.2_1
121,19,V,10126,Female,clvr_cost_0_intro_0.2_1
122,20,V,9928,Female,clvr_cost_0_intro_0.2_1
123,21,V,9834,Female,clvr_cost_0_intro_0.2_1
124,22,V,9950,Female,clvr_cost_0_intro_0.2_1
125,23,V,9872,Female,clvr_cost_0_intro_0.2_1
126,24,V,10014,Female,clvr_cost_0_intro_0.2_1
127,25,V,9916,Female,clvr_cost_0_intro_0.2_1
128,26,V,9996,Female,clvr_cost_0_intro_0.2_1
129,27,V,9990,Female,clvr_cost_0_intro_0.2_1
130,28,V,10050,Female,clvr_cost_0_intro_0.2_1
131,29,V,9924,Female,clvr_cost_0_intro_0.2_1
132,30,V,9724,Female,clvr_cost_0_intro_0.2_1
133,31,V,9870,Female,clvr_cost_0_intro_0.2_1
134,32,V,9778,Female,clvr_cost_0_intro_0.2_1
135,33,V,9826,Female,clvr_cost_0_intro_0.2_1
136,34,V,10078,Female,clvr_cost_0_intro_0.2_1
137,35,V,10058,Female,clvr_cost_0_intro_0.2_1
138,36,V,9696,Female,clvr_cost_0_intro_0.2_1
139,37,V,9718,Female,clvr_cost_0_intro_0.2_1
140,38,V,9832,Female,clvr_cost_0_intro_0.2_1
141,39,V,9904,Female,clvr_cost_0_intro_0.2_1
142,40,V,9820,Female,clvr_cost_0_intro_0.2_1
143,41,V,9594,Female,clvr_cost_0_intro_0.2_1
144,42,V,9760,Female,clvr_cost_0_intro_0.2_1
145,43,V,10018,Female,clvr_cost_0_intro_0.2_1
146,44,V,9780,Female,clvr_cost_0_intro_0.2_1
147,45,V,9784,Female,clvr_cost_0_intro_0.2_1
148,46,V,9822,Female,clvr_cost_0_intro_0.2_1
149,47,V,10016,Female,clvr_cost_0_intro_0.2_1
150,48,V,10126,Female,clvr_cost_0_intro_0.2_1
151,49,V,9744,Female,clvr_cost_0_intro_0.2_1
152,50,V,9912,Female,clvr_cost_0_intro_0.2_1
153,0,W,10000,Female,clvr_cost_0_intro_0.2_1
154,1,W,7283,Female,clvr_cost_0_intro_0.2_1
155,2,W,6381,Female,clvr_cost_0_intro_0.2_1
156,3,W,5232,Female,clvr_cost_0_intro_0.2_1
157,4,W,3854,Female,clvr_cost_0_intro_0.2_1
158,5,W,2553,Female,clvr_cost_0_intro_0.2_1
159,6,W,1089,Female,clvr_cost_0_intro_0.2_1
160,7,W,259,Female,clvr_cost_0_intro_0.2_1
161,8,W,21,Female,clvr_cost_0_intro_0.2_1
162,9,W,0,Female,clvr_cost_0_intro_0.2_1
163,10,W,0,Female,clvr_cost_0_intro_0.2_1
164,11,W,0,Female,clvr_cost_0_intro_0.2_1
165,12,W,0,Female,clvr_cost_0_intro_0.2_1
166,13,W,0,Female,clvr_cost_0_intro_0.2_1
167,14,W,0,Female,clvr_cost_0_intro_0.2_1
168,15,W,0,Female,clvr_cost_0_intro_0.2_1
169,16,W,0,Female,clvr_cost_0_intro_0.2_1
170,17,W,0,Female,clvr_cost_0_intro_0.2_1
171,18,W,0,Female,clvr_cost_0_intro_0.2_1
172,19,W,0,Female,clvr_cost_0_intro_0.2_1
173,20,W,0,Female,clvr_cost_0_intro_0.2_1
174,21,W,0,Female,clvr_cost_0_intro_0.2_1
175,22,W,0,Female,clvr_cost_0_intro_0.2_1
176,23,W,0,Female,clvr_cost_0_intro_0.2_1
177,24,W,0,Female,clvr_cost_0_intro_0.2_1
178,25,W,0,Female,clvr_cost_0_intro_0.2_1
179,26,W,0,Female,clvr_cost_0_intro_0.2_1
180,27,W,0,Female,clvr_cost_0_intro_0.2_1
181,28,W,0,Female,clvr_cost_0_intro_0.2_1
182,29,W,0,Female,clvr_cost_0_intro_0.2_1
183,30,W,0,Female,clvr_cost_0_intro_0.2_1
184,31,W,0,Female,clvr_cost_0_intro_0.2_1
185,32,W,0,Female,clvr_cost_0_intro_0.2_1
186,33,W,0,Female,clvr_cost_0_intro_0.2_1
187,34,W,0,Female,clvr_cost_0_intro_0.2_1
188,35,W,0,Female,clvr_cost_0_intro_0.2_1
189,36,W,0,Female,clvr_cost_0_intro_0.2_1
190,37,W,0,Female,clvr_cost_0_intro_0.2_1
191,38,W,0,Female,clvr_cost_0_intro_0.2_1
192,39,W,0,Female,clvr_cost_0_intro_0.2_1
193,40,W,0,Female,clvr_cost_0_intro_0.2_1
194,41,W,0,Female,clvr_cost_0_intro_0.2_1
195,42,W,0,Female,clvr_cost_0_intro_0.2_1
196,43,W,0,Female,clvr_cost_0_intro_0.2_1
197,44,W,0,Female,clvr_cost_0_intro_0.2_1
198,45,W,0,Female,clvr_cost_0_intro_0.2_1
199,46,W,0,Female,clvr_cost_0_intro_0.2_1
200,47,W,0,Female,clvr_cost_0_intro_0.2_1
201,48,W,0,Female,clvr_cost_0_intro_0.2_1
202,49,W,0,Female,clvr_cost_0_intro_0.2_1
203,50,W,0,Female,clvr_cost_0_intro_0.2_1
204,0,C,4000,Male,clvr_cost_0_intro_0.2_1
205,1,C,1227,Male,clvr_cost_0_intro_0.2_1
206,2,C,1866,Male,clvr_cost_0_intro_0.2_1
207,3,C,2525,Male,clvr_cost_0_intro_0.2_1
208,4,C,3409,Male,clvr_cost_0_intro_0.2_1
209,5,C,4688,Male,clvr_cost_0_intro_0.2_1
210,6,C,6196,Male,clvr_cost_0_intro_0.2_1
211,7,C,7944,Male,clvr_cost_0_intro_0.2_1
212,8,C,9064,Male,clvr_cost_0_intro_0.2_1
213,9,C,9931,Male,clvr_cost_0_intro_0.2_1
214,10,C,10254,Male,clvr_cost_0_intro_0.2_1
215,11,C,9950,Male,clvr_cost_0_intro_0.2_1
216,12,C,10016,Male,clvr_cost_0_intro_0.2_1
217,13,C,10088,Male,clvr_cost_0_intro_0.2_1
218,14,C,9980,Male,clvr_cost_0_intro_0.2_1
219,15,C,10026,Male,clvr_cost_0_intro_0.2_1
220,16,C,9890,Male,clvr_cost_0_intro_0.2_1
221,17,C,10048,Male,clvr_cost_0_intro_0.2_1
222,18,C,10570,Male,clvr_cost_0_intro_0.2_1
223,19,C,10196,Male,clvr_cost_0_intro_0.2_1
224,20,C,10184,Male,clvr_cost_0_intro_0.2_1
225,21,C,9858,Male,clvr_cost_0_intro_0.2_1
226,22,C,10132,Male,clvr_cost_0_intro_0.2_1
227,23,C,9886,Male,clvr_cost_0_intro_0.2_1
228,24,C,10068,Male,clvr_cost_0_intro_0.2_1
229,25,C,9950,Male,clvr_cost_0_intro_0.2_1
230,26,C,10136,Male,clvr_cost_0_intro_0.2_1
231,27,C,10230,Male,clvr_cost_0_intro_0.2_1
232,28,C,10130,Male,clvr_cost_0_intro_0.2_1
233,29,C,10036,Male,clvr_cost_0_intro_0.2_1
234,30,C,10128,Male,clvr_cost_0_intro_0.2_1
235,31,C,10046,Male,clvr_cost_0_intro_0.2_1
236,32,C,9840,Male,clvr_cost_0_intro_0.2_1
237,33,C,9862,Male,clvr_cost_0_intro_0.2_1
238,34,C,10192,Male,clvr_cost_0_intro_0.2_1
239,35,C,10094,Male,clvr_cost_0_intro_0.2_1
240,36,C,10044,Male,clvr_cost_0_intro_0.2_1
241,37,C,9798,Male,clvr_cost_0_intro_0.2_1
242,38,C,9920,Male,clvr_cost_0_intro_0.2_1
243,39,C,10048,Male,clvr_cost_0_intro_0.2_1
244,40,C,9894,Male,clvr_cost_0_intro_0.2_1
245,41,C,10158,Male,clvr_cost_0_intro_0.2_1
246,42,C,9922,Male,clvr_cost_0_intro_0.2_1
247,43,C,10084,Male,clvr_cost_0_intro_0.2_1
248,44,C,9858,Male,clvr_cost_0_intro_0.2_1
249,45,C,10214,Male,clvr_cost_0_intro_0.2_1
250,46,C,9898,Male,clvr_cost_0_intro_0.2_1
251,47,C,10046,Male,clvr_cost_0_intro_0.2_1
252,48,C,10184,Male,clvr_cost_0_intro_0.2_1
253,49,C,9802,Male,clvr_cost_0_intro_0.2_1
254,50,C,9996,Male,clvr_cost_0_intro_0.2_1
255,0,A,10000,Male,clvr_cost_0_intro_0.2_1
256,1,A,7397,Male,clvr_cost_0_intro_0.2_1
257,2,A,6548,Male,clvr_cost_0_intro_0.2_1
258,3,A,5485,Male,clvr_cost_0_intro_0.2_1
259,4,A,3917,Male,clvr_cost_0_intro_0.2_1
260,5,A,2608,Male,clvr_cost_0_intro_0.2_1
261,6,A,1210,Male,clvr_cost_0_intro_0.2_1
262,7,A,298,Male,clvr_cost_0_intro_0.2_1
263,8,A,36,Male,clvr_cost_0_intro_0.2_1
264,9,A,5,Male,clvr_cost_0_intro_0.2_1
265,10,A,0,Male,clvr_cost_0_intro_0.2_1
266,11,A,0,Male,clvr_cost_0_intro_0.2_1
267,12,A,0,Male,clvr_cost_0_intro_0.2_1
268,13,A,0,Male,clvr_cost_0_intro_0.2_1
269,14,A,0,Male,clvr_cost_0_intro_0.2_1
270,15,A,0,Male,clvr_cost_0_intro_0.2_1
271,16,A,0,Male,clvr_cost_0_intro_0.2_1
272,17,A,0,Male,clvr_cost_0_intro_0.2_1
273,18,A,0,Male,clvr_cost_0_intro_0.2_1
274,19,A,0,Male,clvr_cost_0_intro_0.2_1
275,20,A,0,Male,clvr_cost_0_intro_0.2_1
276,21,A,0,Male,clvr_cost_0_intro_0.2_1
277,22,A,0,Male,clvr_cost_0_intro_0.2_1
278,23,A,0,Male,clvr_cost_0_intro_0.2_1
279,24,A,0,Male,clvr_cost_0_intro_0.2_1
280,25,A,0,Male,clvr_cost_0_intro_0.2_1
281,26,A,0,Male,clvr_cost_0_intro_0.2_1
282,27,A,0,Male,clvr_cost_0_intro_0.2_1
283,28,A,0,Male,clvr_cost_0_intro_0.2_1
284,29,A,0,Male,clvr_cost_0_intro_0.2_1
285,30,A,0,Male,clvr_cost_0_intro_0.2_1
286,31,A,0,Male,clvr_cost_0_intro_0.2_1
287,32,A,0,Male,clvr_cost_0_intro_0.2_1
288,33,A,0,Male,clvr_cost_0_intro_0.2_1
289,34,A,0,Male,clvr_cost_0_intro_0.2_1
290,35,A,0,Male,clvr_cost_0_intro_0.2_1
291,36,A,0,Male,clvr_cost_0_intro_0.2_1
292,37,A,0,Male,clvr_cost_0_intro_0.2_1
293,38,A,0,Male,clvr_cost_0_intro_0.2_1
294,39,A,0,Male,clvr_cost_0_intro_0.2_1
295,40,A,0,Male,clvr_cost_0_intro_0.2_1
296,41,A,0,Male,clvr_cost_0_intro_0.2_1
297,42,A,0,Male,clvr_cost_0_intro_0.2_1
298,43,A,0,Male,clvr_cost_0_intro_0.2_1
299,44,A,0,Male,clvr_cost_0_intro_0.2_1
300,45,A,0,Male,clvr_cost_0_intro_0.2_1
301,46,A,0,Male,clvr_cost_0_intro_0.2_1
302,47,A,0,Male,clvr_cost_0_intro_0.2_1
303,48,A,0,Male,clvr_cost_0_intro_0.2_1
304,49,A,0,Male,clvr_cost_0_intro_0.2_1
305,50,A,0,Male,clvr_cost_0_intro_0.2_1
306,0,V,4000,Male,clvr_cost_0_intro_0.2_1
307,1,V,1227,Male,clvr_cost_0_intro_0.2_1
308,2,V,1914,Male,clvr_cost_0_intro_0.2_1
309,3,V,2589,Male,clvr_cost_0_intro_0.2_1
310,4,V,3467,Male,clvr_cost_0_intro_0.2_1
311,5,V,4769,Male,clvr_cost_0_intro_0.2_1
312,6,V,6265,Male,clvr_cost_0_intro_0.2_1
313,7,V,7978,Male,clvr_cost_0_intro_0.2_1
314,8,V,9073,Male,clvr_cost_0_intro_0.2_1
315,9,V,9935,Male,clvr_cost_0_intro_0.2_1
316,10,V,10254,Male,clvr_cost_0_intro_0.2_1
317,11,V,9950,Male,clvr_cost_0_intro_0.2_1
318,12,V,10016,Male,clvr_cost_0_intro_0.2_1
319,13,V,10088,Male,clvr_cost_0_intro_0.2_1
320,14,V,9980,Male,clvr_cost_0_intro_0.2_1
321,15,V,10026,Male,clvr_cost_0_intro_0.2_1
322,16,V,9890,Male,clvr_cost_0_intro_0.2_1
323,17,V,10048,Male,clvr_cost_0_intro_0.2_1
324,18,V,10570,Male,clvr_cost_0_intro_0.2_1
325,19,V,10196,Male,clvr_cost_0_intro_0.2_1
326,20,V,10184,Male,clvr_cost_0_intro_0.2_1
327,21,V,9858,Male,clvr_cost_0_intro_0.2_1
328,22,V,10132,Male,clvr_cost_0_intro_0.2_1
329,23,V,9886,Male,clvr_cost_0_intro_0.2_1
330,24,V,10068,Male,clvr_cost_0_intro_0.2_1
331,25,V,9950,Male,clvr_cost_0_intro_0.2_1
332,26,V,10136,Male,clvr_cost_0_intro_0.2_1
333,27,V,10230,Male,clvr_cost_0_intro_0.2_1
334,28,V,10130,Male,clvr_cost_0_intro_0.2_1
335,29,V,10036,Male,clvr_cost_0_intro_0.2_1
336,30,V,10128,Male,clvr_cost_0_intro_0.2_1
337,31,V,10046,Male,clvr_cost_0_intro_0.2_1
338,32,V,9840,Male,clvr_cost_0_intro_0.2_1
339,33,V,9862,Male,clvr_cost_0_intro_0.2_1
340,34,V,10192,Male,clvr_cost_0_intro_0.2_1
341,35,V,10094,Male,clvr_cost_0_intro_0.2_1
342,36,V,10044,Male,clvr_cost_0_intro_0.2_1
343,37,V,9798,Male,clvr_cost_0_intro_0.2_1
344,38,V,9920,Male,clvr_cost_0_intro_0.2_1
345,39,V,10048,Male,clvr_cost_0_intro_0.2_1
346,40,V,9894,Male,clvr_cost_0_intro_0.2_1
347,41,V,10158,Male,clvr_cost_0_intro_0.2_1
348,42,V,9922,Male,clvr_cost_0_intro_0.2_1
349,43,V,10084,Male,clvr_cost_0_intro_0.2_1
350,44,V,9858,Male,clvr_cost_0_intro_0.2_1
351,45,V,10214,Male,clvr_cost_0_intro_0.2_1
352,46,V,9898,Male,clvr_cost_0_intro_0.2_1
353,47,V,10046,Male,clvr_cost_0_intro_0.2_1
354,48,V,10184,Male,clvr_cost_0_intro_0.2_1
355,49,V,9802,Male,clvr_cost_0_intro_0.2_1
356,50,V,9996,Male,clvr_cost_0_intro_0.2_1
357,0,W,10000,Male,clvr_cost_0_intro_0.2_1
358,1,W,7397,Male,clvr_cost_0_intro_0.2_1
359,2,W,6500,Male,clvr_cost_0_intro_0.2_1
360,3,W,5421,Male,clvr_cost_0_intro_0.2_1
361,4,W,3859,Male,clvr_cost_0_intro_0.2_1
362,5,W,2527,Male,clvr_cost_0_intro_0.2_1
363,6,W,1141,Male,clvr_cost_0_intro_0.2_1
364,7,W,264,Male,clvr_cost_0_intro_0.2_1
365,8,W,27,Male,clvr_cost_0_intro_0.2_1
366,9,W,1,Male,clvr_cost_0_intro_0.2_1
367,10,W,0,Male,clvr_cost_0_intro_0.2_1
368,11,W,0,Male,clvr_cost_0_intro_0.2_1
369,12,W,0,Male,clvr_cost_0_intro_0.2_1
370,13,W,0,Male,clvr_cost_0_intro_0.2_1
371,14,W,0,Male,clvr_cost_0_intro_0.2_1
372,15,W,0,Male,clvr_cost_0_intro_0.2_1
373,16,W,0,Male,clvr_cost_0_intro_0.2_1
374,17,W,0,Male,clvr_cost_0_intro_0.2_1
375,18,W,0,Male,clvr_cost_0_intro_0.2_1
376,19,W,0,Male,clvr_cost_0_intro_0.2_1
377,20,W,0,Male,clvr_cost_0_intro_0.2_1
378,21,W,0,Male,clvr_cost_0_intro_0.2_1
379,22,W,0,Male,clvr_cost_0_intro_0.2_1
380,23,W,0,Male,clvr_cost_0_intro_0.2_1
381,24,W,0,Male,clvr_cost_0_intro_0.2_1
382,25,W,0,Male,clvr_cost_0_intro_0.2_1
383,26,W,0,Male,clvr_cost_0_intro_0.2_1
384,27,W,0,Male,clvr_cost_0_intro_0.2_1
385,28,W,0,Male,clvr_cost_0_intro_0.2_1
386,29,W,0,Male,clvr_cost_0_intro_0.2_1
387,30,W,0,Male,clvr_cost_0_intro_0.2_1
388,31,W,0,Male,clvr_cost_0_intro_0.2_1
389,32,W,0,Male,clvr_cost_0_intro_0.2_1
390,33,W,0,Male,clvr_cost_0_intro_0.2_1
391,34,W,0,Male,clvr_cost_0_intro_0.2_1
392,35,W,0,Male,clvr_cost_0_intro_0.2_1
393,36,W,0,Male,clvr_cost_0_intro_0.2_1
394,37,W,0,Male,clvr_cost_0_intro_0.2_1
395,38,W,0,Male,clvr_cost_0_intro_0.2_1
396,39,W,0,Male,clvr_cost_0_intro_0.2_1
397,40,W,0,Male,clvr_cost_0_intro_0.2_1
398,41,W,0,Male,clvr_cost_0_intro_0.2_1
399,42,W,0,Male,clvr_cost_0_intro_0.2_1
400,43,W,0,Male,clvr_cost_0_intro_0.2_1
401,44,W,0,Male,clvr_cost_0_intro_0.2_1
402,45,W,0,Male,clvr_cost_0_intro_0.2_1
403,46,W,0,Male,clvr_cost_0_intro_0.2_1
404,47,W,0,Male,clvr_cost_0_intro_0.2_1
405,48,W,0,Male,clvr_cost_0_intro_0.2_1
406,49,W,0,Male,clvr_cost_0_intro_0.2_1
407,50,W,0,Male,clvr_cost_0_intro_0.2_1
,Generation,Allele,Count,Sex,Run
0,0,C,0,Female,clvr_cost_0_intro_0.2_2
1,1,C,1238,Female,clvr_cost_0_intro_0.2_2
2,2,C,1776,Female,clvr_cost_0_intro_0.2_2
3,3,C,2441,Female,clvr_cost_0_intro_0.2_2
4,4,C,3419,Female,clvr_cost_0_intro_0.2_2
5,5,C,4686,Female,clvr_cost_0_intro_0.2_2
6,6,C,6057,Female,clvr_cost_0_intro_0.2_2
7,7,C,7735,Female,clvr_cost_0_intro_0.2_2
8,8,C,9140,Female,clvr_cost_0_intro_0.2_2
9,9,C,9754,Female,clvr_cost_0_intro_0.2_2
10,10,C,9980,Female,clvr_cost_0_intro_0.2_2
11,11,C,9816,Female,clvr_cost_0_intro_0.2_2
12,12,C,9778,Female,clvr_cost_0_intro_0.2_2
13,13,C,9890,Female,clvr_cost_0_intro_0.2_2
14,14,C,9898,Female,clvr_cost_0_intro_0.2_2
15,15,C,10008,Female,clvr_cost_0_intro_0.2_2
16,16,C,10140,Female,clvr_cost_0_intro_0.2_2
17,17,C,10256,Female,clvr_cost_0_intro_0.2_2
18,18,C,9910,Female,clvr_cost_0_intro_0.2_2
19,19,C,9756,Female,clvr_cost_0_intro_0.2_2
20,20,C,9894,Female,clvr_cost_0_intro_0.2_2
21,21,C,10004,Female,clvr_cost_0_intro_0.2_2
22,22,C,10032,Female,clvr_cost_0_intro_0.2_2
23,23,C,10014,Female,clvr_cost_0_intro_0.2_2
24,24,C,9748,Female,clvr_cost_0_intro_0.2_2
25,25,C,10036,Female,clvr_cost_0_intro_0.2_2
26,26,C,9800,Female,clvr_cost_0_intro_0.2_2
27,27,C,9904,Female,clvr_cost_0_intro_0.2_2
28,28,C,10046,Female,clvr_cost_0_intro_0.2_2
29,29,C,10060,Female,clvr_cost_0_intro_0.2_2
30,30,C,10026,Female,clvr_cost_0_intro_0.2_2
31,31,C,9902,Female,clvr_cost_0_intro_0.2_2
32,32,C,10014,Female,clvr_cost_0_intro_0.2_2
33,33,C,9802,Female,clvr_cost_0_intro_0.2_2
34,34,C,9936,Female,clvr_cost_0_intro_0.2_2
35,35,C,9746,Female,clvr_cost_0_intro_0.2_2
36,36,C,9770,Female,clvr_cost_0_intro_0.2_2
37,37,C,9744,Female,clvr_cost_0_intro_0.2_2
38,38,C,9720,Female,clvr_cost_0_intro_0.2_2
39,39,C,9738,Female,clvr_cost_0_intro_0.2_2
40,40,C,9818,Female,clvr_cost_0_intro_0.2_2
41,41,C,9792,Female,clvr_cost_0_intro_0.2_2
42,42,C,9748,Female,clvr_cost_0_intro_0.2_2
43,43,C,9516,Female,clvr_cost_0_intro_0.2_2
44,44,C,9670,Female,clvr_cost_0_intro_0.2_2
45,45,C,9928,Female,clvr_cost_0_intro_0.2_2
46,46,C,9934,Female,clvr_cost_0_intro_0.2_2
47,47,C,10122,Female,clvr_cost_0_intro_0.2_2
48,48,C,9964,Female,clvr_cost_0_intro_0.2_2
49,49,C,9994,Female,clvr_cost_0_intro_0.2_2
50,50,C,9782,Female,clvr_cost_0_intro_0.2_2
51,0,A,10000,Female,clvr_cost_0_intro_0.2_2
52,1,A,7380,Female,clvr_cost_0_intro_0.2_2
53,2,A,6344,Female,clvr_cost_0_intro_0.2_2
54,3,A,5279,Female,clvr_cost_0_intro_0.2_2
55,4,A,4029,Female,clvr_cost_0_intro_0.2_2
56,5,A,2458,Female,clvr_cost_0_intro_0.2_2
57,6,A,1029,Female,clvr_cost_0_intro_0.2_2
58,7,A,249,Female,clvr_cost_0_intro_0.2_2
59,8,A,18,Female,clvr_cost_0_intro_0.2_2
60,9,A,0,Female,clvr_cost_0_intro_0.2_2
61,10,A,0,Female,clvr_cost_0_intro_0.2_2
62,11,A,0,Female,clvr_cost_0_intro_0.2_2
63,12,A,0,Female,clvr_cost_0_intro_0.2_2
64,13,A,0,Female,clvr_cost_0_intro_0.2_2
65,14,A,0,Female,clvr_cost_0_intro_0.2_2
66,15,A,0,Female,clvr_cost_0_intro_0.2_2
67,16,A,0,Female,clvr_cost_0_intro_0.2_2
68,17,A,0,Female,clvr_cost_0_intro_0.2_2
69,18,A,0,Female,clvr_cost_0_intro_0.2_2
70,19,A,0,Female,clvr_cost_0_intro_0.2_2
71,20,A,0,Female,clvr_cost_0_intro_0.2_2
72,21,A,0,Female,clvr_cost_0_intro_0.2_2
73,22,A,0,Female,clvr_cost_0_intro_0.2_2
74,23,A,0,Female,clvr_cost_0_intro_0.2_2
75,24,A,0,Female,clvr_cost_0_intro_0.2_2
76,25,A,0,Female,clvr_cost_0_intro_0.2_2
77,26,A,0,Female,clvr_cost_0_intro_0.2_2
78,27,A,0,Female,clvr_cost_0_intro_0.2_2
79,28,A,0,Female,clvr_cost_0_intro_0.2_2
80,29,A,0,Female,clvr_cost_0_intro_0.2_2
81,30,A,0,Female,clvr_cost_0_intro_0.2_2
82,31,A,0,Female,clvr_cost_0_intro_0.2_2
83,32,A,0,Female,clvr_cost_0_intro_0.2_2
84,33,A,0,Female,clvr_cost_0_intro_0.2_2
85,34,A,0,Female,clvr_cost_0_intro_0.2_2
86,35,A,0,Female,clvr_cost_0_intro_0.2_2
87,36,A,0,Female,clvr_cost_0_intro_0.2_2
88,37,A,0,Female,clvr_cost_0_intro_0.2_2
89,38,A,0,Female,clvr_cost_0_intro_0.2_2
90,39,A,0,Female,clvr_cost_0_intro_0.2_2
91,40,A,0,Female,clvr_cost_0_intro_0.2_2
92,41,A,0,Female,clvr_cost_0_intro_0.2_2
93,42,A,0,Female,clvr_cost_0_intro_0.2_2
94,43,A,0,Female,clvr_cost_0_intro_0.2_2
95,44,A,0,Female,clvr_cost_0_intro_0.2_2
96,45,A,0,Female,clvr_cost_0_intro_0.2_2
97,46,A,0,Female,clvr_cost_0_intro_0.2_2
98,47,A,0,Female,clvr_cost_0_intro_0.2_2
99,48,A,0,Female,clvr_cost_0_intro_0.2_2
100,49,A,0,Female,clvr_cost_0_intro_0.2_2
101,50,A,0,Female,clvr_cost_0_intro_0.2_2
102,0,V,0,Female,clvr_cost_0_intro_0.2_2
103,1,V,1238,Female,clvr_cost_0_intro_0.2_2
104,2,V,1827,Female,clvr_cost_0_intro_0.2_2
105,3,V,2488,Female,clvr_cost_0_intro_0.2_2
106,4,V,3492,Female,clvr_cost_0_intro_0.2_2
107,5,V,4770,Female,clvr_cost_0_intro_0.2_2
108,6,V,6111,Female,clvr_cost_0_intro_0.2_2
109,7,V,7786,Female,clvr_cost_0_intro_0.2_2
110,8,V,9153,Female,clvr_cost_0_intro_0.2_2
111,9,V,9754,Female,clvr_cost_0_intro_0.2_2
112,10,V,9980,Female,clvr_cost_0_intro_0.2_2
113,11,V,9816,Female,clvr_cost_0_intro_0.2_2
114,12,V,9778,Female,clvr_cost_0_intro_0.2_2
115,13,V,9890,Female,clvr_cost_0_intro_0.2_2
116,14,V,9898,Female,clvr_cost_0_intro_0.2_2
117,15,V,10008,Female,clvr_cost_0_intro_0.2_2
118,16,V,10140,Female,clvr_cost_0_intro_0.2_2
119,17,V,10256,Female,clvr_cost_0_intro_0.2_2
120,18,V,9910,Female,clvr_cost_0_intro_0.2_2
121,19,V,9756,Female,clvr_cost_0_intro_0.2_2
122,20,V,9894,Female,clvr_cost_0_intro_0.2_2
123,21,V,10004,Female,clvr_cost_0_intro_0.2_2
124,22,V,10032,Female,clvr_cost_0_intro_0.2_2
125,23,V,10014,Female,clvr_cost_0_intro_0.2_2
126,24,V,9748,Female,clvr_cost_0_intro_0.2_2
127,25,V,10036,Female,clvr_cost_0_intro_0.2_2
128,26,V,9800,Female,clvr_cost_0_intro_0.2_2
129,27,V,9904,Female,clvr_cost_0_intro_0.2_2
130,28,V,10046,Female,clvr_cost_0_intro_0.2_2
131,29,V,10060,Female,clvr_cost_0_intro_0.2_2
132,30,V,10026,Female,clvr_cost_0_intro_0.2_2
133,31,V,9902,Female,clvr_cost_0_intro_0.2_2
134,32,V,10014,Female,clvr_cost_0_intro_0.2_2
135,33,V,9802,Female,clvr_cost_0_intro_0.2_2
136,34,V,9936,Female,clvr_cost_0_intro_0.2_2
137,35,V,9746,Female,clvr_cost_0_intro_0.2_2
138,36,V,9770,Female,clvr_cost_0_intro_0.2_2
139,37,V,9744,Female,clvr_cost_0_intro_0.2_2
140,38,V,9720,Female,clvr_cost_0_intro_0.2_2
141,39,V,9738,Female,clvr_cost_0_intro_0.2_2
142,40,V,9818,Female,clvr_cost_0_intro_0.2_2
143,41,V,9792,Female,clvr_cost_0_intro_0.2_2
144,42,V,9748,Female,clvr_cost_0_intro_0.2_2
145,43,V,9516,Female,clvr_cost_0_intro_0.2_2
146,44,V,9670,Female,clvr_cost_0_intro_0.2_2
147,45,V,9928,Female,clvr_cost_0_intro_0.2_2
148,46,V,9934,Female,clvr_cost_0_intro_0.2_2
149,47,V,10122,Female,clvr_cost_0_intro_0.2_2
150,48,V,9964,Female,clvr_cost_0_intro_0.2_2
151,49,V,9994,Female,clvr_cost_0_intro_0.2_2
152,50,V,9782,Female,clvr_cost_0_intro_0.2_2
153,0,W,10000,Female,clvr_cost_0_intro_0.2_2
154,1,W,7380,Female,clvr_cost_0_intro_0.2_2
155,2,W,6293,Female,clvr_cost_0_intro_0.2_2
156,3,W,5232,Female,clvr_cost_0_intro_0.2_2
157,4,W,3956,Female,clvr_cost_0_intro_0.2_2
158,5,W,2374,Female,clvr_cost_0_intro_0.2_2
159,6,W,975,Female,clvr_cost_0_intro_0.2_2
160,7,W,198,Female,clvr_cost_0_intro_0.2_2
161,8,W,5,Female,clvr_cost_0_intro_0.2_2
162,9,W,0,Female,clvr_cost_0_intro_0.2_2
163,10,W,0,Female,clvr_cost_0_intro_0.2_2
164,11,W,0,Female,clvr_cost_0_intro_0.2_2
165,12,W,0,Female,clvr_cost_0_intro_0.2_2
166,13,W,0,Female,clvr_cost_0_intro_0.2_2
167,14,W,0,Female,clvr_cost_0_intro_0.2_2
168,15,W,0,Female,clvr_cost_0_intro_0.2_2
169,16,W,0,Female,clvr_cost_0_intro_0.2_2
170,17,W,0,Female,clvr_cost_0_intro_0.2_2
171,18,W,0,Female,clvr_cost_0_intro_0.2_2
172,19,W,0,Female,clvr_cost_0_intro_0.2_2
173,20,W,0,Female,clvr_cost_0_intro_0.2_2
174,21,W,0,Female,clvr_cost_0_intro_0.2_2
175,22,W,0,Female,clvr_cost_0_intro_0.2_2
176,23,W,0,Female,clvr_cost_0_intro_0.2_2
177,24,W,0,Female,clvr_cost_0_intro_0.2_2
178,25,W,0,Female,clvr_cost_0_intro_0.2_2
179,26,W,0,Female,clvr_cost_0_intro_0.2_2
180,27,W,0,Female,clvr_cost_0_intro_0.2_2
181,28,W,0,Female,clvr_cost_0_intro_0.2_2
182,29,W,0,Female,clvr_cost_0_intro_0.2_2
183,30,W,0,Female,clvr_cost_0_intro_0.2_2
184,31,W,0,Female,clvr_cost_0_intro_0.2_2
185,32,W,0,Female,clvr_cost_0_intro_0.2_2
186,33,W,0,Female,clvr_cost_0_intro_0.2_2
187,34,W,0,Female,clvr_cost_0_intro_0.2_2
188,35,W,0,Female,clvr_cost_0_intro_0.2_2
189,36,W,0,Female,clvr_cost_0_intro_0.2_2
190,37,W,0,Female,clvr_cost_0_intro_0.2_2
191,38,W,0,Female,clvr_cost_0_intro_0.2_2
192,39,W,0,Female,clvr_cost_0_intro_0.2_2
193,40,W,0,Female,clvr_cost_0_intro_0.2_2
194,41,W,0,Female,clvr_cost_0_intro_0.2_2
195,42,W,0,Female,clvr_cost_0_intro_0.2_2
196,43,W,0,Female,clvr_cost_0_intro_0.2_2
197,44,W,0,Female,clvr_cost_0_intro_0.2_2
198,45,W,0,Female,clvr_cost_0_intro_0.2_2
199,46,W,0,Female,clvr_cost_0_intro_0.2_2
200,47,W,0,Female,clvr_cost_0_intro_0.2_2
201,48,W,0,Female,clvr_cost_0_intro_0.2_2
202,49,W,0,Female,clvr_cost_0_intro_0.2_2
203,50,W,0,Female,clvr_cost_0_intro_0.2_2
204,0,C,4000,Male,clvr_cost_0_intro_0.2_2
205,1,C,1234,Male,clvr_cost_0_intro_0.2_2
206,2,C,1844,Male,clvr_cost_0_intro_0.2_2
207,3,C,2458,Male,clvr_cost_0_intro_0.2_2
208,4,C,3496,Male,clvr_cost_0_intro_0.2_2
209,5,C,4829,Male,clvr_cost_0_intro_0.2_2
210,6,C,6312,Male,clvr_cost_0_intro_0.2_2
211,7,C,7911,Male,clvr_cost_0_intro_0.2_2
212,8,C,9228,Male,clvr_cost_0_intro_0.2_2
213,9,C,9874,Male,clvr_cost_0_intro_0.2_2
214,10,C,10052,Male,clvr_cost_0_intro_0.2_2
215,11,C,9916,Male,clvr_cost_0_intro_0.2_2
216,12,C,9882,Male,clvr_cost_0_intro_0.2_2
217,13,C,10108,Male,clvr_cost_0_intro_0.2_2
218,14,C,10012,Male,clvr_cost_0_intro_0.2_2
219,15,C,10074,Male,clvr_cost_0_intro_0.2_2
220,16,C,10220,Male,clvr_cost_0_intro_0.2_2
221,17,C,10348,Male,clvr_cost_0_intro_0.2_2
222,18,C,10050,Male,clvr_cost_0_intro_0.2_2
223,19,C,9756,Male,clvr_cost_0_intro_0.2_2
224,20,C,10116,Male,clvr_cost_0_intro_0.2_2
225,21,C,10082,Male,clvr_cost_0_intro_0.2_2
226,22,C,10120,Male,clvr_cost_0_intro_0.2_2
227,23,C,10076,Male,clvr_cost_0_intro_0.2_2
228,24,C,9930,Male,clvr_cost_0_intro_0.2_2
229,25,C,10036,Male,clvr_cost_0_intro_0.2_2
230,26,C,9866,Male,clvr_cost_0_intro_0.2_2
231,27,C,10020,Male,clvr_cost_0_intro_0.2_2
232,28,C,10054,Male,clvr_cost_0_intro_0.2_2
233,29,C,10110,Male,clvr_cost_0_intro_0.2_2
234,30,C,10318,Male,clvr_cost_0_intro_0.2_2
235,31,C,9962,Male,clvr_cost_0_intro_0.2_2
236,32,C,10072,Male,clvr_cost_0_intro_0.2_2
237,33,C,9910,Male,clvr_cost_0_intro_0.2_2
238,34,C,10074,Male,clvr_cost_0_intro_0.2_2
239,35,C,9982,Male,clvr_cost_0_intro_0.2_2
240,36,C,10066,Male,clvr_cost_0_intro_0.2_2
241,37,C,9776,Male,clvr_cost_0_intro_0.2_2
242,38,C,9988,Male,clvr_cost_0_intro_0.2_2
243,39,C,9848,Male,clvr_cost_0_intro_0.2_2
244,40,C,9986,Male,clvr_cost_0_intro_0.2_2
245,41,C,10042,Male,clvr_cost_0_intro_0.2_2
246,42,C,10136,Male,clvr_cost_0_intro_0.2_2
247,43,C,9936,Male,clvr_cost_0_intro_0.2_2
248,44,C,9764,Male,clvr_cost_0_intro_0.2_2
249,45,C,10090,Male,clvr_cost_0_intro_0.2_2
250,46,C,9992,Male,clvr_cost_0_intro_0.2_2
251,47,C,10122,Male,clvr_cost_0_intro_0.2_2
252,48,C,9978,Male,clvr_cost_0_intro_0.2_2
253,49,C,10222,Male,clvr_cost_0_intro_0.2_2
254,50,C,9824,Male,clvr_cost_0_intro_0.2_2
255,0,A,10000,Male,clvr_cost_0_intro_0.2_2
256,1,A,7476,Male,clvr_cost_0_intro_0.2_2
257,2,A,6900,Male,clvr_cost_0_intro_0.2_2
258,3,A,5354,Male,clvr_cost_0_intro_0.2_2
259,4,A,4012,Male,clvr_cost_0_intro_0.2_2
260,5,A,2493,Male,clvr_cost_0_intro_0.2_2
261,6,A,1052,Male,clvr_cost_0_intro_0.2_2
262,7,A,237,Male,clvr_cost_0_intro_0.2_2
263,8,A,26,Male,clvr_cost_0_intro_0.2_2
264,9,A,2,Male,clvr_cost_0_intro_0.2_2
265,10,A,0,Male,clvr_cost_0_intro_0.2_2
266,11,A,0,Male,clvr_cost_0_intro_0.2_2
267,12,A,0,Male,clvr_cost_0_intro_0.2_2
268,13,A,0,Male,clvr_cost_0_intro_0.2_2
269,14,A,0,Male,clvr_cost_0_intro_0.2_2
270,15,A,0,Male,clvr_cost_0_intro_0.2_2
271,16,A,0,Male,clvr_cost_0_intro_0.2_2
272,17,A,0,Male,clvr_cost_0_intro_0.2_2
273,18,A,0,Male,clvr_cost_0_intro_0.2_2
274,19,A,0,Male,clvr_cost_0_intro_0.2_2
275,20,A,0,Male,clvr_cost_0_intro_0.2_2
276,21,A,0,Male,clvr_cost_0_intro_0.2_2
277,22,A,0,Male,clvr_cost_0_intro_0.2_2
278,23,A,0,Male,clvr_cost_0_intro_0.2_2
279,24,A,0,Male,clvr_cost_0_intro_0.2_2
280,25,A,0,Male,clvr_cost_0_intro_0.2_2
281,26,A,0,Male,clvr_cost_0_intro_0.2_2
282,27,A,0,Male,clvr_cost_0_intro_0.2_2
283,28,A,0,Male,clvr_cost_0_intro_0.2_2
284,29,A,0,Male,clvr_cost_0_intro_0.2_2
285,30,A,0,Male,clvr_cost_0_intro_0.2_2
286,31,A,0,Male,clvr_cost_0_intro_0.2_2
287,32,A,0,Male,clvr_cost_0_intro_0.2_2
288,33,A,0,Male,clvr_cost_0_intro_0.2_2
289,34,A,0,Male,clvr_cost_0_intro_0.2_2
290,35,A,0,Male,clvr_cost_0_intro_0.2_2
291,36,A,0,Male,clvr_cost_0_intro_0.2_2
292,37,A,0,Male,clvr_cost_0_intro_0.2_2
293,38,A,0,Male,clvr_cost_0_intro_0.2_2
294,39,A,0,Male,clvr_cost_0_intro_0.2_2
295,40,A,0,Male,clvr_cost_0_intro_0.2_2
296,41,A,0,Male,clvr_cost_0_intro_0.2_2
297,42,A,0,Male,clvr_cost_0_intro_0.2_2
298,43,A,0,Male,clvr_cost_0_intro_0.2_2
299,44,A,0,Male,clvr_cost_0_intro_0.2_2
300,45,A,0,Male,clvr_cost_0_intro_0.2_2
301,46,A,0,Male,clvr_cost_0_intro_0.2_2
302,47,A,0,Male,clvr_cost_0_intro_0.2_2
303,48,A,0,Male,clvr_cost_0_intro_0.2_2
304,49,A,0,Male,clvr_cost_0_intro_0.2_2
305,50,A,0,Male,clvr_cost_0_intro_0.2_2
306,0,V,4000,Male,clvr_cost_0_intro_0.2_2
307,1,V,1234,Male,clvr_cost_0_intro_0.2_2
308,2,V,1886,Male,clvr_cost_0_intro_0.2_2
309,3,V,2525,Male,clvr_cost_0_intro_0.2_2
310,4,V,3571,Male,clvr_cost_0_intro_0.2_2
311,5,V,4907,Male,clvr_cost_0_intro_0.2_2
312,6,V,6376,Male,clvr_cost_0_intro_0.2_2
313,7,V,7949,Male,clvr_cost_0_intro_0.2_2
314,8,V,9238,Male,clvr_cost_0_intro_0.2_2
315,9,V,9875,Male,clvr_cost_0_intro_0.2_2
316,10,V,10052,Male,clvr_cost_0_intro_0.2_2
317,11,V,9916,Male,clvr_cost_0_intro_0.2_2
318,12,V,9882,Male,clvr_cost_0_intro_0.2_2
319,13,V,10108,Male,clvr_cost_0_intro_0.2_2
320,14,V,10012,Male,clvr_cost_0_intro_0.2_2
321,15,V,10074,Male,clvr_cost_0_intro_0.2_2
322,16,V,10220,Male,clvr_cost_0_intro_0.2_2
323,17,V,10348,Male,clvr_cost_0_intro_0.2_2
324,18,V,10050,Male,clvr_cost_0_intro_0.2_2
325,19,V,9756,Male,clvr_cost_0_intro_0.2_2
326,20,V,10116,Male,clvr_cost_0_intro_0.2_2
327,21,V,10082,Male,clvr_cost_0_intro_0.2_2
328,22,V,10120,Male,clvr_cost_0_intro_0.2_2
329,23,V,10076,Male,clvr_cost_0_intro_0.2_2
330,24,V,9930,Male,clvr_cost_0_intro_0.2_2
331,25,V,10036,Male,clvr_cost_0_intro_0.2_2
332,26,V,9866,Male,clvr_cost_0_intro_0.2_2
333,27,V,10020,Male,clvr_cost_0_intro_0.2_2
334,28,V,10054,Male,clvr_cost_0_intro_0.2_2
335,29,V,10110,Male,clvr_cost_0_intro_0.2_2
336,30,V,10318,Male,clvr_cost_0_intro_0.2_2
337,31,V,9962,Male,clvr_cost_0_intro_0.2_2
338,32,V,10072,Male,clvr_cost_0_intro_0.2_2
339,33,V,9910,Male,clvr_cost_0_intro_0.2_2
340,34,V,10074,Male,clvr_cost_0_intro_0.2_2
341,35,V,9982,Male,clvr_cost_0_intro_0.2_2
342,36,V,10066,Male,clvr_cost_0_intro_0.2_2
343,37,V,9776,Male,clvr_cost_0_intro_0.2_2
344,38,V,9988,Male,clvr_cost_0_intro_0.2_2
345,39,V,9848,Male,clvr_cost_0_intro_0.2_2
346,40,V,9986,Male,clvr_cost_0_intro_0.2_2
347,41,V,10042,Male,clvr_cost_0_intro_0.2_2
348,42,V,10136,Male,clvr_cost_0_intro_0.2_2
349,43,V,9936,Male,clvr_cost_0_intro_0.2_2
350,44,V,9764,Male,clvr_cost_0_intro_0.2_2
351,45,V,10090,Male,clvr_cost_0_intro_0.2_2
352,46,V,9992,Male,clvr_cost_0_intro_0.2_2
353,47,V,10122,Male,clvr_cost_0_intro_0.2_2
354,48,V,9978,Male,clvr_cost_0_intro_0.2_2
355,49,V,10222,Male,clvr_cost_0_intro_0.2_2
356,50,V,9824,Male,clvr_cost_0_intro_0.2_2
357,0,W,10000,Male,clvr_cost_0_intro_0.2_2
358,1,W,7476,Male,clvr_cost_0_intro_0.2_2
359,2,W,6858,Male,clvr_cost_0_intro_0.2_2
360,3,W,5287,Male,clvr_cost_0_intro_0.2_2
361,4,W,3937,Male,clvr_cost_0_intro_0.2_2
362,5,W,2415,Male,clvr_cost_0_intro_0.2_2
363,6,W,988,Male,clvr_cost_0_intro_0.2_2
364,7,W,199,Male,clvr_cost_0_intro_0.2_2
365,8,W,16,Male,clvr_cost_0_intro_0.2_2
366,9,W,1,Male,clvr_cost_0_intro_0.2_2
367,10,W,0,Male,clvr_cost_0_intro_0.2_2
368,11,W,0,Male,clvr_cost_0_intro_0.2_2
369,12,W,0,Male,clvr_cost_0_intro_0.2_2
370,13,W,0,Male,clvr_cost_0_intro_0.2_2
371,14,W,0,Male,clvr_cost_0_intro_0.2_2
372,15,W,0,Male,clvr_cost_0_intro_0.2_2
373,16,W,0,Male,clvr_cost_0_intro_0.2_2
374,17,W,0,Male,clvr_cost_0_intro_0.2_2
375,18,W,0,Male,clvr_cost_0_intro_0.2_2
376,19,W,0,Male,clvr_cost_0_intro_0.2_2
377,20,W,0,Male,clvr_cost_0_intro_0.2_2
378,21,W,0,Male,clvr_cost_0_intro_0.2_2
379,22,W,0,Male,clvr_cost_0_intro_0.2_2
380,23,W,0,Male,clvr_cost_0_intro_0.2_2
381,24,W,0,Male,clvr_cost_0_intro_0.2_2
382,25,W,0,Male,clvr_cost_0_intro_0.2_2
383,26,W,0,Male,clvr_cost_0_intro_0.2_2
384,27,W,0,Male,clvr_cost_0_intro_0.2_2
385,28,W,0,Male,clvr_cost_0_intro_0.2_2
386,29,W,0,Male,clvr_cost_0_intro_0.2_2
387,30,W,0,Male,clvr_cost_0_intro_0.2_2
388,31,W,0,Male,clvr_cost_0_intro_0.2_2
389,32,W,0,Male,clvr_cost_0_intro_0.2_2
390,33,W,0,Male,clvr_cost_0_intro_0.2_2
391,34,W,0,Male,clvr_cost_0_intro_0.2_2
392,35,W,0,Male,clvr_cost_0_intro_0.2_2
393,36,W,0,Male,clvr_cost_0_intro_0.2_2
394,37,W,0,Male,clvr_cost_0_intro_0.2_2
395,38,W,0,Male,clvr_cost_0_intro_0.2_2
396,39,W,0,Male,clvr_cost_0_intro_0.2_2
397,40,W,0,Male,clvr_cost_0_intro_0.2_2
398,41,W,0,Male,clvr_cost_0_intro_0.2_2
399,42,W,0,Male,clvr_cost_0_intro_0.2_2
400,43,W,0,Male,clvr_cost_0_intro_0.2_2
401,44,W,0,Male,clvr_cost_0_intro_0.2_2
402,45,W,0,Male,clvr_cost_0_intro_0.2_2
403,46,W,0,Male,clvr_cost_0_intro_0.2_2
404,47,W,0,Male,clvr_cost_0_intro_0.2_2
405,48,W,0,Male,clvr_cost_0_intro_0.2_2
406,49,W,0,Male,clvr_cost_0_intro_0.2_2
407,50,W,0,Male,clvr_cost_0_intro_0.2_2
,Generation,Allele,Count,Sex,Run
0,0,C,0,Female,clvr_cost_0_intro_0.2_3
1,1,C,1176,Female,clvr_cost_0_intro_0.2_3
2,2,C,1871,Female,clvr_cost_0_intro_0.2_3
3,3,C,2536,Female,clvr_cost_0_intro_0.2_3
4,4,C,3488,Female,clvr_cost_0_intro_0.2_3
5,5,C,4766,Female,clvr_cost_0_intro_0.2_3
6,6,C,6166,Female,clvr_cost_0_intro_0.2_3
7,7,C,7928,Female,clvr_cost_0_intro_0.2_3
8,8,C,9274,Female,clvr_cost_0_intro_0.2_3
9,9,C,9692,Female,clvr_cost_0_intro_0.2_3
10,10,C,9702,Female,clvr_cost_0_intro_0.2_3
11,11,C,9844,Female,clvr_cost_0_intro_0.2_3
12,12,C,9964,Female,clvr_cost_0_intro_0.2_3
13,13,C,10042,Female,clvr_cost_0_intro_0.2_3
14,14,C,9774,Female,clvr_cost_0_intro_0.2_3
15,15,C,9982,Female,clvr_cost_0_intro_0.2_3
16,16,C,10150,Female,clvr_cost_0_intro_0.2_3
17,17,C,10098,Female,clvr_cost_0_intro_0.2_3
18,18,C,9972,Female,clvr_cost_0_intro_0.2_3
19,19,C,9916,Female,clvr_cost_0_intro_0.2_3
20,20,C,10162,Female,clvr_cost_0_intro_0.2_3
21,21,C,9810,Female,clvr_cost_0_intro_0.2_3
22,22,C,9982,Female,clvr_cost_0_intro_0.2_3
23,23,C,10126,Female,clvr_cost_0_intro_0.2_3
24,24,C,9834,Female,clvr_cost_0_intro_0.2_3
25,25,C,9710,Female,clvr_cost_0_intro_0.2_3
26,26,C,9584,Female,clvr_cost_0_intro_0.2_3
27,27,C,9754,Female,clvr_cost_0_intro_0.2_3
28,28,C,9996,Female,clvr_cost_0_intro_0.2_3
29,29,C,9634,Female,clvr_cost_0_intro_0.2_3
30,30,C,9754,Female,clvr_cost_0_intro_0.2_3
31,31,C,9930,Female,clvr_cost_0_intro_0.2_3
32,32,C,10146,Female,clvr_cost_0_intro_0.2_3
33,33,C,9832,Female,clvr_cost_0_intro_0.2_3
34,34,C,9790,Female,clvr_cost_0_intro_0.2_3
35,35,C,9978,Female,clvr_cost_0_intro_0.2_3
36,36,C,10174,Female,clvr_cost_0_intro_0.2_3
37,37,C,10034,Female,clvr_cost_0_intro_0.2_3
38,38,C,9810,Female,clvr_cost_0_intro_0.2_3
39,39,C,9950,Female,clvr_cost_0_intro_0.2_3
40,40,C,9814,Female,clvr_cost_0_intro_0.2_3
41,41,C,9798,Female,clvr_cost_0_intro_0.2_3
42,42,C,9844,Female,clvr_cost_0_intro_0.2_3
43,43,C,9818,Female,clvr_cost_0_intro_0.2_3
44,44,C,9808,Female,clvr_cost_0_intro_0.2_3
45,45,C,9716,Female,clvr_cost_0_intro_0.2_3
46,46,C,9932,Female,clvr_cost_0_intro_0.2_3
47,47,C,9890,Female,clvr_cost_0_intro_0.2_3
48,48,C,9896,Female,clvr_cost_0_intro_0.2_3
49,49,C,9926,Female,clvr_cost_0_intro_0.2_3
50,50,C,10020,Female,clvr_cost_0_intro_0.2_3
51,0,A,10000,Female,clvr_cost_0_intro_0.2_3
52,1,A,7332,Female,clvr_cost_0_intro_0.2_3
53,2,A,6623,Female,clvr_cost_0_intro_0.2_3
54,3,A,5286,Female,clvr_cost_0_intro_0.2_3
55,4,A,4072,Female,clvr_cost_0_intro_0.2_3
56,5,A,2544,Female,clvr_cost_0_intro_0.2_3
57,6,A,1094,Female,clvr_cost_0_intro_0.2_3
58,7,A,252,Female,clvr_cost_0_intro_0.2_3
59,8,A,24,Female,clvr_cost_0_intro_0.2_3
60,9,A,2,Female,clvr_cost_0_intro_0.2_3
61,10,A,0,Female,clvr_cost_0_intro_0.2_3
62,11,A,0,Female,clvr_cost_0_intro_0.2_3
63,12,A,0,Female,clvr_cost_0_intro_0.2_3
64,13,A,0,Female,clvr_cost_0_intro_0.2_3
65,14,A,0,Female,clvr_cost_0_intro_0.2_3
66,15,A,0,Female,clvr_cost_0_intro_0.2_3
67,16,A,0,Female,clvr_cost_0_intro_0.2_3
68,17,A,0,Female,clvr_cost_0_intro_0.2_3
69,18,A,0,Female,clvr_cost_0_intro_0.2_3
70,19,A,0,Female,clvr_cost_0_intro_0.2_3
71,20,A,0,Female,clvr_cost_0_intro_0.2_3
72,21,A,0,Female,clvr_cost_0_intro_0.2_3
73,22,A,0,Female,clvr_cost_0_intro_0.2_3
74,23,A,0,Female,clvr_cost_0_intro_0.2_3
75,24,A,0,Female,clvr_cost_0_intro_0.2_3
76,25,A,0,Female,clvr_cost_0_intro_0.2_3
77,26,A,0,Female,clvr_cost_0_intro_0.2_3
78,27,A,0,Female,clvr_cost_0_intro_0.2_3
79,28,A,0,Female,clvr_cost_0_intro_0.2_3
80,29,A,0,Female,clvr_cost_0_intro_0.2_3
81,30,A,0,Female,clvr_cost_0_intro_0.2_3
82,31,A,0,Female,clvr_cost_0_intro_0.2_3
83,32,A,0,Female,clvr_cost_0_intro_0.2_3
84,33,A,0,Female,clvr_cost_0_intro_0.2_3
85,34,A,0,Female,clvr_cost_0_intro_0.2_3
86,35,A,0,Female,clvr_cost_0_intro_0.2_3
87,36,A,0,Female,clvr_cost_0_intro_0.2_3
88,37,A,0,Female,clvr_cost_0_intro_0.2_3
89,38,A,0,Female,clvr_cost_0_intro_0.2_3
90,39,A,0,Female,clvr_cost_0_intro_0.2_3
91,40,A,0,Female,clvr_cost_0_intro_0.2_3
92,41,A,0,Female,clvr_cost_0_intro_0.2_3
93,42,A,0,Female,clvr_cost_0_intro_0.2_3
94,43,A,0,Female,clvr_cost_0_intro_0.2_3
95,44,A,0,Female,clvr_cost_0_intro_0.2_3
96,45,A,0,Female,clvr_cost_0_intro_0.2_3
97,46,A,0,Female,clvr_cost_0_intro_0.2_3
98,47,A,0,Female,clvr_cost_0_intro_0.2_3
99,48,A,0,Female,clvr_cost_0_intro_0.2_3
100,49,A,0,Female,clvr_cost_0_intro_0.2_3
101,50,A,0,Female,clvr_cost_0_intro_0.2_3
102,0,V,0,Female,clvr_cost_0_intro_0.2_3
103,1,V,1176,Female,clvr_cost_0_intro_0.2_3
104,2,V,1922,Female,clvr_cost_0_intro_0.2_3
105,3,V,2588,Female,clvr_cost_0_intro_0.2_3
106,4,V,3566,Female,clvr_cost_0_intro_0.2_3
107,5,V,4828,Female,clvr_cost_0_intro_0.2_3
108,6,V,6247,Female,clvr_cost_0_intro_0.2_3
109,7,V,7976,Female,clvr_cost_0_intro_0.2_3
110,8,V,9280,Female,clvr_cost_0_intro_0.2_3
111,9,V,9693,Female,clvr_cost_0_intro_0.2_3
112,10,V,9702,Female,clvr_cost_0_intro_0.2_3
113,11,V,9844,Female,clvr_cost_0_intro_0.2_3
114,12,V,9964,Female,clvr_cost_0_intro_0.2_3
115,13,V,10042,Female,clvr_cost_0_intro_0.2_3
116,14,V,9774,Female,clvr_cost_0_intro_0.2_3
117,15,V,9982,Female,clvr_cost_0_intro_0.2_3
118,16,V,10150,Female,clvr_cost_0_intro_0.2_3
119,17,V,10098,Female,clvr_cost_0_intro_0.2_3
120,18,V,9972,Female,clvr_cost_0_intro_0.2_3
121,19,V,9916,Female,clvr_cost_0_intro_0.2_3
122,20,V,10162,Female,clvr_cost_0_intro_0.2_3
123,21,V,9810,Female,clvr_cost_0_intro_0.2_3
124,22,V,9982,Female,clvr_cost_0_intro_0.2_3
125,23,V,10126,Female,clvr_cost_0_intro_0.2_3
126,24,V,9834,Female,clvr_cost_0_intro_0.2_3
127,25,V,9710,Female,clvr_cost_0_intro_0.2_3
128,26,V,9584,Female,clvr_cost_0_intro_0.2_3
129,27,V,9754,Female,clvr_cost_0_intro_0.2_3
130,28,V,9996,Female,clvr_cost_0_intro_0.2_3
131,29,V,9634,Female,clvr_cost_0_intro_0.2_3
132,30,V,9754,Female,clvr_cost_0_intro_0.2_3
133,31,V,9930,Female,clvr_cost_0_intro_0.2_3
134,32,V,10146,Female,clvr_cost_0_intro_0.2_3
135,33,V,9832,Female,clvr_cost_0_intro_0.2_3
136,34,V,9790,Female,clvr_cost_0_intro_0.2_3
137,35,V,9978,Female,clvr_cost_0_intro_0.2_3
138,36,V,10174,Female,clvr_cost_0_intro_0.2_3
139,37,V,10034,Female,clvr_cost_0_intro_0.2_3
140,38,V,9810,Female,clvr_cost_0_intro_0.2_3
141,39,V,9950,Female,clvr_cost_0_intro_0.2_3
142,40,V,9814,Female,clvr_cost_0_intro_0.2_3
143,41,V,9798,Female,clvr_cost_0_intro_0.2_3
144,42,V,9844,Female,clvr_cost_0_intro_0.2_3
145,43,V,9818,Female,clvr_cost_0_intro_0.2_3
146,44,V,9808,Female,clvr_cost_0_intro_0.2_3
147,45,V,9716,Female,clvr_cost_0_intro_0.2_3
148,46,V,9932,Female,clvr_cost_0_intro_0.2_3
149,47,V,9890,Female,clvr_cost_0_intro_0.2_3
150,48,V,9896,Female,clvr_cost_0_intro_0.2_3
151,49,V,9926,Female,clvr_cost_0_intro_0.2_3
152,50,V,10020,Female,clvr_cost_0_intro_0.2_3
153,0,W,10000,Female,clvr_cost_0_intro_0.2_3
154,1,W,7332,Female,clvr_cost_0_intro_0.2_3
155,2,W,6572,Female,clvr_cost_0_intro_0.2_3
156,3,W,5234,Female,clvr_cost_0_intro_0.2_3
157,4,W,3994,Female,clvr_cost_0_intro_0.2_3
158,5,W,2482,Female,clvr_cost_0_intro_0.2_3
159,6,W,1013,Female,clvr_cost_0_intro_0.2_3
160,7,W,204,Female,clvr_cost_0_intro_0.2_3
161,8,W,18,Female,clvr_cost_0_intro_0.2_3
162,9,W,1,Female,clvr_cost_0_intro_0.2_3
163,10,W,0,Female,clvr_cost_0_intro_0.2_3
164,11,W,0,Female,clvr_cost_0_intro_0.2_3
165,12,W,0,Female,clvr_cost_0_intro_0.2_3
166,13,W,0,Female,clvr_cost_0_intro_0.2_3
167,14,W,0,Female,clvr_cost_0_intro_0.2_3
168,15,W,0,Female,clvr_cost_0_intro_0.2_3
169,16,W,0,Female,clvr_cost_0_intro_0.2_3
170,17,W,0,Female,clvr_cost_0_intro_0.2_3
171,18,W,0,Female,clvr_cost_0_intro_0.2_3
172,19,W,0,Female,clvr_cost_0_intro_0.2_3
173,20,W,0,Female,clvr_cost_0_intro_0.2_3
174,21,W,0,Female,clvr_cost_0_intro_0.2_3
175,22,W,0,Female,clvr_cost_0_intro_0.2_3
176,23,W,0,Female,clvr_cost_0_intro_0.2_3
177,24,W,0,Female,clvr_cost_0_intro_0.2_3
178,25,W,0,Female,clvr_cost_0_intro_0.2_3
179,26,W,0,Female,clvr_cost_0_intro_0.2_3
180,27,W,0,Female,clvr_cost_0_intro_0.2_3
181,28,W,0,Female,clvr_cost_0_intro_0.2_3
182,29,W,0,Female,clvr_cost_0_intro_0.2_3
183,30,W,0,Female,clvr_cost_0_intro_0.2_3
184,31,W,0,Female,clvr_cost_0_intro_0.2_3
185,32,W,0,Female,clvr_cost_0_intro_0.2_3
186,33,W,0,Female,clvr_cost_0_intro_0.2_3
187,34,W,0,Female,clvr_cost_0_intro_0.2_3
188,35,W,0,Female,clvr_cost_0_intro_0.2_3
189,36,W,0,Female,clvr_cost_0_intro_0.2_3
190,37,W,0,Female,clvr_cost_0_intro_0.2_3
191,38,W,0,Female,clvr_cost_0_intro_0.2_3
192,39,W,0,Female,clvr_cost_0_intro_0.2_3
193,40,W,0,Female,clvr_cost_0_intro_0.2_3
194,41,W,0,Female,clvr_cost_0_intro_0.2_3
195,42,W,0,Female,clvr_cost_0_intro_0.2_3
196,43,W,0,Female,clvr_cost_0_intro_0.2_3
197,44,W,0,Female,clvr_cost_0_intro_0.2_3
198,45,W,0,Female,clvr_cost_0_intro_0.2_3
199,46,W,0,Female,clvr_cost_0_intro_0.2_3
200,47,W,0,Female,clvr_cost_0_intro_0.2_3
201,48,W,0,Female,clvr_cost_0_intro_0.2_3
202,49,W,0,Female,clvr_cost_0_intro_0.2_3
203,50,W,0,Female,clvr_cost_0_intro_0.2_3
204,0,C,4000,Male,clvr_cost_0_intro_0.2_3
205,1,C,1281,Male,clvr_cost_0_intro_0.2_3
206,2,C,1840,Male,clvr_cost_0_intro_0.2_3
207,3,C,2527,Male,clvr_cost_0_intro_0.2_3
208,4,C,3537,Male,clvr_cost_0_intro_0.2_3
209,5,C,4821,Male,clvr_cost_0_intro_0.2_3
210,6,C,6264,Male,clvr_cost_0_intro_0.2_3
211,7,C,8172,Male,clvr_cost_0_intro_0.2_3
212,8,C,9331,Male,clvr_cost_0_intro_0.2_3
213,9,C,9889,Male,clvr_cost_0_intro_0.2_3
214,10,C,9760,Male,clvr_cost_0_intro_0.2_3
215,11,C,9966,Male,clvr_cost_0_intro_0.2_3
216,12,C,10076,Male,clvr_cost_0_intro_0.2_3
217,13,C,10118,Male,clvr_cost_0_intro_0.2_3
218,14,C,9840,Male,clvr_cost_0_intro_0.2_3
219,15,C,10018,Male,clvr_cost_0_intro_0.2_3
220,16,C,10316,Male,clvr_cost_0_intro_0.2_3
221,17,C,10126,Male,clvr_cost_0_intro_0.2_3
222,18,C,9984,Male,clvr_cost_0_intro_0.2_3
223,19,C,10042,Male,clvr_cost_0_intro_0.2_3
224,20,C,10260,Male,clvr_cost_0_intro_0.2_3
225,21,C,10074,Male,clvr_cost_0_intro_0.2_3
226,22,C,9990,Male,clvr_cost_0_intro_0.2_3
227,23,C,10194,Male,clvr_cost_0_intro_0.2_3
228,24,C,9910,Male,clvr_cost_0_intro_0.2_3
229,25,C,9998,Male,clvr_cost_0_intro_0.2_3
230,26,C,9920,Male,clvr_cost_0_intro_0.2_3
231,27,C,9794,Male,clvr_cost_0_intro_0.2_3
232,28,C,10002,Male,clvr_cost_0_intro_0.2_3
233,29,C,10150,Male,clvr_cost_0_intro_0.2_3
234,30,C,9934,Male,clvr_cost_0_intro_0.2_3
235,31,C,9964,Male,clvr_cost_0_intro_0.2_3
236,32,C,10204,Male,clvr_cost_0_intro_0.2_3
237,33,C,10168,Male,clvr_cost_0_intro_0.2_3
238,34,C,10090,Male,clvr_cost_0_intro_0.2_3
239,35,C,9984,Male,clvr_cost_0_intro_0.2_3
240,36,C,10414,Male,clvr_cost_0_intro_0.2_3
241,37,C,10162,Male,clvr_cost_0_intro_0.2_3
242,38,C,10094,Male,clvr_cost_0_intro_0.2_3
243,39,C,9984,Male,clvr_cost_0_intro_0.2_3
244,40,C,9994,Male,clvr_cost_0_intro_0.2_3
245,41,C,10064,Male,clvr_cost_0_intro_0.2_3
246,42,C,9966,Male,clvr_cost_0_intro_0.2_3
247,43,C,10006,Male,clvr_cost_0_intro_0.2_3
248,44,C,10050,Male,clvr_cost_0_intro_0.2_3
249,45,C,10034,Male,clvr_cost_0_intro_0.2_3
250,46,C,9998,Male,clvr_cost_0_intro_0.2_3
251,47,C,10090,Male,clvr_cost_0_intro_0.2_3
252,48,C,10056,Male,clvr_cost_0_intro_0.2_3
253,49,C,9940,Male,clvr_cost_0_intro_0.2_3
254,50,C,10126,Male,clvr_cost_0_intro_0.2_3
255,0,A,10000,Male,clvr_cost_0_intro_0.2_3
256,1,A,7413,Male,clvr_cost_0_intro_0.2_3
257,2,A,6808,Male,clvr_cost_0_intro_0.2_3
258,3,A,5529,Male,clvr_cost_0_intro_0.2_3
259,4,A,4029,Male,clvr_cost_0_intro_0.2_3
260,5,A,2491,Male,clvr_cost_0_intro_0.2_3
261,6,A,1026,Male,clvr_cost_0_intro_0.2_3
262,7,A,278,Male,clvr_cost_0_intro_0.2_3
263,8,A,43,Male,clvr_cost_0_intro_0.2_3
264,9,A,3,Male,clvr_cost_0_intro_0.2_3
265,10,A,0,Male,clvr_cost_0_intro_0.2_3
266,11,A,0,Male,clvr_cost_0_intro_0.2_3
267,12,A,0,Male,clvr_cost_0_intro_0.2_3
268,13,A,0,Male,clvr_cost_0_intro_0.2_3
269,14,A,0,Male,clvr_cost_0_intro_0.2_3
270,15,A,0,Male,clvr_cost_0_intro_0.2_3
271,16,A,0,Male,clvr_cost_0_intro_0.2_3
272,17,A,0,Male,clvr_cost_0_intro_0.2_3
273,18,A,0,Male,clvr_cost_0_intro_0.2_3
274,19,A,0,Male,clvr_cost_0_intro_0.2_3
275,20,A,0,Male,clvr_cost_0_intro_0.2_3
276,21,A,0,Male,clvr_cost_0_intro_0.2_3
277,22,A,0,Male,clvr_cost_0_intro_0.2_3
278,23,A,0,Male,clvr_cost_0_intro_0.2_3
279,24,A,0,Male,clvr_cost_0_intro_0.2_3
280,25,A,0,Male,clvr_cost_0_intro_0.2_3
281,26,A,0,Male,clvr_cost_0_intro_0.2_3
282,27,A,0,Male,clvr_cost_0_intro_0.2_3
283,28,A,0,Male,clvr_cost_0_intro_0.2_3
284,29,A,0,Male,clvr_cost_0_intro_0.2_3
285,30,A,0,Male,clvr_cost_0_intro_0.2_3
286,31,A,0,Male,clvr_cost_0_intro_0.2_3
287,32,A,0,Male,clvr_cost_0_intro_0.2_3
288,33,A,0,Male,clvr_cost_0_intro_0.2_3
289,34,A,0,Male,clvr_cost_0_intro_0.2_3
290,35,A,0,Male,clvr_cost_0_intro_0.2_3
291,36,A,0,Male,clvr_cost_0_intro_0.2_3
292,37,A,0,Male,clvr_cost_0_intro_0.2_3
293,38,A,0,Male,clvr_cost_0_intro_0.2_3
294,39,A,0,Male,clvr_cost_0_intro_0.2_3
295,40,A,0,Male,clvr_cost_0_intro_0.2_3
296,41,A,0,Male,clvr_cost_0_intro_0.2_3
297,42,A,0,Male,clvr_cost_0_intro_0.2_3
298,43,A,0,Male,clvr_cost_0_intro_0.2_3
299,44,A,0,Male,clvr_cost_0_intro_0.2_3
300,45,A,0,Male,clvr_cost_0_intro_0.2_3
301,46,A,0,Male,clvr_cost_0_intro_0.2_3
302,47,A,0,Male,clvr_cost_0_intro_0.2_3
303,48,A,0,Male,clvr_cost_0_intro_0.2_3
304,49,A,0,Male,clvr_cost_0_intro_0.2_3
305,50,A,0,Male,clvr_cost_0_intro_0.2_3
306,0,V,4000,Male,clvr_cost_0_intro_0.2_3
307,1,V,1281,Male,clvr_cost_0_intro_0.2_3
308,2,V,1876,Male,clvr_cost_0_intro_0.2_3
309,3,V,2592,Male,clvr_cost_0_intro_0.2_3
310,4,V,3600,Male,clvr_cost_0_intro_0.2_3
311,5,V,4889,Male,clvr_cost_0_intro_0.2_3
312,6,V,6334,Male,clvr_cost_0_intro_0.2_3
313,7,V,8213,Male,clvr_cost_0_intro_0.2_3
314,8,V,9342,Male,clvr_cost_0_intro_0.2_3
315,9,V,9891,Male,clvr_cost_0_intro_0.2_3
316,10,V,9760,Male,clvr_cost_0_intro_0.2_3
317,11,V,9966,Male,clvr_cost_0_intro_0.2_3
318,12,V,10076,Male,clvr_cost_0_intro_0.2_3
319,13,V,10118,Male,clvr_cost_0_intro_0.2_3
320,14,V,9840,Male,clvr_cost_0_intro_0.2_3
321,15,V,10018,Male,clvr_cost_0_intro_0.2_3
322,16,V,10316,Male,clvr_cost_0_intro_0.2_3
323,17,V,10126,Male,clvr_cost_0_intro_0.2_3
324,18,V,9984,Male,clvr_cost_0_intro_0.2_3
325,19,V,10042,Male,clvr_cost_0_intro_0.2_3
326,20,V,10260,Male,clvr_cost_0_intro_0.2_3
327,21,V,10074,Male,clvr_cost_0_intro_0.2_3
328,22,V,9990,Male,clvr_cost_0_intro_0.2_3
329,23,V,10194,Male,clvr_cost_0_intro_0.2_3
330,24,V,9910,Male,clvr_cost_0_intro_0.2_3
331,25,V,9998,Male,clvr_cost_0_intro_0.2_3
332,26,V,9920,Male,clvr_cost_0_intro_0.2_3
333,27,V,9794,Male,clvr_cost_0_intro_0.2_3
334,28,V,10002,Male,clvr_cost_0_intro_0.2_3
335,29,V,10150,Male,clvr_cost_0_intro_0.2_3
336,30,V,9934,Male,clvr_cost_0_intro_0.2_3
337,31,V,9964,Male,clvr_cost_0_intro_0.2_3
338,32,V,10204,Male,clvr_cost_0_intro_0.2_3
339,33,V,10168,Male,clvr_cost_0_intro_0.2_3
340,34,V,10090,Male,clvr_cost_0_intro_0.2_3
341,35,V,9984,Male,clvr_cost_0_intro_0.2_3
342,36,V,10414,Male,clvr_cost_0_intro_0.2_3
343,37,V,10162,Male,clvr_cost_0_intro_0.2_3
344,38,V,10094,Male,clvr_cost_0_intro_0.2_3
345,39,V,9984,Male,clvr_cost_0_intro_0.2_3
346,40,V,9994,Male,clvr_cost_0_intro_0.2_3
347,41,V,10064,Male,clvr_cost_0_intro_0.2_3
348,42,V,9966,Male,clvr_cost_0_intro_0.2_3
349,43,V,10006,Male,clvr_cost_0_intro_0.2_3
350,44,V,10050,Male,clvr_cost_0_intro_0.2_3
351,45,V,10034,Male,clvr_cost_0_intro_0.2_3
352,46,V,9998,Male,clvr_cost_0_intro_0.2_3
353,47,V,10090,Male,clvr_cost_0_intro_0.2_3
354,48,V,10056,Male,clvr_cost_0_intro_0.2_3
355,49,V,9940,Male,clvr_cost_0_intro_0.2_3
356,50,V,10126,Male,clvr_cost_0_intro_0.2_3
357,0,W,10000,Male,clvr_cost_0_intro_0.2_3
358,1,W,7413,Male,clvr_cost_0_intro_0.2_3
359,2,W,6772,Male,clvr_cost_0_intro_0.2_3
360,3,W,5464,Male,clvr_cost_0_intro_0.2_3
361,4,W,3966,Male,clvr_cost_0_intro_0.2_3
362,5,W,2423,Male,clvr_cost_0_intro_0.2_3
363,6,W,956,Male,clvr_cost_0_intro_0.2_3
364,7,W,237,Male,clvr_cost_0_intro_0.2_3
365,8,W,32,Male,clvr_cost_0_intro_0.2_3
366,9,W,1,Male,clvr_cost_0_intro_0.2_3
367,10,W,0,Male,clvr_cost_0_intro_0.2_3
368,11,W,0,Male,clvr_cost_0_intro_0.2_3
369,12,W,0,Male,clvr_cost_0_intro_0.2_3
370,13,W,0,Male,clvr_cost_0_intro_0.2_3
371,14,W,0,Male,clvr_cost_0_intro_0.2_3
372,15,W,0,Male,clvr_cost_0_intro_0.2_3
373,16,W,0,Male,clvr_cost_0_intro_0.2_3
374,17,W,0,Male,clvr_cost_0_intro_0.2_3
375,18,W,0,Male,clvr_cost_0_intro_0.2_3
376,19,W,0,Male,clvr_cost_0_intro_0.2_3
377,20,W,0,Male,clvr_cost_0_intro_0.2_3
378,21,W,0,Male,clvr_cost_0_intro_0.2_3
379,22,W,0,Male,clvr_cost_0_intro_0.2_3
380,23,W,0,Male,clvr_cost_0_intro_0.2_3
381,24,W,0,Male,clvr_cost_0_intro_0.2_3
382,25,W,0,Male,clvr_cost_0_intro_0.2_3
383,26,W,0,Male,clvr_cost_0_intro_0.2_3
384,27,W,0,Male,clvr_cost_0_intro_0.2_3
385,28,W,0,Male,clvr_cost_0_intro_0.2_3
386,29,W,0,Male,clvr_cost_0_intro_0.2_3
387,30,W,0,Male,clvr_cost_0_intro_0.2_3
388,31,W,0,Male,clvr_cost_0_intro_0.2_3
389,32,W,0,Male,clvr_cost_0_intro_0.2_3
390,33,W,0,Male,clvr_cost_0_intro_0.2_3
391,34,W,0,Male,clvr_cost_0_intro_0.2_3
392,35,W,0,Male,clvr_cost_0_intro_0.2_3
393,36,W,0,Male,clvr_cost_0_intro_0.2_3
394,37,W,0,Male,clvr_cost_0_intro_0.2_3
395,38,W,0,Male,clvr_cost_0_intro_0.2_3
396,39,W,0,Male,clvr_cost_0_intro_0.2_3
397,40,W,0,Male,clvr_cost_0_intro_0.2_3
398,41,W,0,Male,clvr_cost_0_intro_0.2_3
399,42,W,0,Male,clvr_cost_0_intro_0.2_3
400,43,W,0,Male,clvr_cost_0_intro_0.2_3
401,44,W,0,Male,clvr_cost_0_intro_0.2_3
402,45,W,0,Male,clvr_cost_0_intro_0.2_3
403,46,W,0,Male,clvr_cost_0_intro_0.2_3
404,47,W,0,Male,clvr_cost_0_intro_0.2_3
405,48,W,0,Male,clvr_cost_0_intro_0.2_3
406,49,W,0,Male,clvr_cost_0_intro_0.2_3
407,50,W,0,Male,clvr_cost_0_intro_0.2_3
,Generation,Allele,Count,Sex,Run
0,0,C,0,Female,clvr_cost_0_intro_0.2_4
1,1,C,1184,Female,clvr_cost_0_intro_0.2_4
2,2,C,1863,Female,clvr_cost_0_intro_0.2_4
3,3,C,2668,Female,clvr_cost_0_intro_0.2_4
4,4,C,3619,Female,clvr_cost_0_intro_0.2_4
5,5,C,4781,Female,clvr_cost_0_intro_0.2_4
6,6,C,6292,Female,clvr_cost_0_intro_0.2_4
7,7,C,8098,Female,clvr_cost_0_intro_0.2_4
8,8,C,9325,Female,clvr_cost_0_intro_0.2_4
9,9,C,9903,Female,clvr_cost_0_intro_0.2_4
10,10,C,9946,Female,clvr_cost_0_intro_0.2_4
11,11,C,10160,Female,clvr_cost_0_intro_0.2_4
12,12,C,9832,Female,clvr_cost_0_intro_0.2_4
13,13,C,9656,Female,clvr_cost_0_intro_0.2_4
14,14,C,9728,Female,clvr_cost_0_intro_0.2_4
15,15,C,9814,Female,clvr_cost_0_intro_0.2_4
16,16,C,9818,Female,clvr_cost_0_intro_0.2_4
17,17,C,9732,Female,clvr_cost_0_intro_0.2_4
18,18,C,10062,Female,clvr_cost_0_intro_0.2_4
19,19,C,10048,Female,clvr_cost_0_intro_0.2_4
20,20,C,9866,Female,clvr_cost_0_intro_0.2_4
21,21,C,10046,Female,clvr_cost_0_intro_0.2_4
22,22,C,10240,Female,clvr_cost_0_intro_0.2_4
23,23,C,10040,Female,clvr_cost_0_intro_0.2_4
24,24,C,9878,Female,clvr_cost_0_intro_0.2_4
25,25,C,9892,Female,clvr_cost_0_intro_0.2_4
26,26,C,9850,Female,clvr_cost_0_intro_0.2_4
27,27,C,9692,Female,clvr_cost_0_intro_0.2_4
28,28,C,10016,Female,clvr_cost_0_intro_0.2_4
29,29,C,10074,Female,clvr_cost_0_intro_0.2_4
30,30,C,10018,Female,clvr_cost_0_intro_0.2_4
31,31,C,10106,Female,clvr_cost_0_intro_0.2_4
32,32,C,9984,Female,clvr_cost_0_intro_0.2_4
33,33,C,10026,Female,clvr_cost_0_intro_0.2_4
34,34,C,10084,Female,clvr_cost_0_intro_0.2_4
35,35,C,9992,Female,clvr_cost_0_intro_0.2_4
36,36,C,9798,Female,clvr_cost_0_intro_0.2_4
37,37,C,9928,Female,clvr_cost_0_intro_0.2_4
38,38,C,9654,Female,clvr_cost_0_intro_0.2_4
39,39,C,9826,Female,clvr_cost_0_intro_0.2_4
40,40,C,9582,Female,clvr_cost_0_intro_0.2_4
41,41,C,9660,Female,clvr_cost_0_intro_0.2_4
42,42,C,9648,Female,clvr_cost_0_intro_0.2_4
43,43,C,9820,Female,clvr_cost_0_intro_0.2_4
44,44,C,10096,Female,clvr_cost_0_intro_0.2_4
45,45,C,9974,Female,clvr_cost_0_intro_0.2_4
46,46,C,10162,Female,clvr_cost_0_intro_0.2_4
47,47,C,9756,Female,clvr_cost_0_intro_0.2_4
48,48,C,9906,Female,clvr_cost_0_intro_0.2_4
49,49,C,9708,Female,clvr_cost_0_intro_0.2_4
50,50,C,9928,Female,clvr_cost_0_intro_0.2_4
51,0,A,10000,Female,clvr_cost_0_intro_0.2_4
52,1,A,7236,Female,clvr_cost_0_intro_0.2_4
53,2,A,6519,Female,clvr_cost_0_intro_0.2_4
54,3,A,5498,Female,clvr_cost_0_intro_0.2_4
55,4,A,3979,Female,clvr_cost_0_intro_0.2_4
56,5,A,2315,Female,clvr_cost_0_intro_0.2_4
57,6,A,910,Female,clvr_cost_0_intro_0.2_4
58,7,A,138,Female,clvr_cost_0_intro_0.2_4
59,8,A,13,Female,clvr_cost_0_intro_0.2_4
60,9,A,1,Female,clvr_cost_0_intro_0.2_4
61,10,A,0,Female,clvr_cost_0_intro_0.2_4
62,11,A,0,Female,clvr_cost_0_intro_0.2_4
63,12,A,0,Female,clvr_cost_0_intro_0.2_4
64,13,A,0,Female,clvr_cost_0_intro_0.2_4
65,14,A,0,Female,clvr_cost_0_intro_0.2_4
66,15,A,0,Female,clvr_cost_0_intro_0.2_4
67,16,A,0,Female,clvr_cost_0_intro_0.2_4
68,17,A,0,Female,clvr_cost_0_intro_0.2_4
69,18,A,0,Female,clvr_cost_0_intro_0.2_4
70,19,A,0,Female,clvr_cost_0_intro_0.2_4
71,20,A,0,Female,clvr_cost_0_intro_0.2_4
72,21,A,0,Female,clvr_cost_0_intro_0.2_4
73,22,A,0,Female,clvr_cost_0_intro_0.2_4
74,23,A,0,Female,clvr_cost_0_intro_0.2_4
75,24,A,0,Female,clvr_cost_0_intro_0.2_4
76,25,A,0,Female,clvr_cost_0_intro_0.2_4
77,26,A,0,Female,clvr_cost_0_intro_0.2_4
78,27,A,0,Female,clvr_cost_0_intro_0.2_4
79,28,A,0,Female,clvr_cost_0_intro_0.2_4
80,29,A,0,Female,clvr_cost_0_intro_0.2_4
81,30,A,0,Female,clvr_cost_0_intro_0.2_4
82,31,A,0,Female,clvr_cost_0_intro_0.2_4
83,32,A,0,Female,clvr_cost_0_intro_0.2_4
84,33,A,0,Female,clvr_cost_0_intro_0.2_4
85,34,A,0,Female,clvr_cost_0_intro_0.2_4
86,35,A,0,Female,clvr_cost_0_intro_0.2_4
87,36,A,0,Female,clvr_cost_0_intro_0.2_4
88,37,A,0,Female,clvr_cost_0_intro_0.2_4
89,38,A,0,Female,clvr_cost_0_intro_0.2_4
90,39,A,0,Female,clvr_cost_0_intro_0.2_4
91,40,A,0,Female,clvr_cost_0_intro_0.2_4
92,41,A,0,Female,clvr_cost_0_intro_0.2_4
93,42,A,0,Female,clvr_cost_0_intro_0.2_4
94,43,A,0,Female,clvr_cost_0_intro_0.2_4
95,44,A,0,Female,clvr_cost_0_intro_0.2_4
96,45,A,0,Female,clvr_cost_0_intro_0.2_4
97,46,A,0,Female,clvr_cost_0_intro_0.2_4
98,47,A,0,Female,clvr_cost_0_intro_0.2_4
99,48,A,0,Female,clvr_cost_0_intro_0.2_4
100,49,A,0,Female,clvr_cost_0_intro_0.2_4
101,50,A,0,Female,clvr_cost_0_intro_0.2_4
102,0,V,0,Female,clvr_cost_0_intro_0.2_4
103,1,V,1184,Female,clvr_cost_0_intro_0.2_4
104,2,V,1905,Female,clvr_cost_0_intro_0.2_4
105,3,V,2720,Female,clvr_cost_0_intro_0.2_4
106,4,V,3693,Female,clvr_cost_0_intro_0.2_4
107,5,V,4863,Female,clvr_cost_0_intro_0.2_4
108,6,V,6362,Female,clvr_cost_0_intro_0.2_4
109,7,V,8138,Female,clvr_cost_0_intro_0.2_4
110,8,V,9331,Female,clvr_cost_0_intro_0.2_4
111,9,V,9904,Female,clvr_cost_0_intro_0.2_4
112,10,V,9946,Female,clvr_cost_0_intro_0.2_4
113,11,V,10160,Female,clvr_cost_0_intro_0.2_4
114,12,V,9832,Female,clvr_cost_0_intro_0.2_4
115,13,V,9656,Female,clvr_cost_0_intro_0.2_4
116,14,V,9728,Female,clvr_cost_0_intro_0.2_4
117,15,V,9814,Female,clvr_cost_0_intro_0.2_4
118,16,V,9818,Female,clvr_cost_0_intro_0.2_4
119,17,V,9732,Female,clvr_cost_0_intro_0.2_4
120,18,V,10062,Female,clvr_cost_0_intro_0.2_4
121,19,V,10048,Female,clvr_cost_0_intro_0.2_4
122,20,V,9866,Female,clvr_cost_0_intro_0.2_4
123,21,V,10046,Female,clvr_cost_0_intro_0.2_4
124,22,V,10240,Female,clvr_cost_0_intro_0.2_4
125,23,V,10040,Female,clvr_cost_0_intro_0.2_4
126,24,V,9878,Female,clvr_cost_0_intro_0.2_4
127,25,V,9892,Female,clvr_cost_0_intro_0.2_4
128,26,V,9850,Female,clvr_cost_0_intro_0.2_4
129,27,V,9692,Female,clvr_cost_0_intro_0.2_4
130,28,V,10016,Female,clvr_cost_0_intro_0.2_4
131,29,V,10074,Female,clvr_cost_0_intro_0.2_4
132,30,V,10018,Female,clvr_cost_0_intro_0.2_4
133,31,V,10106,Female,clvr_cost_0_intro_0.2_4
134,32,V,9984,Female,clvr_cost_0_intro_0.2_4
135,33,V,10026,Female,clvr_cost_0_intro_0.2_4
136,34,V,10084,Female,clvr_cost_0_intro_0.2_4
137,35,V,9992,Female,clvr_cost_0_intro_0.2_4
138,36,V,9798,Female,clvr_cost_0_intro_0.2_4
139,37,V,9928,Female,clvr_cost_0_intro_0.2_4
140,38,V,9654,Female,clvr_cost_0_intro_0.2_4
141,39,V,9826,Female,clvr_cost_0_intro_0.2_4
142,40,V,9582,Female,clvr_cost_0_intro_0.2_4
143,41,V,9660,Female,clvr_cost_0_intro_0.2_4
144,42,V,9648,Female,clvr_cost_0_intro_0.2_4
145,43,V,9820,Female,clvr_cost_0_intro_0.2_4
146,44,V,10096,Female,clvr_cost_0_intro_0.2_4
147,45,V,9974,Female,clvr_cost_0_intro_0.2_4
148,46,V,10162,Female,clvr_cost_0_intro_0.2_4
149,47,V,9756,Female,clvr_cost_0_intro_0.2_4
150,48,V,9906,Female,clvr_cost_0_intro_0.2_4
151,49,V,9708,Female,clvr_cost_0_intro_0.2_4
152,50,V,9928,Female,clvr_cost_0_intro_0.2_4
153,0,W,10000,Female,clvr_cost_0_intro_0.2_4
154,1,W,7236,Female,clvr_cost_0_intro_0.2_4
155,2,W,6477,Female,clvr_cost_0_intro_0.2_4
156,3,W,5446,Female,clvr_cost_0_intro_0.2_4
157,4,W,3905,Female,clvr_cost_0_intro_0.2_4
158,5,W,2233,Female,clvr_cost_0_intro_0.2_4
159,6,W,840,Female,clvr_cost_0_intro_0.2_4
160,7,W,98,Female,clvr_cost_0_intro_0.2_4
161,8,W,7,Female,clvr_cost_0_intro_0.2_4
162,9,W,0,Female,clvr_cost_0_intro_0.2_4
163,10,W,0,Female,clvr_cost_0_intro_0.2_4
164,11,W,0,Female,clvr_cost_0_intro_0.2_4
165,12,W,0,Female,clvr_cost_0_intro_0.2_4
166,13,W,0,Female,clvr_cost_0_intro_0.2_4
167,14,W,0,Female,clvr_cost_0_intro_0.2_4
168,15,W,0,Female,clvr_cost_0_intro_0.2_4
169,16,W,0,Female,clvr_cost_0_intro_0.2_4
170,17,W,0,Female,clvr_cost_0_intro_0.2_4
171,18,W,0,Female,clvr_cost_0_intro_0.2_4
172,19,W,0,Female,clvr_cost_0_intro_0.2_4
173,20,W,0,Female,clvr_cost_0_intro_0.2_4
174,21,W,0,Female,clvr_cost_0_intro_0.2_4
175,22,W,0,Female,clvr_cost_0_intro_0.2_4
176,23,W,0,Female,clvr_cost_0_intro_0.2_4
177,24,W,0,Female,clvr_cost_0_intro_0.2_4
178,25,W,0,Female,clvr_cost_0_intro_0.2_4
179,26,W,0,Female,clvr_cost_0_intro_0.2_4
180,27,W,0,Female,clvr_cost_0_intro_0.2_4
181,28,W,0,Female,clvr_cost_0_intro_0.2_4
182,29,W,0,Female,clvr_cost_0_intro_0.2_4
183,30,W,0,Female,clvr_cost_0_intro_0.2_4
184,31,W,0,Female,clvr_cost_0_intro_0.2_4
185,32,W,0,Female,clvr_cost_0_intro_0.2_4
186,33,W,0,Female,clvr_cost_0_intro_0.2_4
187,34,W,0,Female,clvr_cost_0_intro_0.2_4
188,35,W,0,Female,clvr_cost_0_intro_0.2_4
189,36,W,0,Female,clvr_cost_0_intro_0.2_4
190,37,W,0,Female,clvr_cost_0_intro_0.2_4
191,38,W,0,Female,clvr_cost_0_intro_0.2_4
192,39,W,0,Female,clvr_cost_0_intro_0.2_4
193,40,W,0,Female,clvr_cost_0_intro_0.2_4
194,41,W,0,Female,clvr_cost_0_intro_0.2_4
195,42,W,0,Female,clvr_cost_0_intro_0.2_4
196,43,W,0,Female,clvr_cost_0_intro_0.2_4
197,44,W,0,Female,clvr_cost_0_intro_0.2_4
198,45,W,0,Female,clvr_cost_0_intro_0.2_4
199,46,W,0,Female,clvr_cost_0_intro_0.2_4
200,47,W,0,Female,clvr_cost_0_intro_0.2_4
201,48,W,0,Female,clvr_cost_0_intro_0.2_4
202,49,W,0,Female,clvr_cost_0_intro_0.2_4
203,50,W,0,Female,clvr_cost_0_intro_0.2_4
204,0,C,4000,Male,clvr_cost_0_intro_0.2_4
205,1,C,1268,Male,clvr_cost_0_intro_0.2_4
206,2,C,1912,Male,clvr_cost_0_intro_0.2_4
207,3,C,2723,Male,clvr_cost_0_intro_0.2_4
208,4,C,3630,Male,clvr_cost_0_intro_0.2_4
209,5,C,4883,Male,clvr_cost_0_intro_0.2_4
210,6,C,6471,Male,clvr_cost_0_intro_0.2_4
211,7,C,8142,Male,clvr_cost_0_intro_0.2_4
212,8,C,9378,Male,clvr_cost_0_intro_0.2_4
213,9,C,9974,Male,clvr_cost_0_intro_0.2_4
214,10,C,10048,Male,clvr_cost_0_intro_0.2_4
215,11,C,10242,Male,clvr_cost_0_intro_0.2_4
216,12,C,10092,Male,clvr_cost_0_intro_0.2_4
217,13,C,9902,Male,clvr_cost_0_intro_0.2_4
218,14,C,9836,Male,clvr_cost_0_intro_0.2_4
219,15,C,10040,Male,clvr_cost_0_intro_0.2_4
220,16,C,9914,Male,clvr_cost_0_intro_0.2_4
221,17,C,9784,Male,clvr_cost_0_intro_0.2_4
222,18,C,10122,Male,clvr_cost_0_intro_0.2_4
223,19,C,10074,Male,clvr_cost_0_intro_0.2_4
224,20,C,10032,Male,clvr_cost_0_intro_0.2_4
225,21,C,10062,Male,clvr_cost_0_intro_0.2_4
226,22,C,10366,Male,clvr_cost_0_intro_0.2_4
227,23,C,10072,Male,clvr_cost_0_intro_0.2_4
228,24,C,10118,Male,clvr_cost_0_intro_0.2_4
229,25,C,9988,Male,clvr_cost_0_intro_0.2_4
230,26,C,9962,Male,clvr_cost_0_intro_0.2_4
231,27,C,9976,Male,clvr_cost_0_intro_0.2_4
232,28,C,10056,Male,clvr_cost_0_intro_0.2_4
233,29,C,10142,Male,clvr_cost_0_intro_0.2_4
234,30,C,10096,Male,clvr_cost_0_intro_0.2_4
235,31,C,10208,Male,clvr_cost_0_intro_0.2_4
236,32,C,10170,Male,clvr_cost_0_intro_0.2_4
237,33,C,10044,Male,clvr_cost_0_intro_0.2_4
238,34,C,10284,Male,clvr_cost_0_intro_0.2_4
239,35,C,10078,Male,clvr_cost_0_intro_0.2_4
240,36,C,9910,Male,clvr_cost_0_intro_0.2_4
241,37,C,10312,Male,clvr_cost_0_intro_0.2_4
242,38,C,9810,Male,clvr_cost_0_intro_0.2_4
243,39,C,9960,Male,clvr_cost_0_intro_0.2_4
244,40,C,9864,Male,clvr_cost_0_intro_0.2_4
245,41,C,10000,Male,clvr_cost_0_intro_0.2_4
246,42,C,9794,Male,clvr_cost_0_intro_0.2_4
247,43,C,9932,Male,clvr_cost_0_intro_0.2_4
248,44,C,10116,Male,clvr_cost_0_intro_0.2_4
249,45,C,10030,Male,clvr_cost_0_intro_0.2_4
250,46,C,10478,Male,clvr_cost_0_intro_0.2_4
251,47,C,9988,Male,clvr_cost_0_intro_0.2_4
252,48,C,10112,Male,clvr_cost_0_intro_0.2_4
253,49,C,9844,Male,clvr_cost_0_intro_0.2_4
254,50,C,9992,Male,clvr_cost_0_intro_0.2_4
255,0,A,10000,Male,clvr_cost_0_intro_0.2_4
256,1,A,7366,Male,clvr_cost_0_intro_0.2_4
257,2,A,6612,Male,clvr_cost_0_intro_0.2_4
258,3,A,5475,Male,clvr_cost_0_intro_0.2_4
259,4,A,3994,Male,clvr_cost_0_intro_0.2_4
260,5,A,2317,Male,clvr_cost_0_intro_0.2_4
261,6,A,933,Male,clvr_cost_0_intro_0.2_4
262,7,A,160,Male,clvr_cost_0_intro_0.2_4
263,8,A,10,Male,clvr_cost_0_intro_0.2_4
264,9,A,2,Male,clvr_cost_0_intro_0.2_4
265,10,A,0,Male,clvr_cost_0_intro_0.2_4
266,11,A,0,Male,clvr_cost_0_intro_0.2_4
267,12,A,0,Male,clvr_cost_0_intro_0.2_4
268,13,A,0,Male,clvr_cost_0_intro_0.2_4
269,14,A,0,Male,clvr_cost_0_intro_0.2_4
270,15,A,0,Male,clvr_cost_0_intro_0.2_4
271,16,A,0,Male,clvr_cost_0_intro_0.2_4
272,17,A,0,Male,clvr_cost_0_intro_0.2_4
273,18,A,0,Male,clvr_cost_0_intro_0.2_4
274,19,A,0,Male,clvr_cost_0_intro_0.2_4
275,20,A,0,Male,clvr_cost_0_intro_0.2_4
276,21,A,0,Male,clvr_cost_0_intro_0.2_4
277,22,A,0,Male,clvr_cost_0_intro_0.2_4
278,23,A,0,Male,clvr_cost_0_intro_0.2_4
279,24,A,0,Male,clvr_cost_0_intro_0.2_4
280,25,A,0,Male,clvr_cost_0_intro_0.2_4
281,26,A,0,Male,clvr_cost_0_intro_0.2_4
282,27,A,0,Male,clvr_cost_0_intro_0.2_4
283,28,A,0,Male,clvr_cost_0_intro_0.2_4
284,29,A,0,Male,clvr_cost_0_intro_0.2_4
285,30,A,0,Male,clvr_cost_0_intro_0.2_4
286,31,A,0,Male,clvr_cost_0_intro_0.2_4
287,32,A,0,Male,clvr_cost_0_intro_0.2_4
288,33,A,0,Male,clvr_cost_0_intro_0.2_4
289,34,A,0,Male,clvr_cost_0_intro_0.2_4
290,35,A,0,Male,clvr_cost_0_intro_0.2_4
291,36,A,0,Male,clvr_cost_0_intro_0.2_4
292,37,A,0,Male,clvr_cost_0_intro_0.2_4
293,38,A,0,Male,clvr_cost_0_intro_0.2_4
294,39,A,0,Male,clvr_cost_0_intro_0.2_4
295,40,A,0,Male,clvr_cost_0_intro_0.2_4
296,41,A,0,Male,clvr_cost_0_intro_0.2_4
297,42,A,0,Male,clvr_cost_0_intro_0.2_4
298,43,A,0,Male,clvr_cost_0_intro_0.2_4
299,44,A,0,Male,clvr_cost_0_intro_0.2_4
300,45,A,0,Male,clvr_cost_0_intro_0.2_4
301,46,A,0,Male,clvr_cost_0_intro_0.2_4
302,47,A,0,Male,clvr_cost_0_intro_0.2_4
303,48,A,0,Male,clvr_cost_0_intro_0.2_4
304,49,A,0,Male,clvr_cost_0_intro_0.2_4
305,50,A,0,Male,clvr_cost_0_intro_0.2_4
306,0,V,4000,Male,clvr_cost_0_intro_0.2_4
307,1,V,1268,Male,clvr_cost_0_intro_0.2_4
308,2,V,1955,Male,clvr_cost_0_intro_0.2_4
309,3,V,2794,Male,clvr_cost_0_intro_0.2_4
310,4,V,3708,Male,clvr_cost_0_intro_0.2_4
311,5,V,4956,Male,clvr_cost_0_intro_0.2_4
312,6,V,6550,Male,clvr_cost_0_intro_0.2_4
313,7,V,8188,Male,clvr_cost_0_intro_0.2_4
314,8,V,9380,Male,clvr_cost_0_intro_0.2_4
315,9,V,9974,Male,clvr_cost_0_intro_0.2_4
316,10,V,10048,Male,clvr_cost_0_intro_0.2_4
317,11,V,10242,Male,clvr_cost_0_intro_0.2_4
318,12,V,10092,Male,clvr_cost_0_intro_0.2_4
319,13,V,9902,Male,clvr_cost_0_intro_0.2_4
320,14,V,9836,Male,clvr_cost_0_intro_0.2_4
321,15,V,10040,Male,clvr_cost_0_intro_0.2_4
322,16,V,9914,Male,clvr_cost_0_intro_0.2_4
323,17,V,9784,Male,clvr_cost_0_intro_0.2_4
324,18,V,10122,Male,clvr_cost_0_intro_0.2_4
325,19,V,10074,Male,clvr_cost_0_intro_0.2_4
326,20,V,10032,Male,clvr_cost_0_intro_0.2_4
327,21,V,10062,Male,clvr_cost_0_intro_0.2_4
328,22,V,10366,Male,clvr_cost_0_intro_0.2_4
329,23,V,10072,Male,clvr_cost_0_intro_0.2_4
330,24,V,10118,Male,clvr_cost_0_intro_0.2_4
331,25,V,9988,Male,clvr_cost_0_intro_0.2_4
332,26,V,9962,Male,clvr_cost_0_intro_0.2_4
333,27,V,9976,Male,clvr_cost_0_intro_0.2_4
334,28,V,10056,Male,clvr_cost_0_intro_0.2_4
335,29,V,10142,Male,clvr_cost_0_intro_0.2_4
336,30,V,10096,Male,clvr_cost_0_intro_0.2_4
337,31,V,10208,Male,clvr_cost_0_intro_0.2_4
338,32,V,10170,Male,clvr_cost_0_intro_0.2_4
339,33,V,10044,Male,clvr_cost_0_intro_0.2_4
340,34,V,10284,Male,clvr_cost_0_intro_0.2_4
341,35,V,10078,Male,clvr_cost_0_intro_0.2_4
342,36,V,9910,Male,clvr_cost_0_intro_0.2_4
343,37,V,10312,Male,clvr_cost_0_intro_0.2_4
344,38,V,9810,Male,clvr_cost_0_intro_0.2_4
345,39,V,9960,Male,clvr_cost_0_intro_0.2_4
346,40,V,9864,Male,clvr_cost_0_intro_0.2_4
347,41,V,10000,Male,clvr_cost_0_intro_0.2_4
348,42,V,9794,Male,clvr_cost_0_intro_0.2_4
349,43,V,9932,Male,clvr_cost_0_intro_0.2_4
350,44,V,10116,Male,clvr_cost_0_intro_0.2_4
351,45,V,10030,Male,clvr_cost_0_intro_0.2_4
352,46,V,10478,Male,clvr_cost_0_intro_0.2_4
353,47,V,9988,Male,clvr_cost_0_intro_0.2_4
354,48,V,10112,Male,clvr_cost_0_intro_0.2_4
355,49,V,9844,Male,clvr_cost_0_intro_0.2_4
356,50,V,9992,Male,clvr_cost_0_intro_0.2_4
357,0,W,10000,Male,clvr_cost_0_intro_0.2_4
358,1,W,7366,Male,clvr_cost_0_intro_0.2_4
359,2,W,6569,Male,clvr_cost_0_intro_0.2_4
360,3,W,5404,Male,clvr_cost_0_intro_0.2_4
361,4,W,3916,Male,clvr_cost_0_intro_0.2_4
362,5,W,2244,Male,clvr_cost_0_intro_0.2_4
363,6,W,854,Male,clvr_cost_0_intro_0.2_4
364,7,W,114,Male,clvr_cost_0_intro_0.2_4
365,8,W,8,Male,clvr_cost_0_intro_0.2_4
366,9,W,2,Male,clvr_cost_0_intro_0.2_4
367,10,W,0,Male,clvr_cost_0_intro_0.2_4
368,11,W,0,Male,clvr_cost_0_intro_0.2_4
369,12,W,0,Male,clvr_cost_0_intro_0.2_4
370,13,W,0,Male,clvr_cost_0_intro_0.2_4
371,14,W,0,Male,clvr_cost_0_intro_0.2_4
372,15,W,0,Male,clvr_cost_0_intro_0.2_4
373,16,W,0,Male,clvr_cost_0_intro_0.2_4
374,17,W,0,Male,clvr_cost_0_intro_0.2_4
375,18,W,0,Male,clvr_cost_0_intro_0.2_4
376,19,W,0,Male,clvr_cost_0_intro_0.2_4
377,20,W,0,Male,clvr_cost_0_intro_0.2_4
378,21,W,0,Male,clvr_cost_0_intro_0.2_4
379,22,W,0,Male,clvr_cost_0_intro_0.2_4
380,23,W,0,Male,clvr_cost_0_intro_0.2_4
381,24,W,0,Male,clvr_cost_0_intro_0.2_4
382,25,W,0,Male,clvr_cost_0_intro_0.2_4
383,26,W,0,Male,clvr_cost_0_intro_0.2_4
384,27,W,0,Male,clvr_cost_0_intro_0.2_4
385,28,W,0,Male,clvr_cost_0_intro_0.2_4
386,29,W,0,Male,clvr_cost_0_intro_0.2_4
387,30,W,0,Male,clvr_cost_0_intro_0.2_4
388,31,W,0,Male,clvr_cost_0_intro_0.2_4
389,32,W,0,Male,clvr_cost_0_intro_0.2_4
390,33,W,0,Male,clvr_cost_0_intro_0.2_4
391,34,W,0,Male,clvr_cost_0_intro_0.2_4
392,35,W,0,Male,clvr_cost_0_intro_0.2_4
393,36,W,0,Male,clvr_cost_0_intro_0.2_4
394,37,W,0,Male,clvr_cost_0_intro_0.2_4
395,38,W,0,Male,clvr_cost_0_intro_0.2_4
396,39,W,0,Male,clvr_cost_0_intro_0.2_4
397,40,W,0,Male,clvr_cost_0_intro_0.2_4
398,41,W,0,Male,clvr_cost_0_intro_0.2_4
399,42,W,0,Male,clvr_cost_0_intro_0.2_4
400,43,W,0,Male,clvr_cost_0_intro_0.2_4
401,44,W,0,Male,clvr_cost_0_intro_0.2_4
402,45,W,0,Male,clvr_cost_0_intro_0.2_4
403,46,W,0,Male,clvr_cost_0_intro_0.2_4
404,47,W,0,Male,clvr_cost_0_intro_0.2_4
405,48,W,0,Male,clvr_cost_0_intro_0.2_4
406,49,W,0,Male,clvr_cost_0_intro_0.2_4
407,50,W,0,Male,clvr_cost_0_intro_0.2_4
,Generation,Allele,Count,Sex,Run
0,0,C,0,Female,clvr_cost_0_intro_0.2_5
1,1,C,1248,Female,clvr_cost_0_intro_0.2_5
2,2,C,1781,Female,clvr_cost_0_intro_0.2_5
3,3,C,2536,Female,clvr_cost_0_intro_0.2_5
4,4,C,3528,Female,clvr_cost_0_intro_0.2_5
5,5,C,4754,Female,clvr_cost_0_intro_0.2_5
6,6,C,6584,Female,clvr_cost_0_intro_0.2_5
7,7,C,8226,Female,clvr_cost_0_intro_0.2_5
8,8,C,9269,Female,clvr_cost_0_intro_0.2_5
9,9,C,9900,Female,clvr_cost_0_intro_0.2_5
10,10,C,9948,Female,clvr_cost_0_intro_0.2_5
11,11,C,9886,Female,clvr_cost_0_intro_0.2_5
12,12,C,9992,Female,clvr_cost_0_intro_0.2_5
13,13,C,10164,Female,clvr_cost_0_intro_0.2_5
14,14,C,10224,Female,clvr_cost_0_intro_0.2_5
15,15,C,10078,Female,clvr_cost_0_intro_0.2_5
16,16,C,10140,Female,clvr_cost_0_intro_0.2_5
17,17,C,9972,Female,clvr_cost_0_intro_0.2_5
18,18,C,9830,Female,clvr_cost_0_intro_0.2_5
19,19,C,10062,Female,clvr_cost_0_intro_0.2_5
20,20,C,10034,Female,clvr_cost_0_intro_0.2_5
21,21,C,9920,Female,clvr_cost_0_intro_0.2_5
22,22,C,9768,Female,clvr_cost_0_intro_0.2_5
23,23,C,9774,Female,clvr_cost_0_intro_0.2_5
24,24,C,9744,Female,clvr_cost_0_intro_0.2_5
25,25,C,9766,Female,clvr_cost_0_intro_0.2_5
26,26,C,9982,Female,clvr_cost_0_intro_0.2_5
27,27,C,9656,Female,clvr_cost_0_intro_0.2_5
28,28,C,9696,Female,clvr_cost_0_intro_0.2_5
29,29,C,10030,Female,clvr_cost_0_intro_0.2_5
30,30,C,9768,Female,clvr_cost_0_intro_0.2_5
31,31,C,9722,Female,clvr_cost_0_intro_0.2_5
32,32,C,9758,Female,clvr_cost_0_intro_0.2_5
33,33,C,9902,Female,clvr_cost_0_intro_0.2_5
34,34,C,9932,Female,clvr_cost_0_intro_0.2_5
35,35,C,10002,Female,clvr_cost_0_intro_0.2_5
36,36,C,9832,Female,clvr_cost_0_intro_0.2_5
37,37,C,9922,Female,clvr_cost_0_intro_0.2_5
38,38,C,10002,Female,clvr_cost_0_intro_0.2_5
39,39,C,10052,Female,clvr_cost_0_intro_0.2_5
40,40,C,9924,Female,clvr_cost_0_intro_0.2_5
41,41,C,10000,Female,clvr_cost_0_intro_0.2_5
42,42,C,10070,Female,clvr_cost_0_intro_0.2_5
43,43,C,9988,Female,clvr_cost_0_intro_0.2_5
44,44,C,9932,Female,clvr_cost_0_intro_0.2_5
45,45,C,10038,Female,clvr_cost_0_intro_0.2_5
46,46,C,9976,Female,clvr_cost_0_intro_0.2_5
47,47,C,9976,Female,clvr_cost_0_intro_0.2_5
48,48,C,9814,Female,clvr_cost_0_intro_0.2_5
49,49,C,9918,Female,clvr_cost_0_intro_0.2_5
50,50,C,10094,Female,clvr_cost_0_intro_0.2_5
51,0,A,10000,Female,clvr_cost_0_intro_0.2_5
52,1,A,7380,Female,clvr_cost_0_intro_0.2_5
53,2,A,6561,Female,clvr_cost_0_intro_0.2_5
54,3,A,5332,Female,clvr_cost_0_intro_0.2_5
55,4,A,3794,Female,clvr_cost_0_intro_0.2_5
56,5,A,2226,Female,clvr_cost_0_intro_0.2_5
57,6,A,964,Female,clvr_cost_0_intro_0.2_5
58,7,A,190,Female,clvr_cost_0_intro_0.2_5
59,8,A,17,Female,clvr_cost_0_intro_0.2_5
60,9,A,0,Female,clvr_cost_0_intro_0.2_5
61,10,A,0,Female,clvr_cost_0_intro_0.2_5
62,11,A,0,Female,clvr_cost_0_intro_0.2_5
63,12,A,0,Female,clvr_cost_0_intro_0.2_5
64,13,A,0,Female,clvr_cost_0_intro_0.2_5
65,14,A,0,Female,clvr_cost_0_intro_0.2_5
66,15,A,0,Female,clvr_cost_0_intro_0.2_5
67,16,A,0,Female,clvr_cost_0_intro_0.2_5
68,17,A,0,Female,clvr_cost_0_intro_0.2_5
69,18,A,0,Female,clvr_cost_0_intro_0.2_5
70,19,A,0,Female,clvr_cost_0_intro_0.2_5
71,20,A,0,Female,clvr_cost_0_intro_0.2_5
72,21,A,0,Female,clvr_cost_0_intro_0.2_5
73,22,A,0,Female,clvr_cost_0_intro_0.2_5
74,23,A,0,Female,clvr_cost_0_intro_0.2_5
75,24,A,0,Female,clvr_cost_0_intro_0.2_5
76,25,A,0,Female,clvr_cost_0_intro_0.2_5
77,26,A,0,Female,clvr_cost_0_intro_0.2_5
78,27,A,0,Female,clvr_cost_0_intro_0.2_5
79,28,A,0,Female,clvr_cost_0_intro_0.2_5
80,29,A,0,Female,clvr_cost_0_intro_0.2_5
81,30,A,0,Female,clvr_cost_0_intro_0.2_5
82,31,A,0,Female,clvr_cost_0_intro_0.2_5
83,32,A,0,Female,clvr_cost_0_intro_0.2_5
84,33,A,0,Female,clvr_cost_0_intro_0.2_5
85,34,A,0,Female,clvr_cost_0_intro_0.2_5
86,35,A,0,Female,clvr_cost_0_intro_0.2_5
87,36,A,0,Female,clvr_cost_0_intro_0.2_5
88,37,A,0,Female,clvr_cost_0_intro_0.2_5
89,38,A,0,Female,clvr_cost_0_intro_0.2_5
90,39,A,0,Female,clvr_cost_0_intro_0.2_5
91,40,A,0,Female,clvr_cost_0_intro_0.2_5
92,41,A,0,Female,clvr_cost_0_intro_0.2_5
93,42,A,0,Female,clvr_cost_0_intro_0.2_5
94,43,A,0,Female,clvr_cost_0_intro_0.2_5
95,44,A,0,Female,clvr_cost_0_intro_0.2_5
96,45,A,0,Female,clvr_cost_0_intro_0.2_5
97,46,A,0,Female,clvr_cost_0_intro_0.2_5
98,47,A,0,Female,clvr_cost_0_intro_0.2_5
99,48,A,0,Female,clvr_cost_0_intro_0.2_5
100,49,A,0,Female,clvr_cost_0_intro_0.2_5
101,50,A,0,Female,clvr_cost_0_intro_0.2_5
102,0,V,0,Female,clvr_cost_0_intro_0.2_5
103,1,V,1248,Female,clvr_cost_0_intro_0.2_5
104,2,V,1824,Female,clvr_cost_0_intro_0.2_5
105,3,V,2602,Female,clvr_cost_0_intro_0.2_5
106,4,V,3602,Female,clvr_cost_0_intro_0.2_5
107,5,V,4834,Female,clvr_cost_0_intro_0.2_5
108,6,V,6635,Female,clvr_cost_0_intro_0.2_5
109,7,V,8261,Female,clvr_cost_0_intro_0.2_5
110,8,V,9281,Female,clvr_cost_0_intro_0.2_5
111,9,V,9900,Female,clvr_cost_0_intro_0.2_5
112,10,V,9948,Female,clvr_cost_0_intro_0.2_5
113,11,V,9886,Female,clvr_cost_0_intro_0.2_5
114,12,V,9992,Female,clvr_cost_0_intro_0.2_5
115,13,V,10164,Female,clvr_cost_0_intro_0.2_5
116,14,V,10224,Female,clvr_cost_0_intro_0.2_5
117,15,V,10078,Female,clvr_cost_0_intro_0.2_5
118,16,V,10140,Female,clvr_cost_0_intro_0.2_5
119,17,V,9972,Female,clvr_cost_0_intro_0.2_5
120,18,V,9830,Female,clvr_cost_0_intro_0.2_5
121,19,V,10062,Female,clvr_cost_0_intro_0.2_5
122,20,V,10034,Female,clvr_cost_0_intro_0.2_5
123,21,V,9920,Female,clvr_cost_0_intro_0.2_5
124,22,V,9768,Female,clvr_cost_0_intro_0.2_5
125,23,V,9774,Female,clvr_cost_0_intro_0.2_5
126,24,V,9744,Female,clvr_cost_0_intro_0.2_5
127,25,V,9766,Female,clvr_cost_0_intro_0.2_5
128,26,V,9982,Female,clvr_cost_0_intro_0.2_5
129,27,V,9656,Female,clvr_cost_0_intro_0.2_5
130,28,V,9696,Female,clvr_cost_0_intro_0.2_5
131,29,V,10030,Female,clvr_cost_0_intro_0.2_5
132,30,V,9768,Female,clvr_cost_0_intro_0.2_5
133,31,V,9722,Female,clvr_cost_0_intro_0.2_5
134,32,V,9758,Female,clvr_cost_0_intro_0.2_5
135,33,V,9902,Female,clvr_cost_0_intro_0.2_5
136,34,V,9932,Female,clvr_cost_0_intro_0.2_5
137,35,V,10002,Female,clvr_cost_0_intro_0.2_5
138,36,V,9832,Female,clvr_cost_0_intro_0.2_5
139,37,V,9922,Female,clvr_cost_0_intro_0.2_5
140,38,V,10002,Female,clvr_cost_0_intro_0.2_5
141,39,V,10052,Female,clvr_cost_0_intro_0.2_5
142,40,V,9924,Female,clvr_cost_0_intro_0.2_5
143,41,V,10000,Female,clvr_cost_0_intro_0.2_5
144,42,V,10070,Female,clvr_cost_0_intro_0.2_5
145,43,V,9988,Female,clvr_cost_0_intro_0.2_5
146,44,V,9932,Female,clvr_cost_0_intro_0.2_5
147,45,V,10038,Female,clvr_cost_0_intro_0.2_5
148,46,V,9976,Female,clvr_cost_0_intro_0.2_5
149,47,V,9976,Female,clvr_cost_0_intro_0.2_5
150,48,V,9814,Female,clvr_cost_0_intro_0.2_5
151,49,V,9918,Female,clvr_cost_0_intro_0.2_5
152,50,V,10094,Female,clvr_cost_0_intro_0.2_5
153,0,W,10000,Female,clvr_cost_0_intro_0.2_5
154,1,W,7380,Female,clvr_cost_0_intro_0.2_5
155,2,W,6518,Female,clvr_cost_0_intro_0.2_5
156,3,W,5266,Female,clvr_cost_0_intro_0.2_5
157,4,W,3720,Female,clvr_cost_0_intro_0.2_5
158,5,W,2146,Female,clvr_cost_0_intro_0.2_5
159,6,W,913,Female,clvr_cost_0_intro_0.2_5
160,7,W,155,Female,clvr_cost_0_intro_0.2_5
161,8,W,5,Female,clvr_cost_0_intro_0.2_5
162,9,W,0,Female,clvr_cost_0_intro_0.2_5
163,10,W,0,Female,clvr_cost_0_intro_0.2_5
164,11,W,0,Female,clvr_cost_0_intro_0.2_5
165,12,W,0,Female,clvr_cost_0_intro_0.2_5
166,13,W,0,Female,clvr_cost_0_intro_0.2_5
167,14,W,0,Female,clvr_cost_0_intro_0.2_5
168,15,W,0,Female,clvr_cost_0_intro_0.2_5
169,16,W,0,Female,clvr_cost_0_intro_0.2_5
170,17,W,0,Female,clvr_cost_0_intro_0.2_5
171,18,W,0,Female,clvr_cost_0_intro_0.2_5
172,19,W,0,Female,clvr_cost_0_intro_0.2_5
173,20,W,0,Female,clvr_cost_0_intro_0.2_5
174,21,W,0,Female,clvr_cost_0_intro_0.2_5
175,22,W,0,Female,clvr_cost_0_intro_0.2_5
176,23,W,0,Female,clvr_cost_0_intro_0.2_5
177,24,W,0,Female,clvr_cost_0_intro_0.2_5
178,25,W,0,Female,clvr_cost_0_intro_0.2_5
179,26,W,0,Female,clvr_cost_0_intro_0.2_5
180,27,W,0,Female,clvr_cost_0_intro_0.2_5
181,28,W,0,Female,clvr_cost_0_intro_0.2_5
182,29,W,0,Female,clvr_cost_0_intro_0.2_5
183,30,W,0,Female,clvr_cost_0_intro_0.2_5
184,31,W,0,Female,clvr_cost_0_intro_0.2_5
185,32,W,0,Female,clvr_cost_0_intro_0.2_5
186,33,W,0,Female,clvr_cost_0_intro_0.2_5
187,34,W,0,Female,clvr_cost_0_intro_0.2_5
188,35,W,0,Female,clvr_cost_0_intro_0.2_5
189,36,W,0,Female,clvr_cost_0_intro_0.2_5
190,37,W,0,Female,clvr_cost_0_intro_0.2_5
191,38,W,0,Female,clvr_cost_0_intro_0.2_5
192,39,W,0,Female,clvr_cost_0_intro_0.2_5
193,40,W,0,Female,clvr_cost_0_intro_0.2_5
194,41,W,0,Female,clvr_cost_0_intro_0.2_5
195,42,W,0,Female,clvr_cost_0_intro_0.2_5
196,43,W,0,Female,clvr_cost_0_intro_0.2_5
197,44,W,0,Female,clvr_cost_0_intro_0.2_5
198,45,W,0,Female,clvr_cost_0_intro_0.2_5
199,46,W,0,Female,clvr_cost_0_intro_0.2_5
200,47,W,0,Female,clvr_cost_0_intro_0.2_5
201,48,W,0,Female,clvr_cost_0_intro_0.2_5
202,49,W,0,Female,clvr_cost_0_intro_0.2_5
203,50,W,0,Female,clvr_cost_0_intro_0.2_5
204,0,C,4000,Male,clvr_cost_0_intro_0.2_5
205,1,C,1277,Male,clvr_cost_0_intro_0.2_5
206,2,C,1911,Male,clvr_cost_0_intro_0.2_5
207,3,C,2689,Male,clvr_cost_0_intro_0.2_5
208,4,C,3541,Male,clvr_cost_0_intro_0.2_5
209,5,C,4771,Male,clvr_cost_0_intro_0.2_5
210,6,C,6748,Male,clvr_cost_0_intro_0.2_5
211,7,C,8360,Male,clvr_cost_0_intro_0.2_5
212,8,C,9462,Male,clvr_cost_0_intro_0.2_5
213,9,C,9906,Male,clvr_cost_0_intro_0.2_5
214,10,C,10036,Male,clvr_cost_0_intro_0.2_5
215,11,C,10012,Male,clvr_cost_0_intro_0.2_5
216,12,C,10072,Male,clvr_cost_0_intro_0.2_5
217,13,C,10264,Male,clvr_cost_0_intro_0.2_5
218,14,C,10224,Male,clvr_cost_0_intro_0.2_5
219,15,C,10210,Male,clvr_cost_0_intro_0.2_5
220,16,C,10144,Male,clvr_cost_0_intro_0.2_5
221,17,C,10078,Male,clvr_cost_0_intro_0.2_5
222,18,C,10046,Male,clvr_cost_0_intro_0.2_5
223,19,C,10210,Male,clvr_cost_0_intro_0.2_5
224,20,C,10128,Male,clvr_cost_0_intro_0.2_5
225,21,C,9984,Male,clvr_cost_0_intro_0.2_5
226,22,C,9976,Male,clvr_cost_0_intro_0.2_5
227,23,C,9940,Male,clvr_cost_0_intro_0.2_5
228,24,C,9854,Male,clvr_cost_0_intro_0.2_5
229,25,C,10002,Male,clvr_cost_0_intro_0.2_5
230,26,C,10096,Male,clvr_cost_0_intro_0.2_5
231,27,C,9954,Male,clvr_cost_0_intro_0.2_5
232,28,C,9722,Male,clvr_cost_0_intro_0.2_5
233,29,C,10216,Male,clvr_cost_0_intro_0.2_5
234,30,C,10226,Male,clvr_cost_0_intro_0.2_5
235,31,C,9832,Male,clvr_cost_0_intro_0.2_5
236,32,C,10022,Male,clvr_cost_0_intro_0.2_5
237,33,C,10046,Male,clvr_cost_0_intro_0.2_5
238,34,C,9976,Male,clvr_cost_0_intro_0.2_5
239,35,C,10026,Male,clvr_cost_0_intro_0.2_5
240,36,C,9846,Male,clvr_cost_0_intro_0.2_5
241,37,C,10096,Male,clvr_cost_0_intro_0.2_5
242,38,C,10124,Male,clvr_cost_0_intro_0.2_5
243,39,C,10080,Male,clvr_cost_0_intro_0.2_5
244,40,C,9970,Male,clvr_cost_0_intro_0.2_5
245,41,C,10212,Male,clvr_cost_0_intro_0.2_5
246,42,C,10232,Male,clvr_cost_0_intro_0.2_5
247,43,C,10032,Male,clvr_cost_0_intro_0.2_5
248,44,C,9968,Male,clvr_cost_0_intro_0.2_5
249,45,C,10078,Male,clvr_cost_0_intro_0.2_5
250,46,C,10294,Male,clvr_cost_0_intro_0.2_5
251,47,C,9998,Male,clvr_cost_0_intro_0.2_5
252,48,C,10054,Male,clvr_cost_0_intro_0.2_5
253,49,C,9984,Male,clvr_cost_0_intro_0.2_5
254,50,C,10116,Male,clvr_cost_0_intro_0.2_5
255,0,A,10000,Male,clvr_cost_0_intro_0.2_5
256,1,A,7517,Male,clvr_cost_0_intro_0.2_5
257,2,A,6477,Male,clvr_cost_0_intro_0.2_5
258,3,A,5529,Male,clvr_cost_0_intro_0.2_5
259,4,A,3787,Male,clvr_cost_0_intro_0.2_5
260,5,A,2235,Male,clvr_cost_0_intro_0.2_5
261,6,A,922,Male,clvr_cost_0_intro_0.2_5
262,7,A,180,Male,clvr_cost_0_intro_0.2_5
263,8,A,12,Male,clvr_cost_0_intro_0.2_5
264,9,A,0,Male,clvr_cost_0_intro_0.2_5
265,10,A,0,Male,clvr_cost_0_intro_0.2_5
266,11,A,0,Male,clvr_cost_0_intro_0.2_5
267,12,A,0,Male,clvr_cost_0_intro_0.2_5
268,13,A,0,Male,clvr_cost_0_intro_0.2_5
269,14,A,0,Male,clvr_cost_0_intro_0.2_5
270,15,A,0,Male,clvr_cost_0_intro_0.2_5
271,16,A,0,Male,clvr_cost_0_intro_0.2_5
272,17,A,0,Male,clvr_cost_0_intro_0.2_5
273,18,A,0,Male,clvr_cost_0_intro_0.2_5
274,19,A,0,Male,clvr_cost_0_intro_0.2_5
275,20,A,0,Male,clvr_cost_0_intro_0.2_5
276,21,A,0,Male,clvr_cost_0_intro_0.2_5
277,22,A,0,Male,clvr_cost_0_intro_0.2_5
278,23,A,0,Male,clvr_cost_0_intro_0.2_5
279,24,A,0,Male,clvr_cost_0_intro_0.2_5
280,25,A,0,Male,clvr_cost_0_intro_0.2_5
281,26,A,0,Male,clvr_cost_0_intro_0.2_5
282,27,A,0,Male,clvr_cost_0_intro_0.2_5
283,28,A,0,Male,clvr_cost_0_intro_0.2_5
284,29,A,0,Male,clvr_cost_0_intro_0.2_5
285,30,A,0,Male,clvr_cost_0_intro_0.2_5
286,31,A,0,Male,clvr_cost_0_intro_0.2_5
287,32,A,0,Male,clvr_cost_0_intro_0.2_5
288,33,A,0,Male,clvr_cost_0_intro_0.2_5
289,34,A,0,Male,clvr_cost_0_intro_0.2_5
290,35,A,0,Male,clvr_cost_0_intro_0.2_5
291,36,A,0,Male,clvr_cost_0_intro_0.2_5
292,37,A,0,Male,clvr_cost_0_intro_0.2_5
293,38,A,0,Male,clvr_cost_0_intro_0.2_5
294,39,A,0,Male,clvr_cost_0_intro_0.2_5
295,40,A,0,Male,clvr_cost_0_intro_0.2_5
296,41,A,0,Male,clvr_cost_0_intro_0.2_5
297,42,A,0,Male,clvr_cost_0_intro_0.2_5
298,43,A,0,Male,clvr_cost_0_intro_0.2_5
299,44,A,0,Male,clvr_cost_0_intro_0.2_5
300,45,A,0,Male,clvr_cost_0_intro_0.2_5
301,46,A,0,Male,clvr_cost_0_intro_0.2_5
302,47,A,0,Male,clvr_cost_0_intro_0.2_5
303,48,A,0,Male,clvr_cost_0_intro_0.2_5
304,49,A,0,Male,clvr_cost_0_intro_0.2_5
305,50,A,0,Male,clvr_cost_0_intro_0.2_5
306,0,V,4000,Male,clvr_cost_0_intro_0.2_5
307,1,V,1277,Male,clvr_cost_0_intro_0.2_5
308,2,V,1965,Male,clvr_cost_0_intro_0.2_5
309,3,V,2765,Male,clvr_cost_0_intro_0.2_5
310,4,V,3616,Male,clvr_cost_0_intro_0.2_5
311,5,V,4842,Male,clvr_cost_0_intro_0.2_5
312,6,V,6826,Male,clvr_cost_0_intro_0.2_5
313,7,V,8405,Male,clvr_cost_0_intro_0.2_5
314,8,V,9469,Male,clvr_cost_0_intro_0.2_5
315,9,V,9906,Male,clvr_cost_0_intro_0.2_5
316,10,V,10036,Male,clvr_cost_0_intro_0.2_5
317,11,V,10012,Male,clvr_cost_0_intro_0.2_5
318,12,V,10072,Male,clvr_cost_0_intro_0.2_5
319,13,V,10264,Male,clvr_cost_0_intro_0.2_5
320,14,V,10224,Male,clvr_cost_0_intro_0.2_5
321,15,V,10210,Male,clvr_cost_0_intro_0.2_5
322,16,V,10144,Male,clvr_cost_0_intro_0.2_5
323,17,V,10078,Male,clvr_cost_0_intro_0.2_5
324,18,V,10046,Male,clvr_cost_0_intro_0.2_5
325,19,V,10210,Male,clvr_cost_0_intro_0.2_5
326,20,V,10128,Male,clvr_cost_0_intro_0.2_5
327,21,V,9984,Male,clvr_cost_0_intro_0.2_5
328,22,V,9976,Male,clvr_cost_0_intro_0.2_5
329,23,V,9940,Male,clvr_cost_0_intro_0.2_5
330,24,V,9854,Male,clvr_cost_0_intro_0.2_5
331,25,V,10002,Male,clvr_cost_0_intro_0.2_5
332,26,V,10096,Male,clvr_cost_0_intro_0.2_5
333,27,V,9954,Male,clvr_cost_0_intro_0.2_5
334,28,V,9722,Male,clvr_cost_0_intro_0.2_5
335,29,V,10216,Male,clvr_cost_0_intro_0.2_5
336,30,V,10226,Male,clvr_cost_0_intro_0.2_5
337,31,V,9832,Male,clvr_cost_0_intro_0.2_5
338,32,V,10022,Male,clvr_cost_0_intro_0.2_5
339,33,V,10046,Male,clvr_cost_0_intro_0.2_5
340,34,V,9976,Male,clvr_cost_0_intro_0.2_5
341,35,V,10026,Male,clvr_cost_0_intro_0.2_5
342,36,V,9846,Male,clvr_cost_0_intro_0.2_5
343,37,V,10096,Male,clvr_cost_0_intro_0.2_5
344,38,V,10124,Male,clvr_cost_0_intro_0.2_5
345,39,V,10080,Male,clvr_cost_0_intro_0.2_5
346,40,V,9970,Male,clvr_cost_0_intro_0.2_5
347,41,V,10212,Male,clvr_cost_0_intro_0.2_5
348,42,V,10232,Male,clvr_cost_0_intro_0.2_5
349,43,V,10032,Male,clvr_cost_0_intro_0.2_5
350,44,V,9968,Male,clvr_cost_0_intro_0.2_5
351,45,V,10078,Male,clvr_cost_0_intro_0.2_5
352,46,V,10294,Male,clvr_cost_0_intro_0.2_5
353,47,V,9998,Male,clvr_cost_0_intro_0.2_5
354,48,V,10054,Male,clvr_cost_0_intro_0.2_5
355,49,V,9984,Male,clvr_cost_0_intro_0.2_5
356,50,V,10116,Male,clvr_cost_0_intro_0.2_5
357,0,W,10000,Male,clvr_cost_0_intro_0.2_5
358,1,W,7517,Male,clvr_cost_0_intro_0.2_5
359,2,W,6423,Male,clvr_cost_0_intro_0.2_5
360,3,W,5453,Male,clvr_cost_0_intro_0.2_5
361,4,W,3712,Male,clvr_cost_0_intro_0.2_5
362,5,W,2164,Male,clvr_cost_0_intro_0.2_5
363,6,W,844,Male,clvr_cost_0_intro_0.2_5
364,7,W,135,Male,clvr_cost_0_intro_0.2_5
365,8,W,5,Male,clvr_cost_0_intro_0.2_5
366,9,W,0,Male,clvr_cost_0_intro_0.2_5
367,10,W,0,Male,clvr_cost_0_intro_0.2_5
368,11,W,0,Male,clvr_cost_0_intro_0.2_5
369,12,W,0,Male,clvr_cost_0_intro_0.2_5
370,13,W,0,Male,clvr_cost_0_intro_0.2_5
371,14,W,0,Male,clvr_cost_0_intro_0.2_5
372,15,W,0,Male,clvr_cost_0_intro_0.2_5
373,16,W,0,Male,clvr_cost_0_intro_0.2_5
374,17,W,0,Male,clvr_cost_0_intro_0.2_5
375,18,W,0,Male,clvr_cost_0_intro_0.2_5
376,19,W,0,Male,clvr_cost_0_intro_0.2_5
377,20,W,0,Male,clvr_cost_0_intro_0.2_5
378,21,W,0,Male,clvr_cost_0_intro_0.2_5
379,22,W,0,Male,clvr_cost_0_intro_0.2_5
380,23,W,0,Male,clvr_cost_0_intro_0.2_5
381,24,W,0,Male,clvr_cost_0_intro_0.2_5
382,25,W,0,Male,clvr_cost_0_intro_0.2_5
383,26,W,0,Male,clvr_cost_0_intro_0.2_5
384,27,W,0,Male,clvr_cost_0_intro_0.2_5
385,28,W,0,Male,clvr_cost_0_intro_0.2_5
386,29,W,0,Male,clvr_cost_0_intro_0.2_5
387,30,W,0,Male,clvr_cost_0_intro_0.2_5
388,31,W,0,Male,clvr_cost_0_intro_0.2_5
389,32,W,0,Male,clvr_cost_0_intro_0.2_5
390,33,W,0,Male,clvr_cost_0_intro_0.2_5
391,34,W,0,Male,clvr_cost_0_intro_0.2_5
392,35,W,0,Male,clvr_cost_0_intro_0.2_5
393,36,W,0,Male,clvr_cost_0_intro_0.2_5
394,37,W,0,Male,clvr_cost_0_intro_0.2_5
395,38,W,0,Male,clvr_cost_0_intro_0.2_5
396,39,W,0,Male,clvr_cost_0_intro_0.2_5
397,40,W,0,Male,clvr_cost_0_intro_0.2_5
398,41,W,0,Male,clvr_cost_0_intro_0.2_5
399,42,W,0,Male,clvr_cost_0_intro_0.2_5
400,43,W,0,Male,clvr_cost_0_intro_0.2_5
401,44,W,0,Male,clvr_cost_0_intro_0.2_5
402,45,W,0,Male,clvr_cost_0_intro_0.2_5
403,46,W,0,Male,clvr_cost_0_intro_0.2_5
404,47,W,0,Male,clvr_cost_0_intro_0.2_5
405,48,W,0,Male,clvr_cost_0_intro_0.2_5
406,49,W,0,Male,clvr_cost_0_intro_0.2_5
407,50,W,0,Male,clvr_cost_0_intro_0.2_5
,Generation,Allele,Count,Sex,Run
0,0,C,0,Female,clvr_cost_0_intro_0.2_6
1,1,C,1205,Female,clvr_cost_0_intro_0.2_6
2,2,C,1737,Female,clvr_cost_0_intro_0.2_6
3,3,C,2478,Female,clvr_cost_0_intro_0.2_6
4,4,C,3342,Female,clvr_cost_0_intro_0.2_6
5,5,C,4333,Female,clvr_cost_0_intro_0.2_6
6,6,C,6123,Female,clvr_cost_0_intro_0.2_6
7,7,C,8181,Female,clvr_cost_0_intro_0.2_6
8,8,C,9439,Female,clvr_cost_0_intro_0.2_6
9,9,C,9655,Female,clvr_cost_0_intro_0.2_6
10,10,C,9760,Female,clvr_cost_0_intro_0.2_6
11,11,C,9784,Female,clvr_cost_0_intro_0.2_6
12,12,C,10032,Female,clvr_cost_0_intro_0.2_6
13,13,C,9832,Female,clvr_cost_0_intro_0.2_6
14,14,C,10030,Female,clvr_cost_0_intro_0.2_6
15,15,C,10206,Female,clvr_cost_0_intro_0.2_6
16,16,C,10094,Female,clvr_cost_0_intro_0.2_6
17,17,C,9800,Female,clvr_cost_0_intro_0.2_6
18,18,C,9768,Female,clvr_cost_0_intro_0.2_6
19,19,C,9744,Female,clvr_cost_0_intro_0.2_6
20,20,C,9890,Female,clvr_cost_0_intro_0.2_6
21,21,C,9940,Female,clvr_cost_0_intro_0.2_6
22,22,C,10150,Female,clvr_cost_0_intro_0.2_6
23,23,C,10016,Female,clvr_cost_0_intro_0.2_6
24,24,C,9840,Female,clvr_cost_0_intro_0.2_6
25,25,C,9680,Female,clvr_cost_0_intro_0.2_6
26,26,C,9686,Female,clvr_cost_0_intro_0.2_6
27,27,C,9408,Female,clvr_cost_0_intro_0.2_6
28,28,C,9724,Female,clvr_cost_0_intro_0.2_6
29,29,C,10022,Female,clvr_cost_0_intro_0.2_6
30,30,C,9810,Female,clvr_cost_0_intro_0.2_6
31,31,C,9904,Female,clvr_cost_0_intro_0.2_6
32,32,C,10104,Female,clvr_cost_0_intro_0.2_6
33,33,C,9638,Female,clvr_cost_0_intro_0.2_6
34,34,C,9824,Female,clvr_cost_0_intro_0.2_6
35,35,C,9954,Female,clvr_cost_0_intro_0.2_6
36,36,C,10016,Female,clvr_cost_0_intro_0.2_6
37,37,C,9684,Female,clvr_cost_0_intro_0.2_6
38,38,C,9856,Female,clvr_cost_0_intro_0.2_6
39,39,C,10172,Female,clvr_cost_0_intro_0.2_6
40,40,C,10096,Female,clvr_cost_0_intro_0.2_6
41,41,C,9936,Female,clvr_cost_0_intro_0.2_6
42,42,C,10076,Female,clvr_cost_0_intro_0.2_6
43,43,C,9882,Female,clvr_cost_0_intro_0.2_6
44,44,C,9890,Female,clvr_cost_0_intro_0.2_6
45,45,C,10030,Female,clvr_cost_0_intro_0.2_6
46,46,C,9888,Female,clvr_cost_0_intro_0.2_6
47,47,C,10158,Female,clvr_cost_0_intro_0.2_6
48,48,C,10002,Female,clvr_cost_0_intro_0.2_6
49,49,C,10156,Female,clvr_cost_0_intro_0.2_6
50,50,C,10210,Female,clvr_cost_0_intro_0.2_6
51,0,A,10000,Female,clvr_cost_0_intro_0.2_6
52,1,A,7529,Female,clvr_cost_0_intro_0.2_6
53,2,A,6511,Female,clvr_cost_0_intro_0.2_6
54,3,A,5510,Female,clvr_cost_0_intro_0.2_6
55,4,A,4034,Female,clvr_cost_0_intro_0.2_6
56,5,A,2303,Female,clvr_cost_0_intro_0.2_6
57,6,A,1025,Female,clvr_cost_0_intro_0.2_6
58,7,A,297,Female,clvr_cost_0_intro_0.2_6
59,8,A,37,Female,clvr_cost_0_intro_0.2_6
60,9,A,1,Female,clvr_cost_0_intro_0.2_6
61,10,A,0,Female,clvr_cost_0_intro_0.2_6
62,11,A,0,Female,clvr_cost_0_intro_0.2_6
63,12,A,0,Female,clvr_cost_0_intro_0.2_6
64,13,A,0,Female,clvr_cost_0_intro_0.2_6
65,14,A,0,Female,clvr_cost_0_intro_0.2_6
66,15,A,0,Female,clvr_cost_0_intro_0.2_6
67,16,A,0,Female,clvr_cost_0_intro_0.2_6
68,17,A,0,Female,clvr_cost_0_intro_0.2_6
69,18,A,0,Female,clvr_cost_0_intro_0.2_6
70,19,A,0,Female,clvr_cost_0_intro_0.2_6
71,20,A,0,Female,clvr_cost_0_intro_0.2_6
72,21,A,0,Female,clvr_cost_0_intro_0.2_6
73,22,A,0,Female,clvr_cost_0_intro_0.2_6
74,23,A,0,Female,clvr_cost_0_intro_0.2_6
75,24,A,0,Female,clvr_cost_0_intro_0.2_6
76,25,A,0,Female,clvr_cost_0_intro_0.2_6
77,26,A,0,Female,clvr_cost_0_intro_0.2_6
78,27,A,0,Female,clvr_cost_0_intro_0.2_6
79,28,A,0,Female,clvr_cost_0_intro_0.2_6
80,29,A,0,Female,clvr_cost_0_intro_0.2_6
81,30,A,0,Female,clvr_cost_0_intro_0.2_6
82,31,A,0,Female,clvr_cost_0_intro_0.2_6
83,32,A,0,Female,clvr_cost_0_intro_0.2_6
84,33,A,0,Female,clvr_cost_0_intro_0.2_6
85,34,A,0,Female,clvr_cost_0_intro_0.2_6
86,35,A,0,Female,clvr_cost_0_intro_0.2_6
87,36,A,0,Female,clvr_cost_0_intro_0.2_6
88,37,A,0,Female,clvr_cost_0_intro_0.2_6
89,38,A,0,Female,clvr_cost_0_intro_0.2_6
90,39,A,0,Female,clvr_cost_0_intro_0.2_6
91,40,A,0,Female,clvr_cost_0_intro_0.2_6
92,41,A,0,Female,clvr_cost_0_intro_0.2_6
93,42,A,0,Female,clvr_cost_0_intro_0.2_6
94,43,A,0,Female,clvr_cost_0_intro_0.2_6
95,44,A,0,Female,clvr_cost_0_intro_0.2_6
96,45,A,0,Female,clvr_cost_0_intro_0.2_6
97,46,A,0,Female,clvr_cost_0_intro_0.2_6
98,47,A,0,Female,clvr_cost_0_intro_0.2_6
99,48,A,0,Female,clvr_cost_0_intro_0.2_6
100,49,A,0,Female,clvr_cost_0_intro_0.2_6
101,50,A,0,Female,clvr_cost_0_intro_0.2_6
102,0,V,0,Female,clvr_cost_0_intro_0.2_6
103,1,V,1205,Female,clvr_cost_0_intro_0.2_6
104,2,V,1787,Female,clvr_cost_0_intro_0.2_6
105,3,V,2532,Female,clvr_cost_0_intro_0.2_6
106,4,V,3408,Female,clvr_cost_0_intro_0.2_6
107,5,V,4411,Female,clvr_cost_0_intro_0.2_6
108,6,V,6174,Female,clvr_cost_0_intro_0.2_6
109,7,V,8224,Female,clvr_cost_0_intro_0.2_6
110,8,V,9450,Female,clvr_cost_0_intro_0.2_6
111,9,V,9656,Female,clvr_cost_0_intro_0.2_6
112,10,V,9760,Female,clvr_cost_0_intro_0.2_6
113,11,V,9784,Female,clvr_cost_0_intro_0.2_6
114,12,V,10032,Female,clvr_cost_0_intro_0.2_6
115,13,V,9832,Female,clvr_cost_0_intro_0.2_6
116,14,V,10030,Female,clvr_cost_0_intro_0.2_6
117,15,V,10206,Female,clvr_cost_0_intro_0.2_6
118,16,V,10094,Female,clvr_cost_0_intro_0.2_6
119,17,V,9800,Female,clvr_cost_0_intro_0.2_6
120,18,V,9768,Female,clvr_cost_0_intro_0.2_6
121,19,V,9744,Female,clvr_cost_0_intro_0.2_6
122,20,V,9890,Female,clvr_cost_0_intro_0.2_6
123,21,V,9940,Female,clvr_cost_0_intro_0.2_6
124,22,V,10150,Female,clvr_cost_0_intro_0.2_6
125,23,V,10016,Female,clvr_cost_0_intro_0.2_6
126,24,V,9840,Female,clvr_cost_0_intro_0.2_6
127,25,V,9680,Female,clvr_cost_0_intro_0.2_6
128,26,V,9686,Female,clvr_cost_0_intro_0.2_6
129,27,V,9408,Female,clvr_cost_0_intro_0.2_6
130,28,V,9724,Female,clvr_cost_0_intro_0.2_6
131,29,V,10022,Female,clvr_cost_0_intro_0.2_6
132,30,V,9810,Female,clvr_cost_0_intro_0.2_6
133,31,V,9904,Female,clvr_cost_0_intro_0.2_6
134,32,V,10104,Female,clvr_cost_0_intro_0.2_6
135,33,V,9638,Female,clvr_cost_0_intro_0.2_6
136,34,V,9824,Female,clvr_cost_0_intro_0.2_6
137,35,V,9954,Female,clvr_cost_0_intro_0.2_6
138,36,V,10016,Female,clvr_cost_0_intro_0.2_6
139,37,V,9684,Female,clvr_cost_0_intro_0.2_6
140,38,V,9856,Female,clvr_cost_0_intro_0.2_6
141,39,V,10172,Female,clvr_cost_0_intro_0.2_6
142,40,V,10096,Female,clvr_cost_0_intro_0.2_6
143,41,V,9936,Female,clvr_cost_0_intro_0.2_6
144,42,V,10076,Female,clvr_cost_0_intro_0.2_6
145,43,V,9882,Female,clvr_cost_0_intro_0.2_6
146,44,V,9890,Female,clvr_cost_0_intro_0.2_6
147,45,V,10030,Female,clvr_cost_0_intro_0.2_6
148,46,V,9888,Female,clvr_cost_0_intro_0.2_6
149,47,V,10158,Female,clvr_cost_0_intro_0.2_6
150,48,V,10002,Female,clvr_cost_0_intro_0.2_6
151,49,V,10156,Female,clvr_cost_0_intro_0.2_6
152,50,V,10210,Female,clvr_cost_0_intro_0.2_6
153,0,W,10000,Female,clvr_cost_0_intro_0.2_6
154,1,W,7529,Female,clvr_cost_0_intro_0.2_6
155,2,W,6461,Female,clvr_cost_0_intro_0.2_6
156,3,W,5456,Female,clvr_cost_0_intro_0.2_6
157,4,W,3968,Female,clvr_cost_0_intro_0.2_6
158,5,W,2225,Female,clvr_cost_0_intro_0.2_6
159,6,W,974,Female,clvr_cost_0_intro_0.2_6
160,7,W,254,Female,clvr_cost_0_intro_0.2_6
161,8,W,26,Female,clvr_cost_0_intro_0.2_6
162,9,W,0,Female,clvr_cost_0_intro_0.2_6
163,10,W,0,Female,clvr_cost_0_intro_0.2_6
164,11,W,0,Female,clvr_cost_0_intro_0.2_6
165,12,W,0,Female,clvr_cost_0_intro_0.2_6
166,13,W,0,Female,clvr_cost_0_intro_0.2_6
167,14,W,0,Female,clvr_cost_0_intro_0.2_6
168,15,W,0,Female,clvr_cost_0_intro_0.2_6
169,16,W,0,Female,clvr_cost_0_intro_0.2_6
170,17,W,0,Female,clvr_cost_0_intro_0.2_6
171,18,W,0,Female,clvr_cost_0_intro_0.2_6
172,19,W,0,Female,clvr_cost_0_intro_0.2_6
173,20,W,0,Female,clvr_cost_0_intro_0.2_6
174,21,W,0,Female,clvr_cost_0_intro_0.2_6
175,22,W,0,Female,clvr_cost_0_intro_0.2_6
176,23,W,0,Female,clvr_cost_0_intro_0.2_6
177,24,W,0,Female,clvr_cost_0_intro_0.2_6
178,25,W,0,Female,clvr_cost_0_intro_0.2_6
179,26,W,0,Female,clvr_cost_0_intro_0.2_6
180,27,W,0,Female,clvr_cost_0_intro_0.2_6
181,28,W,0,Female,clvr_cost_0_intro_0.2_6
182,29,W,0,Female,clvr_cost_0_intro_0.2_6
183,30,W,0,Female,clvr_cost_0_intro_0.2_6
184,31,W,0,Female,clvr_cost_0_intro_0.2_6
185,32,W,0,Female,clvr_cost_0_intro_0.2_6
186,33,W,0,Female,clvr_cost_0_intro_0.2_6
187,34,W,0,Female,clvr_cost_0_intro_0.2_6
188,35,W,0,Female,clvr_cost_0_intro_0.2_6
189,36,W,0,Female,clvr_cost_0_intro_0.2_6
190,37,W,0,Female,clvr_cost_0_intro_0.2_6
191,38,W,0,Female,clvr_cost_0_intro_0.2_6
192,39,W,0,Female,clvr_cost_0_intro_0.2_6
193,40,W,0,Female,clvr_cost_0_intro_0.2_6
194,41,W,0,Female,clvr_cost_0_intro_0.2_6
195,42,W,0,Female,clvr_cost_0_intro_0.2_6
196,43,W,0,Female,clvr_cost_0_intro_0.2_6
197,44,W,0,Female,clvr_cost_0_intro_0.2_6
198,45,W,0,Female,clvr_cost_0_intro_0.2_6
199,46,W,0,Female,clvr_cost_0_intro_0.2_6
200,47,W,0,Female,clvr_cost_0_intro_0.2_6
201,48,W,0,Female,clvr_cost_0_intro_0.2_6
202,49,W,0,Female,clvr_cost_0_intro_0.2_6
203,50,W,0,Female,clvr_cost_0_intro_0.2_6
204,0,C,4000,Male,clvr_cost_0_intro_0.2_6
205,1,C,1186,Male,clvr_cost_0_intro_0.2_6
206,2,C,1709,Male,clvr_cost_0_intro_0.2_6
207,3,C,2569,Male,clvr_cost_0_intro_0.2_6
208,4,C,3540,Male,clvr_cost_0_intro_0.2_6
209,5,C,4666,Male,clvr_cost_0_intro_0.2_6
210,6,C,6154,Male,clvr_cost_0_intro_0.2_6
211,7,C,8260,Male,clvr_cost_0_intro_0.2_6
212,8,C,9506,Male,clvr_cost_0_intro_0.2_6
213,9,C,9841,Male,clvr_cost_0_intro_0.2_6
214,10,C,9948,Male,clvr_cost_0_intro_0.2_6
215,11,C,10156,Male,clvr_cost_0_intro_0.2_6
216,12,C,10060,Male,clvr_cost_0_intro_0.2_6
217,13,C,10100,Male,clvr_cost_0_intro_0.2_6
218,14,C,10058,Male,clvr_cost_0_intro_0.2_6
219,15,C,10260,Male,clvr_cost_0_intro_0.2_6
220,16,C,10112,Male,clvr_cost_0_intro_0.2_6
221,17,C,9824,Male,clvr_cost_0_intro_0.2_6
222,18,C,9988,Male,clvr_cost_0_intro_0.2_6
223,19,C,9944,Male,clvr_cost_0_intro_0.2_6
224,20,C,9890,Male,clvr_cost_0_intro_0.2_6
225,21,C,10174,Male,clvr_cost_0_intro_0.2_6
226,22,C,10156,Male,clvr_cost_0_intro_0.2_6
227,23,C,10076,Male,clvr_cost_0_intro_0.2_6
228,24,C,10042,Male,clvr_cost_0_intro_0.2_6
229,25,C,10108,Male,clvr_cost_0_intro_0.2_6
230,26,C,9922,Male,clvr_cost_0_intro_0.2_6
231,27,C,9876,Male,clvr_cost_0_intro_0.2_6
232,28,C,9754,Male,clvr_cost_0_intro_0.2_6
233,29,C,10108,Male,clvr_cost_0_intro_0.2_6
234,30,C,10182,Male,clvr_cost_0_intro_0.2_6
235,31,C,9982,Male,clvr_cost_0_intro_0.2_6
236,32,C,10252,Male,clvr_cost_0_intro_0.2_6
237,33,C,9946,Male,clvr_cost_0_intro_0.2_6
238,34,C,10004,Male,clvr_cost_0_intro_0.2_6
239,35,C,9986,Male,clvr_cost_0_intro_0.2_6
240,36,C,10200,Male,clvr_cost_0_intro_0.2_6
241,37,C,10030,Male,clvr_cost_0_intro_0.2_6
242,38,C,9882,Male,clvr_cost_0_intro_0.2_6
243,39,C,10176,Male,clvr_cost_0_intro_0.2_6
244,40,C,10110,Male,clvr_cost_0_intro_0.2_6
245,41,C,10074,Male,clvr_cost_0_intro_0.2_6
246,42,C,10106,Male,clvr_cost_0_intro_0.2_6
247,43,C,10044,Male,clvr_cost_0_intro_0.2_6
248,44,C,10036,Male,clvr_cost_0_intro_0.2_6
249,45,C,10094,Male,clvr_cost_0_intro_0.2_6
250,46,C,9966,Male,clvr_cost_0_intro_0.2_6
251,47,C,10172,Male,clvr_cost_0_intro_0.2_6
252,48,C,10160,Male,clvr_cost_0_intro_0.2_6
253,49,C,10164,Male,clvr_cost_0_intro_0.2_6
254,50,C,10214,Male,clvr_cost_0_intro_0.2_6
255,0,A,10000,Male,clvr_cost_0_intro_0.2_6
256,1,A,7578,Male,clvr_cost_0_intro_0.2_6
257,2,A,6635,Male,clvr_cost_0_intro_0.2_6
258,3,A,5591,Male,clvr_cost_0_intro_0.2_6
259,4,A,4102,Male,clvr_cost_0_intro_0.2_6
260,5,A,2408,Male,clvr_cost_0_intro_0.2_6
261,6,A,1100,Male,clvr_cost_0_intro_0.2_6
262,7,A,302,Male,clvr_cost_0_intro_0.2_6
263,8,A,36,Male,clvr_cost_0_intro_0.2_6
264,9,A,3,Male,clvr_cost_0_intro_0.2_6
265,10,A,0,Male,clvr_cost_0_intro_0.2_6
266,11,A,0,Male,clvr_cost_0_intro_0.2_6
267,12,A,0,Male,clvr_cost_0_intro_0.2_6
268,13,A,0,Male,clvr_cost_0_intro_0.2_6
269,14,A,0,Male,clvr_cost_0_intro_0.2_6
270,15,A,0,Male,clvr_cost_0_intro_0.2_6
271,16,A,0,Male,clvr_cost_0_intro_0.2_6
272,17,A,0,Male,clvr_cost_0_intro_0.2_6
273,18,A,0,Male,clvr_cost_0_intro_0.2_6
274,19,A,0,Male,clvr_cost_0_intro_0.2_6
275,20,A,0,Male,clvr_cost_0_intro_0.2_6
276,21,A,0,Male,clvr_cost_0_intro_0.2_6
277,22,A,0,Male,clvr_cost_0_intro_0.2_6
278,23,A,0,Male,clvr_cost_0_intro_0.2_6
279,24,A,0,Male,clvr_cost_0_intro_0.2_6
280,25,A,0,Male,clvr_cost_0_intro_0.2_6
281,26,A,0,Male,clvr_cost_0_intro_0.2_6
282,27,A,0,Male,clvr_cost_0_intro_0.2_6
283,28,A,0,Male,clvr_cost_0_intro_0.2_6
284,29,A,0,Male,clvr_cost_0_intro_0.2_6
285,30,A,0,Male,clvr_cost_0_intro_0.2_6
286,31,A,0,Male,clvr_cost_0_intro_0.2_6
287,32,A,0,Male,clvr_cost_0_intro_0.2_6
288,33,A,0,Male,clvr_cost_0_intro_0.2_6
289,34,A,0,Male,clvr_cost_0_intro_0.2_6
290,35,A,0,Male,clvr_cost_0_intro_0.2_6
291,36,A,0,Male,clvr_cost_0_intro_0.2_6
292,37,A,0,Male,clvr_cost_0_intro_0.2_6
293,38,A,0,Male,clvr_cost_0_intro_0.2_6
294,39,A,0,Male,clvr_cost_0_intro_0.2_6
295,40,A,0,Male,clvr_cost_0_intro_0.2_6
296,41,A,0,Male,clvr_cost_0_intro_0.2_6
297,42,A,0,Male,clvr_cost_0_intro_0.2_6
298,43,A,0,Male,clvr_cost_0_intro_0.2_6
299,44,A,0,Male,clvr_cost_0_intro_0.2_6
300,45,A,0,Male,clvr_cost_0_intro_0.2_6
301,46,A,0,Male,clvr_cost_0_intro_0.2_6
302,47,A,0,Male,clvr_cost_0_intro_0.2_6
303,48,A,0,Male,clvr_cost_0_intro_0.2_6
304,49,A,0,Male,clvr_cost_0_intro_0.2_6
305,50,A,0,Male,clvr_cost_0_intro_0.2_6
306,0,V,4000,Male,clvr_cost_0_intro_0.2_6
307,1,V,1186,Male,clvr_cost_0_intro_0.2_6
308,2,V,1750,Male,clvr_cost_0_intro_0.2_6
309,3,V,2630,Male,clvr_cost_0_intro_0.2_6
310,4,V,3614,Male,clvr_cost_0_intro_0.2_6
311,5,V,4737,Male,clvr_cost_0_intro_0.2_6
312,6,V,6216,Male,clvr_cost_0_intro_0.2_6
313,7,V,8302,Male,clvr_cost_0_intro_0.2_6
314,8,V,9520,Male,clvr_cost_0_intro_0.2_6
315,9,V,9842,Male,clvr_cost_0_intro_0.2_6
316,10,V,9948,Male,clvr_cost_0_intro_0.2_6
317,11,V,10156,Male,clvr_cost_0_intro_0.2_6
318,12,V,10060,Male,clvr_cost_0_intro_0.2_6
319,13,V,10100,Male,clvr_cost_0_intro_0.2_6
320,14,V,10058,Male,clvr_cost_0_intro_0.2_6
321,15,V,10260,Male,clvr_cost_0_intro_0.2_6
322,16,V,10112,Male,clvr_cost_0_intro_0.2_6
323,17,V,9824,Male,clvr_cost_0_intro_0.2_6
324,18,V,9988,Male,clvr_cost_0_intro_0.2_6
325,19,V,9944,Male,clvr_cost_0_intro_0.2_6
326,20,V,9890,Male,clvr_cost_0_intro_0.2_6
327,21,V,10174,Male,clvr_cost_0_intro_0.2_6
328,22,V,10156,Male,clvr_cost_0_intro_0.2_6
329,23,V,10076,Male,clvr_cost_0_intro_0.2_6
330,24,V,10042,Male,clvr_cost_0_intro_0.2_6
331,25,V,10108,Male,clvr_cost_0_intro_0.2_6
332,26,V,9922,Male,clvr_cost_0_intro_0.2_6
333,27,V,9876,Male,clvr_cost_0_intro_0.2_6
334,28,V,9754,Male,clvr_cost_0_intro_0.2_6
335,29,V,10108,Male,clvr_cost_0_intro_0.2_6
336,30,V,10182,Male,clvr_cost_0_intro_0.2_6
337,31,V,9982,Male,clvr_cost_0_intro_0.2_6
338,32,V,10252,Male,clvr_cost_0_intro_0.2_6
339,33,V,9946,Male,clvr_cost_0_intro_0.2_6
340,34,V,10004,Male,clvr_cost_0_intro_0.2_6
341,35,V,9986,Male,clvr_cost_0_intro_0.2_6
342,36,V,10200,Male,clvr_cost_0_intro_0.2_6
343,37,V,10030,Male,clvr_cost_0_intro_0.2_6
344,38,V,9882,Male,clvr_cost_0_intro_0.2_6
345,39,V,10176,Male,clvr_cost_0_intro_0.2_6
346,40,V,10110,Male,clvr_cost_0_intro_0.2_6
347,41,V,10074,Male,clvr_cost_0_intro_0.2_6
348,42,V,10106,Male,clvr_cost_0_intro_0.2_6
349,43,V,10044,Male,clvr_cost_0_intro_0.2_6
350,44,V,10036,Male,clvr_cost_0_intro_0.2_6
351,45,V,10094,Male,clvr_cost_0_intro_0.2_6
352,46,V,9966,Male,clvr_cost_0_intro_0.2_6
353,47,V,10172,Male,clvr_cost_0_intro_0.2_6
354,48,V,10160,Male,clvr_cost_0_intro_0.2_6
355,49,V,10164,Male,clvr_cost_0_intro_0.2_6
356,50,V,10214,Male,clvr_cost_0_intro_0.2_6
357,0,W,10000,Male,clvr_cost_0_intro_0.2_6
358,1,W,7578,Male,clvr_cost_0_intro_0.2_6
359,2,W,6594,Male,clvr_cost_0_intro_0.2_6
360,3,W,5530,Male,clvr_cost_0_intro_0.2_6
361,4,W,4028,Male,clvr_cost_0_intro_0.2_6
362,5,W,2337,Male,clvr_cost_0_intro_0.2_6
363,6,W,1038,Male,clvr_cost_0_intro_0.2_6
364,7,W,260,Male,clvr_cost_0_intro_0.2_6
365,8,W,22,Male,clvr_cost_0_intro_0.2_6
366,9,W,2,Male,clvr_cost_0_intro_0.2_6
367,10,W,0,Male,clvr_cost_0_intro_0.2_6
368,11,W,0,Male,clvr_cost_0_intro_0.2_6
369,12,W,0,Male,clvr_cost_0_intro_0.2_6
370,13,W,0,Male,clvr_cost_0_intro_0.2_6
371,14,W,0,Male,clvr_cost_0_intro_0.2_6
372,15,W,0,Male,clvr_cost_0_intro_0.2_6
373,16,W,0,Male,clvr_cost_0_intro_0.2_6
374,17,W,0,Male,clvr_cost_0_intro_0.2_6
375,18,W,0,Male,clvr_cost_0_intro_0.2_6
376,19,W,0,Male,clvr_cost_0_intro_0.2_6
377,20,W,0,Male,clvr_cost_0_intro_0.2_6
378,21,W,0,Male,clvr_cost_0_intro_0.2_6
379,22,W,0,Male,clvr_cost_0_intro_0.2_6
380,23,W,0,Male,clvr_cost_0_intro_0.2_6
381,24,W,0,Male,clvr_cost_0_intro_0.2_6
382,25,W,0,Male,clvr_cost_0_intro_0.2_6
383,26,W,0,Male,clvr_cost_0_intro_0.2_6
384,27,W,0,Male,clvr_cost_0_intro_0.2_6
385,28,W,0,Male,clvr_cost_0_intro_0.2_6
386,29,W,0,Male,clvr_cost_0_intro_0.2_6
387,30,W,0,Male,clvr_cost_0_intro_0.2_6
388,31,W,0,Male,clvr_cost_0_intro_0.2_6
389,32,W,0,Male,clvr_cost_0_intro_0.2_6
390,33,W,0,Male,clvr_cost_0_intro_0.2_6
391,34,W,0,Male,clvr_cost_0_intro_0.2_6
392,35,W,0,Male,clvr_cost_0_intro_0.2_6
393,36,W,0,Male,clvr_cost_0_intro_0.2_6
394,37,W,0,Male,clvr_cost_0_intro_0.2_6
395,38,W,0,Male,clvr_cost_0_intro_0.2_6
396,39,W,0,Male,clvr_cost_0_intro_0.2_6
397,40,W,0,Male,clvr_cost_0_intro_0.2_6
398,41,W,0,Male,clvr_cost_0_intro_0.2_6
399,42,W,0,Male,clvr_cost_0_intro_0.2_6
400,43,W,0,Male,clvr_cost_0_intro_0.2_6
401,44,W,0,Male,clvr_cost_0_intro_0.2_6
402,45,W,0,Male,clvr_cost_0_intro_0.2_6
403,46,W,0,Male,clvr_cost_0_intro_0.2_6
404,47,W,0,Male,clvr_cost_0_intro_0.2_6
405,48,W,0,Male,clvr_cost_0_intro_0.2_6
406,49,W,0,Male,clvr_cost_0_intro_0.2_6
407,50,W,0,Male,clvr_cost_0_intro_0.2_6
,Generation,Allele,Count,Sex,Run
0,0,C,0,Female,clvr_cost_0_intro_0.2_7
1,1,C,1211,Female,clvr_cost_0_intro_0.2_7
2,2,C,1812,Female,clvr_cost_0_intro_0.2_7
3,3,C,2640,Female,clvr_cost_0_intro_0.2_7
4,4,C,3384,Female,clvr_cost_0_intro_0.2_7
5,5,C,4674,Female,clvr_cost_0_intro_0.2_7
6,6,C,6307,Female,clvr_cost_0_intro_0.2_7
7,7,C,8216,Female,clvr_cost_0_intro_0.2_7
8,8,C,9343,Female,clvr_cost_0_intro_0.2_7
9,9,C,9814,Female,clvr_cost_0_intro_0.2_7
10,10,C,9969,Female,clvr_cost_0_intro_0.2_7
11,11,C,9926,Female,clvr_cost_0_intro_0.2_7
12,12,C,9996,Female,clvr_cost_0_intro_0.2_7
13,13,C,10050,Female,clvr_cost_0_intro_0.2_7
14,14,C,9870,Female,clvr_cost_0_intro_0.2_7
15,15,C,9570,Female,clvr_cost_0_intro_0.2_7
16,16,C,9726,Female,clvr_cost_0_intro_0.2_7
17,17,C,9856,Female,clvr_cost_0_intro_0.2_7
18,18,C,9894,Female,clvr_cost_0_intro_0.2_7
19,19,C,9698,Female,clvr_cost_0_intro_0.2_7
20,20,C,9950,Female,clvr_cost_0_intro_0.2_7
21,21,C,9724,Female,clvr_cost_0_intro_0.2_7
22,22,C,9986,Female,clvr_cost_0_intro_0.2_7
23,23,C,9810,Female,clvr_cost_0_intro_0.2_7
24,24,C,9776,Female,clvr_cost_0_intro_0.2_7
25,25,C,9804,Female,clvr_cost_0_intro_0.2_7
26,26,C,9838,Female,clvr_cost_0_intro_0.2_7
27,27,C,9810,Female,clvr_cost_0_intro_0.2_7
28,28,C,10010,Female,clvr_cost_0_intro_0.2_7
29,29,C,10002,Female,clvr_cost_0_intro_0.2_7
30,30,C,10080,Female,clvr_cost_0_intro_0.2_7
31,31,C,10156,Female,clvr_cost_0_intro_0.2_7
32,32,C,9766,Female,clvr_cost_0_intro_0.2_7
33,33,C,9714,Female,clvr_cost_0_intro_0.2_7
34,34,C,9642,Female,clvr_cost_0_intro_0.2_7
35,35,C,9840,Female,clvr_cost_0_intro_0.2_7
36,36,C,9836,Female,clvr_cost_0_intro_0.2_7
37,37,C,9788,Female,clvr_cost_0_intro_0.2_7
38,38,C,10040,Female,clvr_cost_0_intro_0.2_7
39,39,C,9810,Female,clvr_cost_0_intro_0.2_7
40,40,C,9808,Female,clvr_cost_0_intro_0.2_7
41,41,C,10172,Female,clvr_cost_0_intro_0.2_7
42,42,C,9788,Female,clvr_cost_0_intro_0.2_7
43,43,C,10144,Female,clvr_cost_0_intro_0.2_7
44,44,C,9962,Female,clvr_cost_0_intro_0.2_7
45,45,C,9844,Female,clvr_cost_0_intro_0.2_7
46,46,C,9950,Female,clvr_cost_0_intro_0.2_7
47,47,C,9984,Female,clvr_cost_0_intro_0.2_7
48,48,C,10012,Female,clvr_cost_0_intro_0.2_7
49,49,C,9618,Female,clvr_cost_0_intro_0.2_7
50,50,C,9790,Female,clvr_cost_0_intro_0.2_7
51,0,A,10000,Female,clvr_cost_0_intro_0.2_7
52,1,A,7329,Female,clvr_cost_0_intro_0.2_7
53,2,A,6476,Female,clvr_cost_0_intro_0.2_7
54,3,A,5494,Female,clvr_cost_0_intro_0.2_7
55,4,A,3734,Female,clvr_cost_0_intro_0.2_7
56,5,A,2280,Female,clvr_cost_0_intro_0.2_7
57,6,A,941,Female,clvr_cost_0_intro_0.2_7
58,7,A,260,Female,clvr_cost_0_intro_0.2_7
59,8,A,29,Female,clvr_cost_0_intro_0.2_7
60,9,A,4,Female,clvr_cost_0_intro_0.2_7
61,10,A,1,Female,clvr_cost_0_intro_0.2_7
62,11,A,0,Female,clvr_cost_0_intro_0.2_7
63,12,A,0,Female,clvr_cost_0_intro_0.2_7
64,13,A,0,Female,clvr_cost_0_intro_0.2_7
65,14,A,0,Female,clvr_cost_0_intro_0.2_7
66,15,A,0,Female,clvr_cost_0_intro_0.2_7
67,16,A,0,Female,clvr_cost_0_intro_0.2_7
68,17,A,0,Female,clvr_cost_0_intro_0.2_7
69,18,A,0,Female,clvr_cost_0_intro_0.2_7
70,19,A,0,Female,clvr_cost_0_intro_0.2_7
71,20,A,0,Female,clvr_cost_0_intro_0.2_7
72,21,A,0,Female,clvr_cost_0_intro_0.2_7
73,22,A,0,Female,clvr_cost_0_intro_0.2_7
74,23,A,0,Female,clvr_cost_0_intro_0.2_7
75,24,A,0,Female,clvr_cost_0_intro_0.2_7
76,25,A,0,Female,clvr_cost_0_intro_0.2_7
77,26,A,0,Female,clvr_cost_0_intro_0.2_7
78,27,A,0,Female,clvr_cost_0_intro_0.2_7
79,28,A,0,Female,clvr_cost_0_intro_0.2_7
80,29,A,0,Female,clvr_cost_0_intro_0.2_7
81,30,A,0,Female,clvr_cost_0_intro_0.2_7
82,31,A,0,Female,clvr_cost_0_intro_0.2_7
83,32,A,0,Female,clvr_cost_0_intro_0.2_7
84,33,A,0,Female,clvr_cost_0_intro_0.2_7
85,34,A,0,Female,clvr_cost_0_intro_0.2_7
86,35,A,0,Female,clvr_cost_0_intro_0.2_7
87,36,A,0,Female,clvr_cost_0_intro_0.2_7
88,37,A,0,Female,clvr_cost_0_intro_0.2_7
89,38,A,0,Female,clvr_cost_0_intro_0.2_7
90,39,A,0,Female,clvr_cost_0_intro_0.2_7
91,40,A,0,Female,clvr_cost_0_intro_0.2_7
92,41,A,0,Female,clvr_cost_0_intro_0.2_7
93,42,A,0,Female,clvr_cost_0_intro_0.2_7
94,43,A,0,Female,clvr_cost_0_intro_0.2_7
95,44,A,0,Female,clvr_cost_0_intro_0.2_7
96,45,A,0,Female,clvr_cost_0_intro_0.2_7
97,46,A,0,Female,clvr_cost_0_intro_0.2_7
98,47,A,0,Female,clvr_cost_0_intro_0.2_7
99,48,A,0,Female,clvr_cost_0_intro_0.2_7
100,49,A,0,Female,clvr_cost_0_intro_0.2_7
101,50,A,0,Female,clvr_cost_0_intro_0.2_7
102,0,V,0,Female,clvr_cost_0_intro_0.2_7
103,1,V,1211,Female,clvr_cost_0_intro_0.2_7
104,2,V,1858,Female,clvr_cost_0_intro_0.2_7
105,3,V,2707,Female,clvr_cost_0_intro_0.2_7
106,4,V,3461,Female,clvr_cost_0_intro_0.2_7
107,5,V,4737,Female,clvr_cost_0_intro_0.2_7
108,6,V,6373,Female,clvr_cost_0_intro_0.2_7
109,7,V,8256,Female,clvr_cost_0_intro_0.2_7
110,8,V,9355,Female,clvr_cost_0_intro_0.2_7
111,9,V,9817,Female,clvr_cost_0_intro_0.2_7
112,10,V,9969,Female,clvr_cost_0_intro_0.2_7
113,11,V,9926,Female,clvr_cost_0_intro_0.2_7
114,12,V,9996,Female,clvr_cost_0_intro_0.2_7
115,13,V,10050,Female,clvr_cost_0_intro_0.2_7
116,14,V,9870,Female,clvr_cost_0_intro_0.2_7
117,15,V,9570,Female,clvr_cost_0_intro_0.2_7
118,16,V,9726,Female,clvr_cost_0_intro_0.2_7
119,17,V,9856,Female,clvr_cost_0_intro_0.2_7
120,18,V,9894,Female,clvr_cost_0_intro_0.2_7
121,19,V,9698,Female,clvr_cost_0_intro_0.2_7
122,20,V,9950,Female,clvr_cost_0_intro_0.2_7
123,21,V,9724,Female,clvr_cost_0_intro_0.2_7
124,22,V,9986,Female,clvr_cost_0_intro_0.2_7
125,23,V,9810,Female,clvr_cost_0_intro_0.2_7
126,24,V,9776,Female,clvr_cost_0_intro_0.2_7
127,25,V,9804,Female,clvr_cost_0_intro_0.2_7
128,26,V,9838,Female,clvr_cost_0_intro_0.2_7
129,27,V,9810,Female,clvr_cost_0_intro_0.2_7
130,28,V,10010,Female,clvr_cost_0_intro_0.2_7
131,29,V,10002,Female,clvr_cost_0_intro_0.2_7
132,30,V,10080,Female,clvr_cost_0_intro_0.2_7
133,31,V,10156,Female,clvr_cost_0_intro_0.2_7
134,32,V,9766,Female,clvr_cost_0_intro_0.2_7
135,33,V,9714,Female,clvr_cost_0_intro_0.2_7
136,34,V,9642,Female,clvr_cost_0_intro_0.2_7
137,35,V,9840,Female,clvr_cost_0_intro_0.2_7
138,36,V,9836,Female,clvr_cost_0_intro_0.2_7
139,37,V,9788,Female,clvr_cost_0_intro_0.2_7
140,38,V,10040,Female,clvr_cost_0_intro_0.2_7
141,39,V,9810,Female,clvr_cost_0_intro_0.2_7
142,40,V,9808,Female,clvr_cost_0_intro_0.2_7
143,41,V,10172,Female,clvr_cost_0_intro_0.2_7
144,42,V,9788,Female,clvr_cost_0_intro_0.2_7
145,43,V,10144,Female,clvr_cost_0_intro_0.2_7
146,44,V,9962,Female,clvr_cost_0_intro_0.2_7
147,45,V,9844,Female,clvr_cost_0_intro_0.2_7
148,46,V,9950,Female,clvr_cost_0_intro_0.2_7
149,47,V,9984,Female,clvr_cost_0_intro_0.2_7
150,48,V,10012,Female,clvr_cost_0_intro_0.2_7
151,49,V,9618,Female,clvr_cost_0_intro_0.2_7
152,50,V,9790,Female,clvr_cost_0_intro_0.2_7
153,0,W,10000,Female,clvr_cost_0_intro_0.2_7
154,1,W,7329,Female,clvr_cost_0_intro_0.2_7
155,2,W,6430,Female,clvr_cost_0_intro_0.2_7
156,3,W,5427,Female,clvr_cost_0_intro_0.2_7
157,4,W,3657,Female,clvr_cost_0_intro_0.2_7
158,5,W,2217,Female,clvr_cost_0_intro_0.2_7
159,6,W,875,Female,clvr_cost_0_intro_0.2_7
160,7,W,220,Female,clvr_cost_0_intro_0.2_7
161,8,W,17,Female,clvr_cost_0_intro_0.2_7
162,9,W,1,Female,clvr_cost_0_intro_0.2_7
163,10,W,1,Female,clvr_cost_0_intro_0.2_7
164,11,W,0,Female,clvr_cost_0_intro_0.2_7
165,12,W,0,Female,clvr_cost_0_intro_0.2_7
166,13,W,0,Female,clvr_cost_0_intro_0.2_7
167,14,W,0,Female,clvr_cost_0_intro_0.2_7
168,15,W,0,Female,clvr_cost_0_intro_0.2_7
169,16,W,0,Female,clvr_cost_0_intro_0.2_7
170,17,W,0,Female,clvr_cost_0_intro_0.2_7
171,18,W,0,Female,clvr_cost_0_intro_0.2_7
172,19,W,0,Female,clvr_cost_0_intro_0.2_7
173,20,W,0,Female,clvr_cost_0_intro_0.2_7
174,21,W,0,Female,clvr_cost_0_intro_0.2_7
175,22,W,0,Female,clvr_cost_0_intro_0.2_7
176,23,W,0,Female,clvr_cost_0_intro_0.2_7
177,24,W,0,Female,clvr_cost_0_intro_0.2_7
178,25,W,0,Female,clvr_cost_0_intro_0.2_7
179,26,W,0,Female,clvr_cost_0_intro_0.2_7
180,27,W,0,Female,clvr_cost_0_intro_0.2_7
181,28,W,0,Female,clvr_cost_0_intro_0.2_7
182,29,W,0,Female,clvr_cost_0_intro_0.2_7
183,30,W,0,Female,clvr_cost_0_intro_0.2_7
184,31,W,0,Female,clvr_cost_0_intro_0.2_7
185,32,W,0,Female,clvr_cost_0_intro_0.2_7
186,33,W,0,Female,clvr_cost_0_intro_0.2_7
187,34,W,0,Female,clvr_cost_0_intro_0.2_7
188,35,W,0,Female,clvr_cost_0_intro_0.2_7
189,36,W,0,Female,clvr_cost_0_intro_0.2_7
190,37,W,0,Female,clvr_cost_0_intro_0.2_7
191,38,W,0,Female,clvr_cost_0_intro_0.2_7
192,39,W,0,Female,clvr_cost_0_intro_0.2_7
193,40,W,0,Female,clvr_cost_0_intro_0.2_7
194,41,W,0,Female,clvr_cost_0_intro_0.2_7
195,42,W,0,Female,clvr_cost_0_intro_0.2_7
196,43,W,0,Female,clvr_cost_0_intro_0.2_7
197,44,W,0,Female,clvr_cost_0_intro_0.2_7
198,45,W,0,Female,clvr_cost_0_intro_0.2_7
199,46,W,0,Female,clvr_cost_0_intro_0.2_7
200,47,W,0,Female,clvr_cost_0_intro_0.2_7
201,48,W,0,Female,clvr_cost_0_intro_0.2_7
202,49,W,0,Female,clvr_cost_0_intro_0.2_7
203,50,W,0,Female,clvr_cost_0_intro_0.2_7
204,0,C,4000,Male,clvr_cost_0_intro_0.2_7
205,1,C,1201,Male,clvr_cost_0_intro_0.2_7
206,2,C,1813,Male,clvr_cost_0_intro_0.2_7
207,3,C,2614,Male,clvr_cost_0_intro_0.2_7
208,4,C,3534,Male,clvr_cost_0_intro_0.2_7
209,5,C,4779,Male,clvr_cost_0_intro_0.2_7
210,6,C,6354,Male,clvr_cost_0_intro_0.2_7
211,7,C,8229,Male,clvr_cost_0_intro_0.2_7
212,8,C,9546,Male,clvr_cost_0_intro_0.2_7
213,9,C,9985,Male,clvr_cost_0_intro_0.2_7
214,10,C,10224,Male,clvr_cost_0_intro_0.2_7
215,11,C,10056,Male,clvr_cost_0_intro_0.2_7
216,12,C,10076,Male,clvr_cost_0_intro_0.2_7
217,13,C,10168,Male,clvr_cost_0_intro_0.2_7
218,14,C,10360,Male,clvr_cost_0_intro_0.2_7
219,15,C,9932,Male,clvr_cost_0_intro_0.2_7
220,16,C,9772,Male,clvr_cost_0_intro_0.2_7
221,17,C,9962,Male,clvr_cost_0_intro_0.2_7
222,18,C,10008,Male,clvr_cost_0_intro_0.2_7
223,19,C,9954,Male,clvr_cost_0_intro_0.2_7
224,20,C,9980,Male,clvr_cost_0_intro_0.2_7
225,21,C,9962,Male,clvr_cost_0_intro_0.2_7
226,22,C,10018,Male,clvr_cost_0_intro_0.2_7
227,23,C,9912,Male,clvr_cost_0_intro_0.2_7
228,24,C,9940,Male,clvr_cost_0_intro_0.2_7
229,25,C,9964,Male,clvr_cost_0_intro_0.2_7
230,26,C,9904,Male,clvr_cost_0_intro_0.2_7
231,27,C,9934,Male,clvr_cost_0_intro_0.2_7
232,28,C,10074,Male,clvr_cost_0_intro_0.2_7
233,29,C,10078,Male,clvr_cost_0_intro_0.2_7
234,30,C,10114,Male,clvr_cost_0_intro_0.2_7
235,31,C,10168,Male,clvr_cost_0_intro_0.2_7
236,32,C,9982,Male,clvr_cost_0_intro_0.2_7
237,33,C,10022,Male,clvr_cost_0_intro_0.2_7
238,34,C,9700,Male,clvr_cost_0_intro_0.2_7
239,35,C,10036,Male,clvr_cost_0_intro_0.2_7
240,36,C,9910,Male,clvr_cost_0_intro_0.2_7
241,37,C,9834,Male,clvr_cost_0_intro_0.2_7
242,38,C,10052,Male,clvr_cost_0_intro_0.2_7
243,39,C,10222,Male,clvr_cost_0_intro_0.2_7
244,40,C,9998,Male,clvr_cost_0_intro_0.2_7
245,41,C,10304,Male,clvr_cost_0_intro_0.2_7
246,42,C,9838,Male,clvr_cost_0_intro_0.2_7
247,43,C,10224,Male,clvr_cost_0_intro_0.2_7
248,44,C,10206,Male,clvr_cost_0_intro_0.2_7
249,45,C,9844,Male,clvr_cost_0_intro_0.2_7
250,46,C,10004,Male,clvr_cost_0_intro_0.2_7
251,47,C,10056,Male,clvr_cost_0_intro_0.2_7
252,48,C,10198,Male,clvr_cost_0_intro_0.2_7
253,49,C,9908,Male,clvr_cost_0_intro_0.2_7
254,50,C,9902,Male,clvr_cost_0_intro_0.2_7
255,0,A,10000,Male,clvr_cost_0_intro_0.2_7
256,1,A,7435,Male,clvr_cost_0_intro_0.2_7
257,2,A,6707,Male,clvr_cost_0_intro_0.2_7
258,3,A,5628,Male,clvr_cost_0_intro_0.2_7
259,4,A,3918,Male,clvr_cost_0_intro_0.2_7
260,5,A,2447,Male,clvr_cost_0_intro_0.2_7
261,6,A,966,Male,clvr_cost_0_intro_0.2_7
262,7,A,257,Male,clvr_cost_0_intro_0.2_7
263,8,A,34,Male,clvr_cost_0_intro_0.2_7
264,9,A,1,Male,clvr_cost_0_intro_0.2_7
265,10,A,0,Male,clvr_cost_0_intro_0.2_7
266,11,A,0,Male,clvr_cost_0_intro_0.2_7
267,12,A,0,Male,clvr_cost_0_intro_0.2_7
268,13,A,0,Male,clvr_cost_0_intro_0.2_7
269,14,A,0,Male,clvr_cost_0_intro_0.2_7
270,15,A,0,Male,clvr_cost_0_intro_0.2_7
271,16,A,0,Male,clvr_cost_0_intro_0.2_7
272,17,A,0,Male,clvr_cost_0_intro_0.2_7
273,18,A,0,Male,clvr_cost_0_intro_0.2_7
274,19,A,0,Male,clvr_cost_0_intro_0.2_7
275,20,A,0,Male,clvr_cost_0_intro_0.2_7
276,21,A,0,Male,clvr_cost_0_intro_0.2_7
277,22,A,0,Male,clvr_cost_0_intro_0.2_7
278,23,A,0,Male,clvr_cost_0_intro_0.2_7
279,24,A,0,Male,clvr_cost_0_intro_0.2_7
280,25,A,0,Male,clvr_cost_0_intro_0.2_7
281,26,A,0,Male,clvr_cost_0_intro_0.2_7
282,27,A,0,Male,clvr_cost_0_intro_0.2_7
283,28,A,0,Male,clvr_cost_0_intro_0.2_7
284,29,A,0,Male,clvr_cost_0_intro_0.2_7
285,30,A,0,Male,clvr_cost_0_intro_0.2_7
286,31,A,0,Male,clvr_cost_0_intro_0.2_7
287,32,A,0,Male,clvr_cost_0_intro_0.2_7
288,33,A,0,Male,clvr_cost_0_intro_0.2_7
289,34,A,0,Male,clvr_cost_0_intro_0.2_7
290,35,A,0,Male,clvr_cost_0_intro_0.2_7
291,36,A,0,Male,clvr_cost_0_intro_0.2_7
292,37,A,0,Male,clvr_cost_0_intro_0.2_7
293,38,A,0,Male,clvr_cost_0_intro_0.2_7
294,39,A,0,Male,clvr_cost_0_intro_0.2_7
295,40,A,0,Male,clvr_cost_0_intro_0.2_7
296,41,A,0,Male,clvr_cost_0_intro_0.2_7
297,42,A,0,Male,clvr_cost_0_intro_0.2_7
298,43,A,0,Male,clvr_cost_0_intro_0.2_7
299,44,A,0,Male,clvr_cost_0_intro_0.2_7
300,45,A,0,Male,clvr_cost_0_intro_0.2_7
301,46,A,0,Male,clvr_cost_0_intro_0.2_7
302,47,A,0,Male,clvr_cost_0_intro_0.2_7
303,48,A,0,Male,clvr_cost_0_intro_0.2_7
304,49,A,0,Male,clvr_cost_0_intro_0.2_7
305,50,A,0,Male,clvr_cost_0_intro_0.2_7
306,0,V,4000,Male,clvr_cost_0_intro_0.2_7
307,1,V,1201,Male,clvr_cost_0_intro_0.2_7
308,2,V,1863,Male,clvr_cost_0_intro_0.2_7
309,3,V,2670,Male,clvr_cost_0_intro_0.2_7
310,4,V,3595,Male,clvr_cost_0_intro_0.2_7
311,5,V,4850,Male,clvr_cost_0_intro_0.2_7
312,6,V,6421,Male,clvr_cost_0_intro_0.2_7
313,7,V,8257,Male,clvr_cost_0_intro_0.2_7
314,8,V,9560,Male,clvr_cost_0_intro_0.2_7
315,9,V,9986,Male,clvr_cost_0_intro_0.2_7
316,10,V,10224,Male,clvr_cost_0_intro_0.2_7
317,11,V,10056,Male,clvr_cost_0_intro_0.2_7
318,12,V,10076,Male,clvr_cost_0_intro_0.2_7
319,13,V,10168,Male,clvr_cost_0_intro_0.2_7
320,14,V,10360,Male,clvr_cost_0_intro_0.2_7
321,15,V,9932,Male,clvr_cost_0_intro_0.2_7
322,16,V,9772,Male,clvr_cost_0_intro_0.2_7
323,17,V,9962,Male,clvr_cost_0_intro_0.2_7
324,18,V,10008,Male,clvr_cost_0_intro_0.2_7
325,19,V,9954,Male,clvr_cost_0_intro_0.2_7
326,20,V,9980,Male,clvr_cost_0_intro_0.2_7
327,21,V,9962,Male,clvr_cost_0_intro_0.2_7
328,22,V,10018,Male,clvr_cost_0_intro_0.2_7
329,23,V,9912,Male,clvr_cost_0_intro_0.2_7
330,24,V,9940,Male,clvr_cost_0_intro_0.2_7
331,25,V,9964,Male,clvr_cost_0_intro_0.2_7
332,26,V,9904,Male,clvr_cost_0_intro_0.2_7
333,27,V,9934,Male,clvr_cost_0_intro_0.2_7
334,28,V,10074,Male,clvr_cost_0_intro_0.2_7
335,29,V,10078,Male,clvr_cost_0_intro_0.2_7
336,30,V,10114,Male,clvr_cost_0_intro_0.2_7
337,31,V,10168,Male,clvr_cost_0_intro_0.2_7
338,32,V,9982,Male,clvr_cost_0_intro_0.2_7
339,33,V,10022,Male,clvr_cost_0_intro_0.2_7
340,34,V,9700,Male,clvr_cost_0_intro_0.2_7
341,35,V,10036,Male,clvr_cost_0_intro_0.2_7
342,36,V,9910,Male,clvr_cost_0_intro_0.2_7
343,37,V,9834,Male,clvr_cost_0_intro_0.2_7
344,38,V,10052,Male,clvr_cost_0_intro_0.2_7
345,39,V,10222,Male,clvr_cost_0_intro_0.2_7
346,40,V,9998,Male,clvr_cost_0_intro_0.2_7
347,41,V,10304,Male,clvr_cost_0_intro_0.2_7
348,42,V,9838,Male,clvr_cost_0_intro_0.2_7
349,43,V,10224,Male,clvr_cost_0_intro_0.2_7
350,44,V,10206,Male,clvr_cost_0_intro_0.2_7
351,45,V,9844,Male,clvr_cost_0_intro_0.2_7
352,46,V,10004,Male,clvr_cost_0_intro_0.2_7
353,47,V,10056,Male,clvr_cost_0_intro_0.2_7
354,48,V,10198,Male,clvr_cost_0_intro_0.2_7
355,49,V,9908,Male,clvr_cost_0_intro_0.2_7
356,50,V,9902,Male,clvr_cost_0_intro_0.2_7
357,0,W,10000,Male,clvr_cost_0_intro_0.2_7
358,1,W,7435,Male,clvr_cost_0_intro_0.2_7
359,2,W,6657,Male,clvr_cost_0_intro_0.2_7
360,3,W,5572,Male,clvr_cost_0_intro_0.2_7
361,4,W,3857,Male,clvr_cost_0_intro_0.2_7
362,5,W,2376,Male,clvr_cost_0_intro_0.2_7
363,6,W,899,Male,clvr_cost_0_intro_0.2_7
364,7,W,229,Male,clvr_cost_0_intro_0.2_7
365,8,W,20,Male,clvr_cost_0_intro_0.2_7
366,9,W,0,Male,clvr_cost_0_intro_0.2_7
367,10,W,0,Male,clvr_cost_0_intro_0.2_7
368,11,W,0,Male,clvr_cost_0_intro_0.2_7
369,12,W,0,Male,clvr_cost_0_intro_0.2_7
370,13,W,0,Male,clvr_cost_0_intro_0.2_7
371,14,W,0,Male,clvr_cost_0_intro_0.2_7
372,15,W,0,Male,clvr_cost_0_intro_0.2_7
373,16,W,0,Male,clvr_cost_0_intro_0.2_7
374,17,W,0,Male,clvr_cost_0_intro_0.2_7
375,18,W,0,Male,clvr_cost_0_intro_0.2_7
376,19,W,0,Male,clvr_cost_0_intro_0.2_7
377,20,W,0,Male,clvr_cost_0_intro_0.2_7
378,21,W,0,Male,clvr_cost_0_intro_0.2_7
379,22,W,0,Male,clvr_cost_0_intro_0.2_7
380,23,W,0,Male,clvr_cost_0_intro_0.2_7
381,24,W,0,Male,clvr_cost_0_intro_0.2_7
382,25,W,0,Male,clvr_cost_0_intro_0.2_7
383,26,W,0,Male,clvr_cost_0_intro_0.2_7
384,27,W,0,Male,clvr_cost_0_intro_0.2_7
385,28,W,0,Male,clvr_cost_0_intro_0.2_7
386,29,W,0,Male,clvr_cost_0_intro_0.2_7
387,30,W,0,Male,clvr_cost_0_intro_0.2_7
388,31,W,0,Male,clvr_cost_0_intro_0.2_7
389,32,W,0,Male,clvr_cost_0_intro_0.2_7
390,33,W,0,Male,clvr_cost_0_intro_0.2_7
391,34,W,0,Male,clvr_cost_0_intro_0.2_7
392,35,W,0,Male,clvr_cost_0_intro_0.2_7
393,36,W,0,Male,clvr_cost_0_intro_0.2_7
394,37,W,0,Male,clvr_cost_0_intro_0.2_7
395,38,W,0,Male,clvr_cost_0_intro_0.2_7
396,39,W,0,Male,clvr_cost_0_intro_0.2_7
397,40,W,0,Male,clvr_cost_0_intro_0.2_7
398,41,W,0,Male,clvr_cost_0_intro_0.2_7
399,42,W,0,Male,clvr_cost_0_intro_0.2_7
400,43,W,0,Male,clvr_cost_0_intro_0.2_7
401,44,W,0,Male,clvr_cost_0_intro_0.2_7
402,45,W,0,Male,clvr_cost_0_intro_0.2_7
403,46,W,0,Male,clvr_cost_0_intro_0.2_7
404,47,W,0,Male,clvr_cost_0_intro_0.2_7
405,48,W,0,Male,clvr_cost_0_intro_0.2_7
406,49,W,0,Male,clvr_cost_0_intro_0.2_7
407,50,W,0,Male,clvr_cost_0_intro_0.2_7
,Generation,Allele,Count,Sex,Run
0,0,C,0,Female,clvr_cost_0_intro_0.2_8
1,1,C,1335,Female,clvr_cost_0_intro_0.2_8
2,2,C,1798,Female,clvr_cost_0_intro_0.2_8
3,3,C,2583,Female,clvr_cost_0_intro_0.2_8
4,4,C,3496,Female,clvr_cost_0_intro_0.2_8
5,5,C,4780,Female,clvr_cost_0_intro_0.2_8
6,6,C,6431,Female,clvr_cost_0_intro_0.2_8
7,7,C,8311,Female,clvr_cost_0_intro_0.2_8
8,8,C,9535,Female,clvr_cost_0_intro_0.2_8
9,9,C,9680,Female,clvr_cost_0_intro_0.2_8
10,10,C,9604,Female,clvr_cost_0_intro_0.2_8
11,11,C,9994,Female,clvr_cost_0_intro_0.2_8
12,12,C,10204,Female,clvr_cost_0_intro_0.2_8
13,13,C,10146,Female,clvr_cost_0_intro_0.2_8
14,14,C,10030,Female,clvr_cost_0_intro_0.2_8
15,15,C,10030,Female,clvr_cost_0_intro_0.2_8
16,16,C,9876,Female,clvr_cost_0_intro_0.2_8
17,17,C,9832,Female,clvr_cost_0_intro_0.2_8
18,18,C,9774,Female,clvr_cost_0_intro_0.2_8
19,19,C,9776,Female,clvr_cost_0_intro_0.2_8
20,20,C,9748,Female,clvr_cost_0_intro_0.2_8
21,21,C,9872,Female,clvr_cost_0_intro_0.2_8
22,22,C,9932,Female,clvr_cost_0_intro_0.2_8
23,23,C,10090,Female,clvr_cost_0_intro_0.2_8
24,24,C,9970,Female,clvr_cost_0_intro_0.2_8
25,25,C,9886,Female,clvr_cost_0_intro_0.2_8
26,26,C,9806,Female,clvr_cost_0_intro_0.2_8
27,27,C,9978,Female,clvr_cost_0_intro_0.2_8
28,28,C,10010,Female,clvr_cost_0_intro_0.2_8
29,29,C,9864,Female,clvr_cost_0_intro_0.2_8
30,30,C,9960,Female,clvr_cost_0_intro_0.2_8
31,31,C,10022,Female,clvr_cost_0_intro_0.2_8
32,32,C,9958,Female,clvr_cost_0_intro_0.2_8
33,33,C,10060,Female,clvr_cost_0_intro_0.2_8
34,34,C,9954,Female,clvr_cost_0_intro_0.2_8
35,35,C,9854,Female,clvr_cost_0_intro_0.2_8
36,36,C,10006,Female,clvr_cost_0_intro_0.2_8
37,37,C,10020,Female,clvr_cost_0_intro_0.2_8
38,38,C,10204,Female,clvr_cost_0_intro_0.2_8
39,39,C,9906,Female,clvr_cost_0_intro_0.2_8
40,40,C,9770,Female,clvr_cost_0_intro_0.2_8
41,41,C,10166,Female,clvr_cost_0_intro_0.2_8
42,42,C,10054,Female,clvr_cost_0_intro_0.2_8
43,43,C,9840,Female,clvr_cost_0_intro_0.2_8
44,44,C,9986,Female,clvr_cost_0_intro_0.2_8
45,45,C,10090,Female,clvr_cost_0_intro_0.2_8
46,46,C,10148,Female,clvr_cost_0_intro_0.2_8
47,47,C,9798,Female,clvr_cost_0_intro_0.2_8
48,48,C,10178,Female,clvr_cost_0_intro_0.2_8
49,49,C,9980,Female,clvr_cost_0_intro_0.2_8
50,50,C,9788,Female,clvr_cost_0_intro_0.2_8
51,0,A,10000,Female,clvr_cost_0_intro_0.2_8
52,1,A,7597,Female,clvr_cost_0_intro_0.2_8
53,2,A,6432,Female,clvr_cost_0_intro_0.2_8
54,3,A,5249,Female,clvr_cost_0_intro_0.2_8
55,4,A,3690,Female,clvr_cost_0_intro_0.2_8
56,5,A,2042,Female,clvr_cost_0_intro_0.2_8
57,6,A,803,Female,clvr_cost_0_intro_0.2_8
58,7,A,149,Female,clvr_cost_0_intro_0.2_8
59,8,A,9,Female,clvr_cost_0_intro_0.2_8
60,9,A,0,Female,clvr_cost_0_intro_0.2_8
61,10,A,0,Female,clvr_cost_0_intro_0.2_8
62,11,A,0,Female,clvr_cost_0_intro_0.2_8
63,12,A,0,Female,clvr_cost_0_intro_0.2_8
64,13,A,0,Female,clvr_cost_0_intro_0.2_8
65,14,A,0,Female,clvr_cost_0_intro_0.2_8
66,15,A,0,Female,clvr_cost_0_intro_0.2_8
67,16,A,0,Female,clvr_cost_0_intro_0.2_8
68,17,A,0,Female,clvr_cost_0_intro_0.2_8
69,18,A,0,Female,clvr_cost_0_intro_0.2_8
70,19,A,0,Female,clvr_cost_0_intro_0.2_8
71,20,A,0,Female,clvr_cost_0_intro_0.2_8
72,21,A,0,Female,clvr_cost_0_intro_0.2_8
73,22,A,0,Female,clvr_cost_0_intro_0.2_8
74,23,A,0,Female,clvr_cost_0_intro_0.2_8
75,24,A,0,Female,clvr_cost_0_intro_0.2_8
76,25,A,0,Female,clvr_cost_0_intro_0.2_8
77,26,A,0,Female,clvr_cost_0_intro_0.2_8
78,27,A,0,Female,clvr_cost_0_intro_0.2_8
79,28,A,0,Female,clvr_cost_0_intro_0.2_8
80,29,A,0,Female,clvr_cost_0_intro_0.2_8
81,30,A,0,Female,clvr_cost_0_intro_0.2_8
82,31,A,0,Female,clvr_cost_0_intro_0.2_8
83,32,A,0,Female,clvr_cost_0_intro_0.2_8
84,33,A,0,Female,clvr_cost_0_intro_0.2_8
85,34,A,0,Female,clvr_cost_0_intro_0.2_8
86,35,A,0,Female,clvr_cost_0_intro_0.2_8
87,36,A,0,Female,clvr_cost_0_intro_0.2_8
88,37,A,0,Female,clvr_cost_0_intro_0.2_8
89,38,A,0,Female,clvr_cost_0_intro_0.2_8
90,39,A,0,Female,clvr_cost_0_intro_0.2_8
91,40,A,0,Female,clvr_cost_0_intro_0.2_8
92,41,A,0,Female,clvr_cost_0_intro_0.2_8
93,42,A,0,Female,clvr_cost_0_intro_0.2_8
94,43,A,0,Female,clvr_cost_0_intro_0.2_8
95,44,A,0,Female,clvr_cost_0_intro_0.2_8
96,45,A,0,Female,clvr_cost_0_intro_0.2_8
97,46,A,0,Female,clvr_cost_0_intro_0.2_8
98,47,A,0,Female,clvr_cost_0_intro_0.2_8
99,48,A,0,Female,clvr_cost_0_intro_0.2_8
100,49,A,0,Female,clvr_cost_0_intro_0.2_8
101,50,A,0,Female,clvr_cost_0_intro_0.2_8
102,0,V,0,Female,clvr_cost_0_intro_0.2_8
103,1,V,1335,Female,clvr_cost_0_intro_0.2_8
104,2,V,1846,Female,clvr_cost_0_intro_0.2_8
105,3,V,2633,Female,clvr_cost_0_intro_0.2_8
106,4,V,3569,Female,clvr_cost_0_intro_0.2_8
107,5,V,4862,Female,clvr_cost_0_intro_0.2_8
108,6,V,6505,Female,clvr_cost_0_intro_0.2_8
109,7,V,8339,Female,clvr_cost_0_intro_0.2_8
110,8,V,9539,Female,clvr_cost_0_intro_0.2_8
111,9,V,9680,Female,clvr_cost_0_intro_0.2_8
112,10,V,9604,Female,clvr_cost_0_intro_0.2_8
113,11,V,9994,Female,clvr_cost_0_intro_0.2_8
114,12,V,10204,Female,clvr_cost_0_intro_0.2_8
115,13,V,10146,Female,clvr_cost_0_intro_0.2_8
116,14,V,10030,Female,clvr_cost_0_intro_0.2_8
117,15,V,10030,Female,clvr_cost_0_intro_0.2_8
118,16,V,9876,Female,clvr_cost_0_intro_0.2_8
119,17,V,9832,Female,clvr_cost_0_intro_0.2_8
120,18,V,9774,Female,clvr_cost_0_intro_0.2_8
121,19,V,9776,Female,clvr_cost_0_intro_0.2_8
122,20,V,9748,Female,clvr_cost_0_intro_0.2_8
123,21,V,9872,Female,clvr_cost_0_intro_0.2_8
124,22,V,9932,Female,clvr_cost_0_intro_0.2_8
125,23,V,10090,Female,clvr_cost_0_intro_0.2_8
126,24,V,9970,Female,clvr_cost_0_intro_0.2_8
127,25,V,9886,Female,clvr_cost_0_intro_0.2_8
128,26,V,9806,Female,clvr_cost_0_intro_0.2_8
129,27,V,9978,Female,clvr_cost_0_intro_0.2_8
130,28,V,10010,Female,clvr_cost_0_intro_0.2_8
131,29,V,9864,Female,clvr_cost_0_intro_0.2_8
132,30,V,9960,Female,clvr_cost_0_intro_0.2_8
133,31,V,10022,Female,clvr_cost_0_intro_0.2_8
134,32,V,9958,Female,clvr_cost_0_intro_0.2_8
135,33,V,10060,Female,clvr_cost_0_intro_0.2_8
136,34,V,9954,Female,clvr_cost_0_intro_0.2_8
137,35,V,9854,Female,clvr_cost_0_intro_0.2_8
138,36,V,10006,Female,clvr_cost_0_intro_0.2_8
139,37,V,10020,Female,clvr_cost_0_intro_0.2_8
140,38,V,10204,Female,clvr_cost_0_intro_0.2_8
141,39,V,9906,Female,clvr_cost_0_intro_0.2_8
142,40,V,9770,Female,clvr_cost_0_intro_0.2_8
143,41,V,10166,Female,clvr_cost_0_intro_0.2_8
144,42,V,10054,Female,clvr_cost_0_intro_0.2_8
145,43,V,9840,Female,clvr_cost_0_intro_0.2_8
146,44,V,9986,Female,clvr_cost_0_intro_0.2_8
147,45,V,10090,Female,clvr_cost_0_intro_0.2_8
148,46,V,10148,Female,clvr_cost_0_intro_0.2_8
149,47,V,9798,Female,clvr_cost_0_intro_0.2_8
150,48,V,10178,Female,clvr_cost_0_intro_0.2_8
151,49,V,9980,Female,clvr_cost_0_intro_0.2_8
152,50,V,9788,Female,clvr_cost_0_intro_0.2_8
153,0,W,10000,Female,clvr_cost_0_intro_0.2_8
154,1,W,7597,Female,clvr_cost_0_intro_0.2_8
155,2,W,6384,Female,clvr_cost_0_intro_0.2_8
156,3,W,5199,Female,clvr_cost_0_intro_0.2_8
157,4,W,3617,Female,clvr_cost_0_intro_0.2_8
158,5,W,1960,Female,clvr_cost_0_intro_0.2_8
159,6,W,729,Female,clvr_cost_0_intro_0.2_8
160,7,W,121,Female,clvr_cost_0_intro_0.2_8
161,8,W,5,Female,clvr_cost_0_intro_0.2_8
162,9,W,0,Female,clvr_cost_0_intro_0.2_8
163,10,W,0,Female,clvr_cost_0_intro_0.2_8
164,11,W,0,Female,clvr_cost_0_intro_0.2_8
165,12,W,0,Female,clvr_cost_0_intro_0.2_8
166,13,W,0,Female,clvr_cost_0_intro_0.2_8
167,14,W,0,Female,clvr_cost_0_intro_0.2_8
168,15,W,0,Female,clvr_cost_0_intro_0.2_8
169,16,W,0,Female,clvr_cost_0_intro_0.2_8
170,17,W,0,Female,clvr_cost_0_intro_0.2_8
171,18,W,0,Female,clvr_cost_0_intro_0.2_8
172,19,W,0,Female,clvr_cost_0_intro_0.2_8
173,20,W,0,Female,clvr_cost_0_intro_0.2_8
174,21,W,0,Female,clvr_cost_0_intro_0.2_8
175,22,W,0,Female,clvr_cost_0_intro_0.2_8
176,23,W,0,Female,clvr_cost_0_intro_0.2_8
177,24,W,0,Female,clvr_cost_0_intro_0.2_8
178,25,W,0,Female,clvr_cost_0_intro_0.2_8
179,26,W,0,Female,clvr_cost_0_intro_0.2_8
180,27,W,0,Female,clvr_cost_0_intro_0.2_8
181,28,W,0,Female,clvr_cost_0_intro_0.2_8
182,29,W,0,Female,clvr_cost_0_intro_0.2_8
183,30,W,0,Female,clvr_cost_0_intro_0.2_8
184,31,W,0,Female,clvr_cost_0_intro_0.2_8
185,32,W,0,Female,clvr_cost_0_intro_0.2_8
186,33,W,0,Female,clvr_cost_0_intro_0.2_8
187,34,W,0,Female,clvr_cost_0_intro_0.2_8
188,35,W,0,Female,clvr_cost_0_intro_0.2_8
189,36,W,0,Female,clvr_cost_0_intro_0.2_8
190,37,W,0,Female,clvr_cost_0_intro_0.2_8
191,38,W,0,Female,clvr_cost_0_intro_0.2_8
192,39,W,0,Female,clvr_cost_0_intro_0.2_8
193,40,W,0,Female,clvr_cost_0_intro_0.2_8
194,41,W,0,Female,clvr_cost_0_intro_0.2_8
195,42,W,0,Female,clvr_cost_0_intro_0.2_8
196,43,W,0,Female,clvr_cost_0_intro_0.2_8
197,44,W,0,Female,clvr_cost_0_intro_0.2_8
198,45,W,0,Female,clvr_cost_0_intro_0.2_8
199,46,W,0,Female,clvr_cost_0_intro_0.2_8
200,47,W,0,Female,clvr_cost_0_intro_0.2_8
201,48,W,0,Female,clvr_cost_0_intro_0.2_8
202,49,W,0,Female,clvr_cost_0_intro_0.2_8
203,50,W,0,Female,clvr_cost_0_intro_0.2_8
204,0,C,4000,Male,clvr_cost_0_intro_0.2_8
205,1,C,1281,Male,clvr_cost_0_intro_0.2_8
206,2,C,1904,Male,clvr_cost_0_intro_0.2_8
207,3,C,2608,Male,clvr_cost_0_intro_0.2_8
208,4,C,3683,Male,clvr_cost_0_intro_0.2_8
209,5,C,4732,Male,clvr_cost_0_intro_0.2_8
210,6,C,6537,Male,clvr_cost_0_intro_0.2_8
211,7,C,8397,Male,clvr_cost_0_intro_0.2_8
212,8,C,9576,Male,clvr_cost_0_intro_0.2_8
213,9,C,10218,Male,clvr_cost_0_intro_0.2_8
214,10,C,9884,Male,clvr_cost_0_intro_0.2_8
215,11,C,10018,Male,clvr_cost_0_intro_0.2_8
216,12,C,10226,Male,clvr_cost_0_intro_0.2_8
217,13,C,10178,Male,clvr_cost_0_intro_0.2_8
218,14,C,10058,Male,clvr_cost_0_intro_0.2_8
219,15,C,10072,Male,clvr_cost_0_intro_0.2_8
220,16,C,10046,Male,clvr_cost_0_intro_0.2_8
221,17,C,10028,Male,clvr_cost_0_intro_0.2_8
222,18,C,9790,Male,clvr_cost_0_intro_0.2_8
223,19,C,9940,Male,clvr_cost_0_intro_0.2_8
224,20,C,9848,Male,clvr_cost_0_intro_0.2_8
225,21,C,9912,Male,clvr_cost_0_intro_0.2_8
226,22,C,10024,Male,clvr_cost_0_intro_0.2_8
227,23,C,10122,Male,clvr_cost_0_intro_0.2_8
228,24,C,10034,Male,clvr_cost_0_intro_0.2_8
229,25,C,9916,Male,clvr_cost_0_intro_0.2_8
230,26,C,9978,Male,clvr_cost_0_intro_0.2_8
231,27,C,10002,Male,clvr_cost_0_intro_0.2_8
232,28,C,10152,Male,clvr_cost_0_intro_0.2_8
233,29,C,9894,Male,clvr_cost_0_intro_0.2_8
234,30,C,10084,Male,clvr_cost_0_intro_0.2_8
235,31,C,10036,Male,clvr_cost_0_intro_0.2_8
236,32,C,10026,Male,clvr_cost_0_intro_0.2_8
237,33,C,10132,Male,clvr_cost_0_intro_0.2_8
238,34,C,10058,Male,clvr_cost_0_intro_0.2_8
239,35,C,9936,Male,clvr_cost_0_intro_0.2_8
240,36,C,10254,Male,clvr_cost_0_intro_0.2_8
241,37,C,10038,Male,clvr_cost_0_intro_0.2_8
242,38,C,10284,Male,clvr_cost_0_intro_0.2_8
243,39,C,10030,Male,clvr_cost_0_intro_0.2_8
244,40,C,10002,Male,clvr_cost_0_intro_0.2_8
245,41,C,10166,Male,clvr_cost_0_intro_0.2_8
246,42,C,10276,Male,clvr_cost_0_intro_0.2_8
247,43,C,10000,Male,clvr_cost_0_intro_0.2_8
248,44,C,10316,Male,clvr_cost_0_intro_0.2_8
249,45,C,10238,Male,clvr_cost_0_intro_0.2_8
250,46,C,10166,Male,clvr_cost_0_intro_0.2_8
251,47,C,9826,Male,clvr_cost_0_intro_0.2_8
252,48,C,10330,Male,clvr_cost_0_intro_0.2_8
253,49,C,10298,Male,clvr_cost_0_intro_0.2_8
254,50,C,9936,Male,clvr_cost_0_intro_0.2_8
255,0,A,10000,Male,clvr_cost_0_intro_0.2_8
256,1,A,7759,Male,clvr_cost_0_intro_0.2_8
257,2,A,6580,Male,clvr_cost_0_intro_0.2_8
258,3,A,5368,Male,clvr_cost_0_intro_0.2_8
259,4,A,3829,Male,clvr_cost_0_intro_0.2_8
260,5,A,2168,Male,clvr_cost_0_intro_0.2_8
261,6,A,801,Male,clvr_cost_0_intro_0.2_8
262,7,A,151,Male,clvr_cost_0_intro_0.2_8
263,8,A,12,Male,clvr_cost_0_intro_0.2_8
264,9,A,0,Male,clvr_cost_0_intro_0.2_8
265,10,A,0,Male,clvr_cost_0_intro_0.2_8
266,11,A,0,Male,clvr_cost_0_intro_0.2_8
267,12,A,0,Male,clvr_cost_0_intro_0.2_8
268,13,A,0,Male,clvr_cost_0_intro_0.2_8
269,14,A,0,Male,clvr_cost_0_intro_0.2_8
270,15,A,0,Male,clvr_cost_0_intro_0.2_8
271,16,A,0,Male,clvr_cost_0_intro_0.2_8
272,17,A,0,Male,clvr_cost_0_intro_0.2_8
273,18,A,0,Male,clvr_cost_0_intro_0.2_8
274,19,A,0,Male,clvr_cost_0_intro_0.2_8
275,20,A,0,Male,clvr_cost_0_intro_0.2_8
276,21,A,0,Male,clvr_cost_0_intro_0.2_8
277,22,A,0,Male,clvr_cost_0_intro_0.2_8
278,23,A,0,Male,clvr_cost_0_intro_0.2_8
279,24,A,0,Male,clvr_cost_0_intro_0.2_8
280,25,A,0,Male,clvr_cost_0_intro_0.2_8
281,26,A,0,Male,clvr_cost_0_intro_0.2_8
282,27,A,0,Male,clvr_cost_0_intro_0.2_8
283,28,A,0,Male,clvr_cost_0_intro_0.2_8
284,29,A,0,Male,clvr_cost_0_intro_0.2_8
285,30,A,0,Male,clvr_cost_0_intro_0.2_8
286,31,A,0,Male,clvr_cost_0_intro_0.2_8
287,32,A,0,Male,clvr_cost_0_intro_0.2_8
288,33,A,0,Male,clvr_cost_0_intro_0.2_8
289,34,A,0,Male,clvr_cost_0_intro_0.2_8
290,35,A,0,Male,clvr_cost_0_intro_0.2_8
291,36,A,0,Male,clvr_cost_0_intro_0.2_8
292,37,A,0,Male,clvr_cost_0_intro_0.2_8
293,38,A,0,Male,clvr_cost_0_intro_0.2_8
294,39,A,0,Male,clvr_cost_0_intro_0.2_8
295,40,A,0,Male,clvr_cost_0_intro_0.2_8
296,41,A,0,Male,clvr_cost_0_intro_0.2_8
297,42,A,0,Male,clvr_cost_0_intro_0.2_8
298,43,A,0,Male,clvr_cost_0_intro_0.2_8
299,44,A,0,Male,clvr_cost_0_intro_0.2_8
300,45,A,0,Male,clvr_cost_0_intro_0.2_8
301,46,A,0,Male,clvr_cost_0_intro_0.2_8
302,47,A,0,Male,clvr_cost_0_intro_0.2_8
303,48,A,0,Male,clvr_cost_0_intro_0.2_8
304,49,A,0,Male,clvr_cost_0_intro_0.2_8
305,50,A,0,Male,clvr_cost_0_intro_0.2_8
306,0,V,4000,Male,clvr_cost_0_intro_0.2_8
307,1,V,1281,Male,clvr_cost_0_intro_0.2_8
308,2,V,1946,Male,clvr_cost_0_intro_0.2_8
309,3,V,2656,Male,clvr_cost_0_intro_0.2_8
310,4,V,3759,Male,clvr_cost_0_intro_0.2_8
311,5,V,4812,Male,clvr_cost_0_intro_0.2_8
312,6,V,6604,Male,clvr_cost_0_intro_0.2_8
313,7,V,8424,Male,clvr_cost_0_intro_0.2_8
314,8,V,9581,Male,clvr_cost_0_intro_0.2_8
315,9,V,10218,Male,clvr_cost_0_intro_0.2_8
316,10,V,9884,Male,clvr_cost_0_intro_0.2_8
317,11,V,10018,Male,clvr_cost_0_intro_0.2_8
318,12,V,10226,Male,clvr_cost_0_intro_0.2_8
319,13,V,10178,Male,clvr_cost_0_intro_0.2_8
320,14,V,10058,Male,clvr_cost_0_intro_0.2_8
321,15,V,10072,Male,clvr_cost_0_intro_0.2_8
322,16,V,10046,Male,clvr_cost_0_intro_0.2_8
323,17,V,10028,Male,clvr_cost_0_intro_0.2_8
324,18,V,9790,Male,clvr_cost_0_intro_0.2_8
325,19,V,9940,Male,clvr_cost_0_intro_0.2_8
326,20,V,9848,Male,clvr_cost_0_intro_0.2_8
327,21,V,9912,Male,clvr_cost_0_intro_0.2_8
328,22,V,10024,Male,clvr_cost_0_intro_0.2_8
329,23,V,10122,Male,clvr_cost_0_intro_0.2_8
330,24,V,10034,Male,clvr_cost_0_intro_0.2_8
331,25,V,9916,Male,clvr_cost_0_intro_0.2_8
332,26,V,9978,Male,clvr_cost_0_intro_0.2_8
333,27,V,10002,Male,clvr_cost_0_intro_0.2_8
334,28,V,10152,Male,clvr_cost_0_intro_0.2_8
335,29,V,9894,Male,clvr_cost_0_intro_0.2_8
336,30,V,10084,Male,clvr_cost_0_intro_0.2_8
337,31,V,10036,Male,clvr_cost_0_intro_0.2_8
338,32,V,10026,Male,clvr_cost_0_intro_0.2_8
339,33,V,10132,Male,clvr_cost_0_intro_0.2_8
340,34,V,10058,Male,clvr_cost_0_intro_0.2_8
341,35,V,9936,Male,clvr_cost_0_intro_0.2_8
342,36,V,10254,Male,clvr_cost_0_intro_0.2_8
343,37,V,10038,Male,clvr_cost_0_intro_0.2_8
344,38,V,10284,Male,clvr_cost_0_intro_0.2_8
345,39,V,10030,Male,clvr_cost_0_intro_0.2_8
346,40,V,10002,Male,clvr_cost_0_intro_0.2_8
347,41,V,10166,Male,clvr_cost_0_intro_0.2_8
348,42,V,10276,Male,clvr_cost_0_intro_0.2_8
349,43,V,10000,Male,clvr_cost_0_intro_0.2_8
350,44,V,10316,Male,clvr_cost_0_intro_0.2_8
351,45,V,10238,Male,clvr_cost_0_intro_0.2_8
352,46,V,10166,Male,clvr_cost_0_intro_0.2_8
353,47,V,9826,Male,clvr_cost_0_intro_0.2_8
354,48,V,10330,Male,clvr_cost_0_intro_0.2_8
355,49,V,10298,Male,clvr_cost_0_intro_0.2_8
356,50,V,9936,Male,clvr_cost_0_intro_0.2_8
357,0,W,10000,Male,clvr_cost_0_intro_0.2_8
358,1,W,7759,Male,clvr_cost_0_intro_0.2_8
359,2,W,6538,Male,clvr_cost_0_intro_0.2_8
360,3,W,5320,Male,clvr_cost_0_intro_0.2_8
361,4,W,3753,Male,clvr_cost_0_intro_0.2_8
362,5,W,2088,Male,clvr_cost_0_intro_0.2_8
363,6,W,734,Male,clvr_cost_0_intro_0.2_8
364,7,W,124,Male,clvr_cost_0_intro_0.2_8
365,8,W,7,Male,clvr_cost_0_intro_0.2_8
366,9,W,0,Male,clvr_cost_0_intro_0.2_8
367,10,W,0,Male,clvr_cost_0_intro_0.2_8
368,11,W,0,Male,clvr_cost_0_intro_0.2_8
369,12,W,0,Male,clvr_cost_0_intro_0.2_8
370,13,W,0,Male,clvr_cost_0_intro_0.2_8
371,14,W,0,Male,clvr_cost_0_intro_0.2_8
372,15,W,0,Male,clvr_cost_0_intro_0.2_8
373,16,W,0,Male,clvr_cost_0_intro_0.2_8
374,17,W,0,Male,clvr_cost_0_intro_0.2_8
375,18,W,0,Male,clvr_cost_0_intro_0.2_8
376,19,W,0,Male,clvr_cost_0_intro_0.2_8
377,20,W,0,Male,clvr_cost_0_intro_0.2_8
378,21,W,0,Male,clvr_cost_0_intro_0.2_8
379,22,W,0,Male,clvr_cost_0_intro_0.2_8
380,23,W,0,Male,clvr_cost_0_intro_0.2_8
381,24,W,0,Male,clvr_cost_0_intro_0.2_8
382,25,W,0,Male,clvr_cost_0_intro_0.2_8
383,26,W,0,Male,clvr_cost_0_intro_0.2_8
384,27,W,0,Male,clvr_cost_0_intro_0.2_8
385,28,W,0,Male,clvr_cost_0_intro_0.2_8
386,29,W,0,Male,clvr_cost_0_intro_0.2_8
387,30,W,0,Male,clvr_cost_0_intro_0.2_8
388,31,W,0,Male,clvr_cost_0_intro_0.2_8
389,32,W,0,Male,clvr_cost_0_intro_0.2_8
390,33,W,0,Male,clvr_cost_0_intro_0.2_8
391,34,W,0,Male,clvr_cost_0_intro_0.2_8
392,35,W,0,Male,clvr_cost_0_intro_0.2_8
393,36,W,0,Male,clvr_cost_0_intro_0.2_8
394,37,W,0,Male,clvr_cost_0_intro_0.2_8
395,38,W,0,Male,clvr_cost_0_intro_0.2_8
396,39,W,0,Male,clvr_cost_0_intro_0.2_8
397,40,W,0,Male,clvr_cost_0_intro_0.2_8
398,41,W,0,Male,clvr_cost_0_intro_0.2_8
399,42,W,0,Male,clvr_cost_0_intro_0.2_8
400,43,W,0,Male,clvr_cost_0_intro_0.2_8
401,44,W,0,Male,clvr_cost_0_intro_0.2_8
402,45,W,0,Male,clvr_cost_0_intro_0.2_8
403,46,W,0,Male,clvr_cost_0_intro_0.2_8
404,47,W,0,Male,clvr_cost_0_intro_0.2_8
405,48,W,0,Male,clvr_cost_0_intro_0.2_8
406,49,W,0,Male,clvr_cost_0_intro_0.2_8
407,50,W,0,Male,clvr_cost_0_intro_0.2_8
,Generation,Allele,Count,Sex,Run
0,0,C,0,Female,clvr_cost_0_intro_0.2_9
1,1,C,1347,Female,clvr_cost_0_intro_0.2_9
2,2,C,1968,Female,clvr_cost_0_intro_0.2_9
3,3,C,2703,Female,clvr_cost_0_intro_0.2_9
4,4,C,3700,Female,clvr_cost_0_intro_0.2_9
5,5,C,4792,Female,clvr_cost_0_intro_0.2_9
6,6,C,6537,Female,clvr_cost_0_intro_0.2_9
7,7,C,8308,Female,clvr_cost_0_intro_0.2_9
8,8,C,9328,Female,clvr_cost_0_intro_0.2_9
9,9,C,9676,Female,clvr_cost_0_intro_0.2_9
10,10,C,9844,Female,clvr_cost_0_intro_0.2_9
11,11,C,9918,Female,clvr_cost_0_intro_0.2_9
12,12,C,9848,Female,clvr_cost_0_intro_0.2_9
13,13,C,9770,Female,clvr_cost_0_intro_0.2_9
14,14,C,9864,Female,clvr_cost_0_intro_0.2_9
15,15,C,9908,Female,clvr_cost_0_intro_0.2_9
16,16,C,9944,Female,clvr_cost_0_intro_0.2_9
17,17,C,9908,Female,clvr_cost_0_intro_0.2_9
18,18,C,10168,Female,clvr_cost_0_intro_0.2_9
19,19,C,10158,Female,clvr_cost_0_intro_0.2_9
20,20,C,9950,Female,clvr_cost_0_intro_0.2_9
21,21,C,9722,Female,clvr_cost_0_intro_0.2_9
22,22,C,9856,Female,clvr_cost_0_intro_0.2_9
23,23,C,9882,Female,clvr_cost_0_intro_0.2_9
24,24,C,9834,Female,clvr_cost_0_intro_0.2_9
25,25,C,9624,Female,clvr_cost_0_intro_0.2_9
26,26,C,9702,Female,clvr_cost_0_intro_0.2_9
27,27,C,9864,Female,clvr_cost_0_intro_0.2_9
28,28,C,10080,Female,clvr_cost_0_intro_0.2_9
29,29,C,9860,Female,clvr_cost_0_intro_0.2_9
30,30,C,9864,Female,clvr_cost_0_intro_0.2_9
31,31,C,9806,Female,clvr_cost_0_intro_0.2_9
32,32,C,9898,Female,clvr_cost_0_intro_0.2_9
33,33,C,9784,Female,clvr_cost_0_intro_0.2_9
34,34,C,10046,Female,clvr_cost_0_intro_0.2_9
35,35,C,9762,Female,clvr_cost_0_intro_0.2_9
36,36,C,9906,Female,clvr_cost_0_intro_0.2_9
37,37,C,9828,Female,clvr_cost_0_intro_0.2_9
38,38,C,9638,Female,clvr_cost_0_intro_0.2_9
39,39,C,9680,Female,clvr_cost_0_intro_0.2_9
40,40,C,9816,Female,clvr_cost_0_intro_0.2_9
41,41,C,10100,Female,clvr_cost_0_intro_0.2_9
42,42,C,9998,Female,clvr_cost_0_intro_0.2_9
43,43,C,9914,Female,clvr_cost_0_intro_0.2_9
44,44,C,9850,Female,clvr_cost_0_intro_0.2_9
45,45,C,10058,Female,clvr_cost_0_intro_0.2_9
46,46,C,9818,Female,clvr_cost_0_intro_0.2_9
47,47,C,9932,Female,clvr_cost_0_intro_0.2_9
48,48,C,9782,Female,clvr_cost_0_intro_0.2_9
49,49,C,9846,Female,clvr_cost_0_intro_0.2_9
50,50,C,9782,Female,clvr_cost_0_intro_0.2_9
51,0,A,10000,Female,clvr_cost_0_intro_0.2_9
52,1,A,7207,Female,clvr_cost_0_intro_0.2_9
53,2,A,6438,Female,clvr_cost_0_intro_0.2_9
54,3,A,5237,Female,clvr_cost_0_intro_0.2_9
55,4,A,3672,Female,clvr_cost_0_intro_0.2_9
56,5,A,1958,Female,clvr_cost_0_intro_0.2_9
57,6,A,773,Female,clvr_cost_0_intro_0.2_9
58,7,A,164,Female,clvr_cost_0_intro_0.2_9
59,8,A,18,Female,clvr_cost_0_intro_0.2_9
60,9,A,2,Female,clvr_cost_0_intro_0.2_9
61,10,A,0,Female,clvr_cost_0_intro_0.2_9
62,11,A,0,Female,clvr_cost_0_intro_0.2_9
63,12,A,0,Female,clvr_cost_0_intro_0.2_9
64,13,A,0,Female,clvr_cost_0_intro_0.2_9
65,14,A,0,Female,clvr_cost_0_intro_0.2_9
66,15,A,0,Female,clvr_cost_0_intro_0.2_9
67,16,A,0,Female,clvr_cost_0_intro_0.2_9
68,17,A,0,Female,clvr_cost_0_intro_0.2_9
69,18,A,0,Female,clvr_cost_0_intro_0.2_9
70,19,A,0,Female,clvr_cost_0_intro_0.2_9
71,20,A,0,Female,clvr_cost_0_intro_0.2_9
72,21,A,0,Female,clvr_cost_0_intro_0.2_9
73,22,A,0,Female,clvr_cost_0_intro_0.2_9
74,23,A,0,Female,clvr_cost_0_intro_0.2_9
75,24,A,0,Female,clvr_cost_0_intro_0.2_9
76,25,A,0,Female,clvr_cost_0_intro_0.2_9
77,26,A,0,Female,clvr_cost_0_intro_0.2_9
78,27,A,0,Female,clvr_cost_0_intro_0.2_9
79,28,A,0,Female,clvr_cost_0_intro_0.2_9
80,29,A,0,Female,clvr_cost_0_intro_0.2_9
81,30,A,0,Female,clvr_cost_0_intro_0.2_9
82,31,A,0,Female,clvr_cost_0_intro_0.2_9
83,32,A,0,Female,clvr_cost_0_intro_0.2_9
84,33,A,0,Female,clvr_cost_0_intro_0.2_9
85,34,A,0,Female,clvr_cost_0_intro_0.2_9
86,35,A,0,Female,clvr_cost_0_intro_0.2_9
87,36,A,0,Female,clvr_cost_0_intro_0.2_9
88,37,A,0,Female,clvr_cost_0_intro_0.2_9
89,38,A,0,Female,clvr_cost_0_intro_0.2_9
90,39,A,0,Female,clvr_cost_0_intro_0.2_9
91,40,A,0,Female,clvr_cost_0_intro_0.2_9
92,41,A,0,Female,clvr_cost_0_intro_0.2_9
93,42,A,0,Female,clvr_cost_0_intro_0.2_9
94,43,A,0,Female,clvr_cost_0_intro_0.2_9
95,44,A,0,Female,clvr_cost_0_intro_0.2_9
96,45,A,0,Female,clvr_cost_0_intro_0.2_9
97,46,A,0,Female,clvr_cost_0_intro_0.2_9
98,47,A,0,Female,clvr_cost_0_intro_0.2_9
99,48,A,0,Female,clvr_cost_0_intro_0.2_9
100,49,A,0,Female,clvr_cost_0_intro_0.2_9
101,50,A,0,Female,clvr_cost_0_intro_0.2_9
102,0,V,0,Female,clvr_cost_0_intro_0.2_9
103,1,V,1347,Female,clvr_cost_0_intro_0.2_9
104,2,V,2008,Female,clvr_cost_0_intro_0.2_9
105,3,V,2764,Female,clvr_cost_0_intro_0.2_9
106,4,V,3777,Female,clvr_cost_0_intro_0.2_9
107,5,V,4866,Female,clvr_cost_0_intro_0.2_9
108,6,V,6604,Female,clvr_cost_0_intro_0.2_9
109,7,V,8338,Female,clvr_cost_0_intro_0.2_9
110,8,V,9340,Female,clvr_cost_0_intro_0.2_9
111,9,V,9678,Female,clvr_cost_0_intro_0.2_9
112,10,V,9844,Female,clvr_cost_0_intro_0.2_9
113,11,V,9918,Female,clvr_cost_0_intro_0.2_9
114,12,V,9848,Female,clvr_cost_0_intro_0.2_9
115,13,V,9770,Female,clvr_cost_0_intro_0.2_9
116,14,V,9864,Female,clvr_cost_0_intro_0.2_9
117,15,V,9908,Female,clvr_cost_0_intro_0.2_9
118,16,V,9944,Female,clvr_cost_0_intro_0.2_9
119,17,V,9908,Female,clvr_cost_0_intro_0.2_9
120,18,V,10168,Female,clvr_cost_0_intro_0.2_9
121,19,V,10158,Female,clvr_cost_0_intro_0.2_9
122,20,V,9950,Female,clvr_cost_0_intro_0.2_9
123,21,V,9722,Female,clvr_cost_0_intro_0.2_9
124,22,V,9856,Female,clvr_cost_0_intro_0.2_9
125,23,V,9882,Female,clvr_cost_0_intro_0.2_9
126,24,V,9834,Female,clvr_cost_0_intro_0.2_9
127,25,V,9624,Female,clvr_cost_0_intro_0.2_9
128,26,V,9702,Female,clvr_cost_0_intro_0.2_9
129,27,V,9864,Female,clvr_cost_0_intro_0.2_9
130,28,V,10080,Female,clvr_cost_0_intro_0.2_9
131,29,V,9860,Female,clvr_cost_0_intro_0.2_9
132,30,V,9864,Female,clvr_cost_0_intro_0.2_9
133,31,V,9806,Female,clvr_cost_0_intro_0.2_9
134,32,V,9898,Female,clvr_cost_0_intro_0.2_9
135,33,V,9784,Female,clvr_cost_0_intro_0.2_9
136,34,V,10046,Female,clvr_cost_0_intro_0.2_9
137,35,V,9762,Female,clvr_cost_0_intro_0.2_9
138,36,V,9906,Female,clvr_cost_0_intro_0.2_9
139,37,V,9828,Female,clvr_cost_0_intro_0.2_9
140,38,V,9638,Female,clvr_cost_0_intro_0.2_9
141,39,V,9680,Female,clvr_cost_0_intro_0.2_9
142,40,V,9816,Female,clvr_cost_0_intro_0.2_9
143,41,V,10100,Female,clvr_cost_0_intro_0.2_9
144,42,V,9998,Female,clvr_cost_0_intro_0.2_9
145,43,V,9914,Female,clvr_cost_0_intro_0.2_9
146,44,V,9850,Female,clvr_cost_0_intro_0.2_9
147,45,V,10058,Female,clvr_cost_0_intro_0.2_9
148,46,V,9818,Female,clvr_cost_0_intro_0.2_9
149,47,V,9932,Female,clvr_cost_0_intro_0.2_9
150,48,V,9782,Female,clvr_cost_0_intro_0.2_9
151,49,V,9846,Female,clvr_cost_0_intro_0.2_9
152,50,V,9782,Female,clvr_cost_0_intro_0.2_9
153,0,W,10000,Female,clvr_cost_0_intro_0.2_9
154,1,W,7207,Female,clvr_cost_0_intro_0.2_9
155,2,W,6398,Female,clvr_cost_0_intro_0.2_9
156,3,W,5176,Female,clvr_cost_0_intro_0.2_9
157,4,W,3595,Female,clvr_cost_0_intro_0.2_9
158,5,W,1884,Female,clvr_cost_0_intro_0.2_9
159,6,W,706,Female,clvr_cost_0_intro_0.2_9
160,7,W,134,Female,clvr_cost_0_intro_0.2_9
161,8,W,6,Female,clvr_cost_0_intro_0.2_9
162,9,W,0,Female,clvr_cost_0_intro_0.2_9
163,10,W,0,Female,clvr_cost_0_intro_0.2_9
164,11,W,0,Female,clvr_cost_0_intro_0.2_9
165,12,W,0,Female,clvr_cost_0_intro_0.2_9
166,13,W,0,Female,clvr_cost_0_intro_0.2_9
167,14,W,0,Female,clvr_cost_0_intro_0.2_9
168,15,W,0,Female,clvr_cost_0_intro_0.2_9
169,16,W,0,Female,clvr_cost_0_intro_0.2_9
170,17,W,0,Female,clvr_cost_0_intro_0.2_9
171,18,W,0,Female,clvr_cost_0_intro_0.2_9
172,19,W,0,Female,clvr_cost_0_intro_0.2_9
173,20,W,0,Female,clvr_cost_0_intro_0.2_9
174,21,W,0,Female,clvr_cost_0_intro_0.2_9
175,22,W,0,Female,clvr_cost_0_intro_0.2_9
176,23,W,0,Female,clvr_cost_0_intro_0.2_9
177,24,W,0,Female,clvr_cost_0_intro_0.2_9
178,25,W,0,Female,clvr_cost_0_intro_0.2_9
179,26,W,0,Female,clvr_cost_0_intro_0.2_9
180,27,W,0,Female,clvr_cost_0_intro_0.2_9
181,28,W,0,Female,clvr_cost_0_intro_0.2_9
182,29,W,0,Female,clvr_cost_0_intro_0.2_9
183,30,W,0,Female,clvr_cost_0_intro_0.2_9
184,31,W,0,Female,clvr_cost_0_intro_0.2_9
185,32,W,0,Female,clvr_cost_0_intro_0.2_9
186,33,W,0,Female,clvr_cost_0_intro_0.2_9
187,34,W,0,Female,clvr_cost_0_intro_0.2_9
188,35,W,0,Female,clvr_cost_0_intro_0.2_9
189,36,W,0,Female,clvr_cost_0_intro_0.2_9
190,37,W,0,Female,clvr_cost_0_intro_0.2_9
191,38,W,0,Female,clvr_cost_0_intro_0.2_9
192,39,W,0,Female,clvr_cost_0_intro_0.2_9
193,40,W,0,Female,clvr_cost_0_intro_0.2_9
194,41,W,0,Female,clvr_cost_0_intro_0.2_9
195,42,W,0,Female,clvr_cost_0_intro_0.2_9
196,43,W,0,Female,clvr_cost_0_intro_0.2_9
197,44,W,0,Female,clvr_cost_0_intro_0.2_9
198,45,W,0,Female,clvr_cost_0_intro_0.2_9
199,46,W,0,Female,clvr_cost_0_intro_0.2_9
200,47,W,0,Female,clvr_cost_0_intro_0.2_9
201,48,W,0,Female,clvr_cost_0_intro_0.2_9
202,49,W,0,Female,clvr_cost_0_intro_0.2_9
203,50,W,0,Female,clvr_cost_0_intro_0.2_9
204,0,C,4000,Male,clvr_cost_0_intro_0.2_9
205,1,C,1277,Male,clvr_cost_0_intro_0.2_9
206,2,C,1976,Male,clvr_cost_0_intro_0.2_9
207,3,C,2696,Male,clvr_cost_0_intro_0.2_9
208,4,C,3729,Male,clvr_cost_0_intro_0.2_9
209,5,C,5038,Male,clvr_cost_0_intro_0.2_9
210,6,C,6595,Male,clvr_cost_0_intro_0.2_9
211,7,C,8393,Male,clvr_cost_0_intro_0.2_9
212,8,C,9503,Male,clvr_cost_0_intro_0.2_9
213,9,C,10016,Male,clvr_cost_0_intro_0.2_9
214,10,C,9884,Male,clvr_cost_0_intro_0.2_9
215,11,C,10066,Male,clvr_cost_0_intro_0.2_9
216,12,C,9962,Male,clvr_cost_0_intro_0.2_9
217,13,C,9932,Male,clvr_cost_0_intro_0.2_9
218,14,C,10002,Male,clvr_cost_0_intro_0.2_9
219,15,C,10260,Male,clvr_cost_0_intro_0.2_9
220,16,C,10174,Male,clvr_cost_0_intro_0.2_9
221,17,C,9956,Male,clvr_cost_0_intro_0.2_9
222,18,C,10208,Male,clvr_cost_0_intro_0.2_9
223,19,C,10250,Male,clvr_cost_0_intro_0.2_9
224,20,C,10034,Male,clvr_cost_0_intro_0.2_9
225,21,C,9996,Male,clvr_cost_0_intro_0.2_9
226,22,C,9990,Male,clvr_cost_0_intro_0.2_9
227,23,C,10020,Male,clvr_cost_0_intro_0.2_9
228,24,C,9874,Male,clvr_cost_0_intro_0.2_9
229,25,C,10164,Male,clvr_cost_0_intro_0.2_9
230,26,C,9884,Male,clvr_cost_0_intro_0.2_9
231,27,C,10002,Male,clvr_cost_0_intro_0.2_9
232,28,C,10092,Male,clvr_cost_0_intro_0.2_9
233,29,C,10090,Male,clvr_cost_0_intro_0.2_9
234,30,C,9962,Male,clvr_cost_0_intro_0.2_9
235,31,C,9882,Male,clvr_cost_0_intro_0.2_9
236,32,C,9972,Male,clvr_cost_0_intro_0.2_9
237,33,C,9972,Male,clvr_cost_0_intro_0.2_9
238,34,C,10104,Male,clvr_cost_0_intro_0.2_9
239,35,C,10016,Male,clvr_cost_0_intro_0.2_9
240,36,C,10016,Male,clvr_cost_0_intro_0.2_9
241,37,C,10060,Male,clvr_cost_0_intro_0.2_9
242,38,C,10048,Male,clvr_cost_0_intro_0.2_9
243,39,C,9698,Male,clvr_cost_0_intro_0.2_9
244,40,C,9986,Male,clvr_cost_0_intro_0.2_9
245,41,C,10218,Male,clvr_cost_0_intro_0.2_9
246,42,C,10080,Male,clvr_cost_0_intro_0.2_9
247,43,C,10272,Male,clvr_cost_0_intro_0.2_9
248,44,C,9932,Male,clvr_cost_0_intro_0.2_9
249,45,C,10124,Male,clvr_cost_0_intro_0.2_9
250,46,C,9920,Male,clvr_cost_0_intro_0.2_9
251,47,C,10130,Male,clvr_cost_0_intro_0.2_9
252,48,C,9900,Male,clvr_cost_0_intro_0.2_9
253,49,C,10004,Male,clvr_cost_0_intro_0.2_9
254,50,C,9786,Male,clvr_cost_0_intro_0.2_9
255,0,A,10000,Male,clvr_cost_0_intro_0.2_9
256,1,A,7281,Male,clvr_cost_0_intro_0.2_9
257,2,A,6546,Male,clvr_cost_0_intro_0.2_9
258,3,A,5268,Male,clvr_cost_0_intro_0.2_9
259,4,A,3803,Male,clvr_cost_0_intro_0.2_9
260,5,A,2082,Male,clvr_cost_0_intro_0.2_9
261,6,A,723,Male,clvr_cost_0_intro_0.2_9
262,7,A,181,Male,clvr_cost_0_intro_0.2_9
263,8,A,15,Male,clvr_cost_0_intro_0.2_9
264,9,A,2,Male,clvr_cost_0_intro_0.2_9
265,10,A,0,Male,clvr_cost_0_intro_0.2_9
266,11,A,0,Male,clvr_cost_0_intro_0.2_9
267,12,A,0,Male,clvr_cost_0_intro_0.2_9
268,13,A,0,Male,clvr_cost_0_intro_0.2_9
269,14,A,0,Male,clvr_cost_0_intro_0.2_9
270,15,A,0,Male,clvr_cost_0_intro_0.2_9
271,16,A,0,Male,clvr_cost_0_intro_0.2_9
272,17,A,0,Male,clvr_cost_0_intro_0.2_9
273,18,A,0,Male,clvr_cost_0_intro_0.2_9
274,19,A,0,Male,clvr_cost_0_intro_0.2_9
275,20,A,0,Male,clvr_cost_0_intro_0.2_9
276,21,A,0,Male,clvr_cost_0_intro_0.2_9
277,22,A,0,Male,clvr_cost_0_intro_0.2_9
278,23,A,0,Male,clvr_cost_0_intro_0.2_9
279,24,A,0,Male,clvr_cost_0_intro_0.2_9
280,25,A,0,Male,clvr_cost_0_intro_0.2_9
281,26,A,0,Male,clvr_cost_0_intro_0.2_9
282,27,A,0,Male,clvr_cost_0_intro_0.2_9
283,28,A,0,Male,clvr_cost_0_intro_0.2_9
284,29,A,0,Male,clvr_cost_0_intro_0.2_9
285,30,A,0,Male,clvr_cost_0_intro_0.2_9
286,31,A,0,Male,clvr_cost_0_intro_0.2_9
287,32,A,0,Male,clvr_cost_0_intro_0.2_9
288,33,A,0,Male,clvr_cost_0_intro_0.2_9
289,34,A,0,Male,clvr_cost_0_intro_0.2_9
290,35,A,0,Male,clvr_cost_0_intro_0.2_9
291,36,A,0,Male,clvr_cost_0_intro_0.2_9
292,37,A,0,Male,clvr_cost_0_intro_0.2_9
293,38,A,0,Male,clvr_cost_0_intro_0.2_9
294,39,A,0,Male,clvr_cost_0_intro_0.2_9
295,40,A,0,Male,clvr_cost_0_intro_0.2_9
296,41,A,0,Male,clvr_cost_0_intro_0.2_9
297,42,A,0,Male,clvr_cost_0_intro_0.2_9
298,43,A,0,Male,clvr_cost_0_intro_0.2_9
299,44,A,0,Male,clvr_cost_0_intro_0.2_9
300,45,A,0,Male,clvr_cost_0_intro_0.2_9
301,46,A,0,Male,clvr_cost_0_intro_0.2_9
302,47,A,0,Male,clvr_cost_0_intro_0.2_9
303,48,A,0,Male,clvr_cost_0_intro_0.2_9
304,49,A,0,Male,clvr_cost_0_intro_0.2_9
305,50,A,0,Male,clvr_cost_0_intro_0.2_9
306,0,V,4000,Male,clvr_cost_0_intro_0.2_9
307,1,V,1277,Male,clvr_cost_0_intro_0.2_9
308,2,V,2029,Male,clvr_cost_0_intro_0.2_9
309,3,V,2755,Male,clvr_cost_0_intro_0.2_9
310,4,V,3816,Male,clvr_cost_0_intro_0.2_9
311,5,V,5099,Male,clvr_cost_0_intro_0.2_9
312,6,V,6653,Male,clvr_cost_0_intro_0.2_9
313,7,V,8424,Male,clvr_cost_0_intro_0.2_9
314,8,V,9512,Male,clvr_cost_0_intro_0.2_9
315,9,V,10018,Male,clvr_cost_0_intro_0.2_9
316,10,V,9884,Male,clvr_cost_0_intro_0.2_9
317,11,V,10066,Male,clvr_cost_0_intro_0.2_9
318,12,V,9962,Male,clvr_cost_0_intro_0.2_9
319,13,V,9932,Male,clvr_cost_0_intro_0.2_9
320,14,V,10002,Male,clvr_cost_0_intro_0.2_9
321,15,V,10260,Male,clvr_cost_0_intro_0.2_9
322,16,V,10174,Male,clvr_cost_0_intro_0.2_9
323,17,V,9956,Male,clvr_cost_0_intro_0.2_9
324,18,V,10208,Male,clvr_cost_0_intro_0.2_9
325,19,V,10250,Male,clvr_cost_0_intro_0.2_9
326,20,V,10034,Male,clvr_cost_0_intro_0.2_9
327,21,V,9996,Male,clvr_cost_0_intro_0.2_9
328,22,V,9990,Male,clvr_cost_0_intro_0.2_9
329,23,V,10020,Male,clvr_cost_0_intro_0.2_9
330,24,V,9874,Male,clvr_cost_0_intro_0.2_9
331,25,V,10164,Male,clvr_cost_0_intro_0.2_9
332,26,V,9884,Male,clvr_cost_0_intro_0.2_9
333,27,V,10002,Male,clvr_cost_0_intro_0.2_9
334,28,V,10092,Male,clvr_cost_0_intro_0.2_9
335,29,V,10090,Male,clvr_cost_0_intro_0.2_9
336,30,V,9962,Male,clvr_cost_0_intro_0.2_9
337,31,V,9882,Male,clvr_cost_0_intro_0.2_9
338,32,V,9972,Male,clvr_cost_0_intro_0.2_9
339,33,V,9972,Male,clvr_cost_0_intro_0.2_9
340,34,V,10104,Male,clvr_cost_0_intro_0.2_9
341,35,V,10016,Male,clvr_cost_0_intro_0.2_9
342,36,V,10016,Male,clvr_cost_0_intro_0.2_9
343,37,V,10060,Male,clvr_cost_0_intro_0.2_9
344,38,V,10048,Male,clvr_cost_0_intro_0.2_9
345,39,V,9698,Male,clvr_cost_0_intro_0.2_9
346,40,V,9986,Male,clvr_cost_0_intro_0.2_9
347,41,V,10218,Male,clvr_cost_0_intro_0.2_9
348,42,V,10080,Male,clvr_cost_0_intro_0.2_9
349,43,V,10272,Male,clvr_cost_0_intro_0.2_9
350,44,V,9932,Male,clvr_cost_0_intro_0.2_9
351,45,V,10124,Male,clvr_cost_0_intro_0.2_9
352,46,V,9920,Male,clvr_cost_0_intro_0.2_9
353,47,V,10130,Male,clvr_cost_0_intro_0.2_9
354,48,V,9900,Male,clvr_cost_0_intro_0.2_9
355,49,V,10004,Male,clvr_cost_0_intro_0.2_9
356,50,V,9786,Male,clvr_cost_0_intro_0.2_9
357,0,W,10000,Male,clvr_cost_0_intro_0.2_9
358,1,W,7281,Male,clvr_cost_0_intro_0.2_9
359,2,W,6493,Male,clvr_cost_0_intro_0.2_9
360,3,W,5209,Male,clvr_cost_0_intro_0.2_9
361,4,W,3716,Male,clvr_cost_0_intro_0.2_9
362,5,W,2021,Male,clvr_cost_0_intro_0.2_9
363,6,W,665,Male,clvr_cost_0_intro_0.2_9
364,7,W,150,Male,clvr_cost_0_intro_0.2_9
365,8,W,6,Male,clvr_cost_0_intro_0.2_9
366,9,W,0,Male,clvr_cost_0_intro_0.2_9
367,10,W,0,Male,clvr_cost_0_intro_0.2_9
368,11,W,0,Male,clvr_cost_0_intro_0.2_9
369,12,W,0,Male,clvr_cost_0_intro_0.2_9
370,13,W,0,Male,clvr_cost_0_intro_0.2_9
371,14,W,0,Male,clvr_cost_0_intro_0.2_9
372,15,W,0,Male,clvr_cost_0_intro_0.2_9
373,16,W,0,Male,clvr_cost_0_intro_0.2_9
374,17,W,0,Male,clvr_cost_0_intro_0.2_9
375,18,W,0,Male,clvr_cost_0_intro_0.2_9
376,19,W,0,Male,clvr_cost_0_intro_0.2_9
377,20,W,0,Male,clvr_cost_0_intro_0.2_9
378,21,W,0,Male,clvr_cost_0_intro_0.2_9
379,22,W,0,Male,clvr_cost_0_intro_0.2_9
380,23,W,0,Male,clvr_cost_0_intro_0.2_9
381,24,W,0,Male,clvr_cost_0_intro_0.2_9
382,25,W,0,Male,clvr_cost_0_intro_0.2_9
383,26,W,0,Male,clvr_cost_0_intro_0.2_9
384,27,W,0,Male,clvr_cost_0_intro_0.2_9
385,28,W,0,Male,clvr_cost_0_intro_0.2_9
386,29,W,0,Male,clvr_cost_0_intro_0.2_9
387,30,W,0,Male,clvr_cost_0_intro_0.2_9
388,31,W,0,Male,clvr_cost_0_intro_0.2_9
389,32,W,0,Male,clvr_cost_0_intro_0.2_9
390,33,W,0,Male,clvr_cost_0_intro_0.2_9
391,34,W,0,Male,clvr_cost_0_intro_0.2_9
392,35,W,0,Male,clvr_cost_0_intro_0.2_9
393,36,W,0,Male,clvr_cost_0_intro_0.2_9
394,37,W,0,Male,clvr_cost_0_intro_0.2_9
395,38,W,0,Male,clvr_cost_0_intro_0.2_9
396,39,W,0,Male,clvr_cost_0_intro_0.2_9
397,40,W,0,Male,clvr_cost_0_intro_0.2_9
398,41,W,0,Male,clvr_cost_0_intro_0.2_9
399,42,W,0,Male,clvr_cost_0_intro_0.2_9
400,43,W,0,Male,clvr_cost_0_intro_0.2_9
401,44,W,0,Male,clvr_cost_0_intro_0.2_9
402,45,W,0,Male,clvr_cost_0_intro_0.2_9
403,46,W,0,Male,clvr_cost_0_intro_0.2_9
404,47,W,0,Male,clvr_cost_0_intro_0.2_9
405,48,W,0,Male,clvr_cost_0_intro_0.2_9
406,49,W,0,Male,clvr_cost_0_intro_0.2_9
407,50,W,0,Male,clvr_cost_0_intro_0.2_9
,Generation,Allele,Count,Sex,Run
0,0,C,0,Female,clvr_cost_0_intro_0.2_10
1,1,C,1247,Female,clvr_cost_0_intro_0.2_10
2,2,C,1883,Female,clvr_cost_0_intro_0.2_10
3,3,C,2613,Female,clvr_cost_0_intro_0.2_10
4,4,C,3549,Female,clvr_cost_0_intro_0.2_10
5,5,C,4859,Female,clvr_cost_0_intro_0.2_10
6,6,C,6591,Female,clvr_cost_0_intro_0.2_10
7,7,C,8265,Female,clvr_cost_0_intro_0.2_10
8,8,C,9493,Female,clvr_cost_0_intro_0.2_10
9,9,C,9964,Female,clvr_cost_0_intro_0.2_10
10,10,C,9862,Female,clvr_cost_0_intro_0.2_10
11,11,C,10054,Female,clvr_cost_0_intro_0.2_10
12,12,C,10028,Female,clvr_cost_0_intro_0.2_10
13,13,C,9970,Female,clvr_cost_0_intro_0.2_10
14,14,C,9860,Female,clvr_cost_0_intro_0.2_10
15,15,C,9878,Female,clvr_cost_0_intro_0.2_10
16,16,C,9826,Female,clvr_cost_0_intro_0.2_10
17,17,C,10022,Female,clvr_cost_0_intro_0.2_10
18,18,C,9772,Female,clvr_cost_0_intro_0.2_10
19,19,C,9912,Female,clvr_cost_0_intro_0.2_10
20,20,C,9998,Female,clvr_cost_0_intro_0.2_10
21,21,C,9784,Female,clvr_cost_0_intro_0.2_10
22,22,C,9586,Female,clvr_cost_0_intro_0.2_10
23,23,C,9642,Female,clvr_cost_0_intro_0.2_10
24,24,C,9764,Female,clvr_cost_0_intro_0.2_10
25,25,C,9918,Female,clvr_cost_0_intro_0.2_10
26,26,C,9782,Female,clvr_cost_0_intro_0.2_10
27,27,C,9900,Female,clvr_cost_0_intro_0.2_10
28,28,C,9878,Female,clvr_cost_0_intro_0.2_10
29,29,C,9888,Female,clvr_cost_0_intro_0.2_10
30,30,C,10010,Female,clvr_cost_0_intro_0.2_10
31,31,C,9834,Female,clvr_cost_0_intro_0.2_10
32,32,C,9808,Female,clvr_cost_0_intro_0.2_10
33,33,C,9720,Female,clvr_cost_0_intro_0.2_10
34,34,C,9636,Female,clvr_cost_0_intro_0.2_10
35,35,C,9712,Female,clvr_cost_0_intro_0.2_10
36,36,C,9802,Female,clvr_cost_0_intro_0.2_10
37,37,C,9846,Female,clvr_cost_0_intro_0.2_10
38,38,C,10244,Female,clvr_cost_0_intro_0.2_10
39,39,C,10256,Female,clvr_cost_0_intro_0.2_10
40,40,C,9798,Female,clvr_cost_0_intro_0.2_10
41,41,C,9914,Female,clvr_cost_0_intro_0.2_10
42,42,C,10036,Female,clvr_cost_0_intro_0.2_10
43,43,C,9844,Female,clvr_cost_0_intro_0.2_10
44,44,C,9874,Female,clvr_cost_0_intro_0.2_10
45,45,C,9964,Female,clvr_cost_0_intro_0.2_10
46,46,C,9900,Female,clvr_cost_0_intro_0.2_10
47,47,C,9726,Female,clvr_cost_0_intro_0.2_10
48,48,C,9812,Female,clvr_cost_0_intro_0.2_10
49,49,C,10054,Female,clvr_cost_0_intro_0.2_10
50,50,C,9962,Female,clvr_cost_0_intro_0.2_10
51,0,A,10000,Female,clvr_cost_0_intro_0.2_10
52,1,A,7233,Female,clvr_cost_0_intro_0.2_10
53,2,A,6417,Female,clvr_cost_0_intro_0.2_10
54,3,A,5101,Female,clvr_cost_0_intro_0.2_10
55,4,A,3629,Female,clvr_cost_0_intro_0.2_10
56,5,A,2105,Female,clvr_cost_0_intro_0.2_10
57,6,A,769,Female,clvr_cost_0_intro_0.2_10
58,7,A,153,Female,clvr_cost_0_intro_0.2_10
59,8,A,13,Female,clvr_cost_0_intro_0.2_10
60,9,A,0,Female,clvr_cost_0_intro_0.2_10
61,10,A,0,Female,clvr_cost_0_intro_0.2_10
62,11,A,0,Female,clvr_cost_0_intro_0.2_10
63,12,A,0,Female,clvr_cost_0_intro_0.2_10
64,13,A,0,Female,clvr_cost_0_intro_0.2_10
65,14,A,0,Female,clvr_cost_0_intro_0.2_10
66,15,A,0,Female,clvr_cost_0_intro_0.2_10
67,16,A,0,Female,clvr_cost_0_intro_0.2_10
68,17,A,0,Female,clvr_cost_0_intro_0.2_10
69,18,A,0,Female,clvr_cost_0_intro_0.2_10
70,19,A,0,Female,clvr_cost_0_intro_0.2_10
71,20,A,0,Female,clvr_cost_0_intro_0.2_10
72,21,A,0,Female,clvr_cost_0_intro_0.2_10
73,22,A,0,Female,clvr_cost_0_intro_0.2_10
74,23,A,0,Female,clvr_cost_0_intro_0.2_10
75,24,A,0,Female,clvr_cost_0_intro_0.2_10
76,25,A,0,Female,clvr_cost_0_intro_0.2_10
77,26,A,0,Female,clvr_cost_0_intro_0.2_10
78,27,A,0,Female,clvr_cost_0_intro_0.2_10
79,28,A,0,Female,clvr_cost_0_intro_0.2_10
80,29,A,0,Female,clvr_cost_0_intro_0.2_10
81,30,A,0,Female,clvr_cost_0_intro_0.2_10
82,31,A,0,Female,clvr_cost_0_intro_0.2_10
83,32,A,0,Female,clvr_cost_0_intro_0.2_10
84,33,A,0,Female,clvr_cost_0_intro_0.2_10
85,34,A,0,Female,clvr_cost_0_intro_0.2_10
86,35,A,0,Female,clvr_cost_0_intro_0.2_10
87,36,A,0,Female,clvr_cost_0_intro_0.2_10
88,37,A,0,Female,clvr_cost_0_intro_0.2_10
89,38,A,0,Female,clvr_cost_0_intro_0.2_10
90,39,A,0,Female,clvr_cost_0_intro_0.2_10
91,40,A,0,Female,clvr_cost_0_intro_0.2_10
92,41,A,0,Female,clvr_cost_0_intro_0.2_10
93,42,A,0,Female,clvr_cost_0_intro_0.2_10
94,43,A,0,Female,clvr_cost_0_intro_0.2_10
95,44,A,0,Female,clvr_cost_0_intro_0.2_10
96,45,A,0,Female,clvr_cost_0_intro_0.2_10
97,46,A,0,Female,clvr_cost_0_intro_0.2_10
98,47,A,0,Female,clvr_cost_0_intro_0.2_10
99,48,A,0,Female,clvr_cost_0_intro_0.2_10
100,49,A,0,Female,clvr_cost_0_intro_0.2_10
101,50,A,0,Female,clvr_cost_0_intro_0.2_10
102,0,V,0,Female,clvr_cost_0_intro_0.2_10
103,1,V,1247,Female,clvr_cost_0_intro_0.2_10
104,2,V,1934,Female,clvr_cost_0_intro_0.2_10
105,3,V,2661,Female,clvr_cost_0_intro_0.2_10
106,4,V,3619,Female,clvr_cost_0_intro_0.2_10
107,5,V,4932,Female,clvr_cost_0_intro_0.2_10
108,6,V,6653,Female,clvr_cost_0_intro_0.2_10
109,7,V,8294,Female,clvr_cost_0_intro_0.2_10
110,8,V,9499,Female,clvr_cost_0_intro_0.2_10
111,9,V,9964,Female,clvr_cost_0_intro_0.2_10
112,10,V,9862,Female,clvr_cost_0_intro_0.2_10
113,11,V,10054,Female,clvr_cost_0_intro_0.2_10
114,12,V,10028,Female,clvr_cost_0_intro_0.2_10
115,13,V,9970,Female,clvr_cost_0_intro_0.2_10
116,14,V,9860,Female,clvr_cost_0_intro_0.2_10
117,15,V,9878,Female,clvr_cost_0_intro_0.2_10
118,16,V,9826,Female,clvr_cost_0_intro_0.2_10
119,17,V,10022,Female,clvr_cost_0_intro_0.2_10
120,18,V,9772,Female,clvr_cost_0_intro_0.2_10
121,19,V,9912,Female,clvr_cost_0_intro_0.2_10
122,20,V,9998,Female,clvr_cost_0_intro_0.2_10
123,21,V,9784,Female,clvr_cost_0_intro_0.2_10
124,22,V,9586,Female,clvr_cost_0_intro_0.2_10
125,23,V,9642,Female,clvr_cost_0_intro_0.2_10
126,24,V,9764,Female,clvr_cost_0_intro_0.2_10
127,25,V,9918,Female,clvr_cost_0_intro_0.2_10
128,26,V,9782,Female,clvr_cost_0_intro_0.2_10
129,27,V,9900,Female,clvr_cost_0_intro_0.2_10
130,28,V,9878,Female,clvr_cost_0_intro_0.2_10
131,29,V,9888,Female,clvr_cost_0_intro_0.2_10
132,30,V,10010,Female,clvr_cost_0_intro_0.2_10
133,31,V,9834,Female,clvr_cost_0_intro_0.2_10
134,32,V,9808,Female,clvr_cost_0_intro_0.2_10
135,33,V,9720,Female,clvr_cost_0_intro_0.2_10
136,34,V,9636,Female,clvr_cost_0_intro_0.2_10
137,35,V,9712,Female,clvr_cost_0_intro_0.2_10
138,36,V,9802,Female,clvr_cost_0_intro_0.2_10
139,37,V,9846,Female,clvr_cost_0_intro_0.2_10
140,38,V,10244,Female,clvr_cost_0_intro_0.2_10
141,39,V,10256,Female,clvr_cost_0_intro_0.2_10
142,40,V,9798,Female,clvr_cost_0_intro_0.2_10
143,41,V,9914,Female,clvr_cost_0_intro_0.2_10
144,42,V,10036,Female,clvr_cost_0_intro_0.2_10
145,43,V,9844,Female,clvr_cost_0_intro_0.2_10
146,44,V,9874,Female,clvr_cost_0_intro_0.2_10
147,45,V,9964,Female,clvr_cost_0_intro_0.2_10
148,46,V,9900,Female,clvr_cost_0_intro_0.2_10
149,47,V,9726,Female,clvr_cost_0_intro_0.2_10
150,48,V,9812,Female,clvr_cost_0_intro_0.2_10
151,49,V,10054,Female,clvr_cost_0_intro_0.2_10
152,50,V,9962,Female,clvr_cost_0_intro_0.2_10
153,0,W,10000,Female,clvr_cost_0_intro_0.2_10
154,1,W,7233,Female,clvr_cost_0_intro_0.2_10
155,2,W,6366,Female,clvr_cost_0_intro_0.2_10
156,3,W,5053,Female,clvr_cost_0_intro_0.2_10
157,4,W,3559,Female,clvr_cost_0_intro_0.2_10
158,5,W,2032,Female,clvr_cost_0_intro_0.2_10
159,6,W,707,Female,clvr_cost_0_intro_0.2_10
160,7,W,124,Female,clvr_cost_0_intro_0.2_10
161,8,W,7,Female,clvr_cost_0_intro_0.2_10
162,9,W,0,Female,clvr_cost_0_intro_0.2_10
163,10,W,0,Female,clvr_cost_0_intro_0.2_10
164,11,W,0,Female,clvr_cost_0_intro_0.2_10
165,12,W,0,Female,clvr_cost_0_intro_0.2_10
166,13,W,0,Female,clvr_cost_0_intro_0.2_10
167,14,W,0,Female,clvr_cost_0_intro_0.2_10
168,15,W,0,Female,clvr_cost_0_intro_0.2_10
169,16,W,0,Female,clvr_cost_0_intro_0.2_10
170,17,W,0,Female,clvr_cost_0_intro_0.2_10
171,18,W,0,Female,clvr_cost_0_intro_0.2_10
172,19,W,0,Female,clvr_cost_0_intro_0.2_10
173,20,W,0,Female,clvr_cost_0_intro_0.2_10
174,21,W,0,Female,clvr_cost_0_intro_0.2_10
175,22,W,0,Female,clvr_cost_0_intro_0.2_10
176,23,W,0,Female,clvr_cost_0_intro_0.2_10
177,24,W,0,Female,clvr_cost_0_intro_0.2_10
178,25,W,0,Female,clvr_cost_0_intro_0.2_10
179,26,W,0,Female,clvr_cost_0_intro_0.2_10
180,27,W,0,Female,clvr_cost_0_intro_0.2_10
181,28,W,0,Female,clvr_cost_0_intro_0.2_10
182,29,W,0,Female,clvr_cost_0_intro_0.2_10
183,30,W,0,Female,clvr_cost_0_intro_0.2_10
184,31,W,0,Female,clvr_cost_0_intro_0.2_10
185,32,W,0,Female,clvr_cost_0_intro_0.2_10
186,33,W,0,Female,clvr_cost_0_intro_0.2_10
187,34,W,0,Female,clvr_cost_0_intro_0.2_10
188,35,W,0,Female,clvr_cost_0_intro_0.2_10
189,36,W,0,Female,clvr_cost_0_intro_0.2_10
190,37,W,0,Female,clvr_cost_0_intro_0.2_10
191,38,W,0,Female,clvr_cost_0_intro_0.2_10
192,39,W,0,Female,clvr_cost_0_intro_0.2_10
193,40,W,0,Female,clvr_cost_0_intro_0.2_10
194,41,W,0,Female,clvr_cost_0_intro_0.2_10
195,42,W,0,Female,clvr_cost_0_intro_0.2_10
196,43,W,0,Female,clvr_cost_0_intro_0.2_10
197,44,W,0,Female,clvr_cost_0_intro_0.2_10
198,45,W,0,Female,clvr_cost_0_intro_0.2_10
199,46,W,0,Female,clvr_cost_0_intro_0.2_10
200,47,W,0,Female,clvr_cost_0_intro_0.2_10
201,48,W,0,Female,clvr_cost_0_intro_0.2_10
202,49,W,0,Female,clvr_cost_0_intro_0.2_10
203,50,W,0,Female,clvr_cost_0_intro_0.2_10
204,0,C,4000,Male,clvr_cost_0_intro_0.2_10
205,1,C,1279,Male,clvr_cost_0_intro_0.2_10
206,2,C,1876,Male,clvr_cost_0_intro_0.2_10
207,3,C,2676,Male,clvr_cost_0_intro_0.2_10
208,4,C,3648,Male,clvr_cost_0_intro_0.2_10
209,5,C,4950,Male,clvr_cost_0_intro_0.2_10
210,6,C,6664,Male,clvr_cost_0_intro_0.2_10
211,7,C,8510,Male,clvr_cost_0_intro_0.2_10
212,8,C,9506,Male,clvr_cost_0_intro_0.2_10
213,9,C,10011,Male,clvr_cost_0_intro_0.2_10
214,10,C,10094,Male,clvr_cost_0_intro_0.2_10
215,11,C,10082,Male,clvr_cost_0_intro_0.2_10
216,12,C,10060,Male,clvr_cost_0_intro_0.2_10
217,13,C,9992,Male,clvr_cost_0_intro_0.2_10
218,14,C,10236,Male,clvr_cost_0_intro_0.2_10
219,15,C,9878,Male,clvr_cost_0_intro_0.2_10
220,16,C,10144,Male,clvr_cost_0_intro_0.2_10
221,17,C,10142,Male,clvr_cost_0_intro_0.2_10
222,18,C,9960,Male,clvr_cost_0_intro_0.2_10
223,19,C,10078,Male,clvr_cost_0_intro_0.2_10
224,20,C,10058,Male,clvr_cost_0_intro_0.2_10
225,21,C,9982,Male,clvr_cost_0_intro_0.2_10
226,22,C,9934,Male,clvr_cost_0_intro_0.2_10
227,23,C,10062,Male,clvr_cost_0_intro_0.2_10
228,24,C,9956,Male,clvr_cost_0_intro_0.2_10
229,25,C,10022,Male,clvr_cost_0_intro_0.2_10
230,26,C,9932,Male,clvr_cost_0_intro_0.2_10
231,27,C,10164,Male,clvr_cost_0_intro_0.2_10
232,28,C,10062,Male,clvr_cost_0_intro_0.2_10
233,29,C,10098,Male,clvr_cost_0_intro_0.2_10
234,30,C,10100,Male,clvr_cost_0_intro_0.2_10
235,31,C,9866,Male,clvr_cost_0_intro_0.2_10
236,32,C,9972,Male,clvr_cost_0_intro_0.2_10
237,33,C,10110,Male,clvr_cost_0_intro_0.2_10
238,34,C,9740,Male,clvr_cost_0_intro_0.2_10
239,35,C,9802,Male,clvr_cost_0_intro_0.2_10
240,36,C,9954,Male,clvr_cost_0_intro_0.2_10
241,37,C,10008,Male,clvr_cost_0_intro_0.2_10
242,38,C,10256,Male,clvr_cost_0_intro_0.2_10
243,39,C,10364,Male,clvr_cost_0_intro_0.2_10
244,40,C,9924,Male,clvr_cost_0_intro_0.2_10
245,41,C,9926,Male,clvr_cost_0_intro_0.2_10
246,42,C,10190,Male,clvr_cost_0_intro_0.2_10
247,43,C,9854,Male,clvr_cost_0_intro_0.2_10
248,44,C,10290,Male,clvr_cost_0_intro_0.2_10
249,45,C,9990,Male,clvr_cost_0_intro_0.2_10
250,46,C,10080,Male,clvr_cost_0_intro_0.2_10
251,47,C,10056,Male,clvr_cost_0_intro_0.2_10
252,48,C,9846,Male,clvr_cost_0_intro_0.2_10
253,49,C,10142,Male,clvr_cost_0_intro_0.2_10
254,50,C,10140,Male,clvr_cost_0_intro_0.2_10
255,0,A,10000,Male,clvr_cost_0_intro_0.2_10
256,1,A,7331,Male,clvr_cost_0_intro_0.2_10
257,2,A,6556,Male,clvr_cost_0_intro_0.2_10
258,3,A,5230,Male,clvr_cost_0_intro_0.2_10
259,4,A,3726,Male,clvr_cost_0_intro_0.2_10
260,5,A,2104,Male,clvr_cost_0_intro_0.2_10
261,6,A,844,Male,clvr_cost_0_intro_0.2_10
262,7,A,186,Male,clvr_cost_0_intro_0.2_10
263,8,A,10,Male,clvr_cost_0_intro_0.2_10
264,9,A,1,Male,clvr_cost_0_intro_0.2_10
265,10,A,0,Male,clvr_cost_0_intro_0.2_10
266,11,A,0,Male,clvr_cost_0_intro_0.2_10
267,12,A,0,Male,clvr_cost_0_intro_0.2_10
268,13,A,0,Male,clvr_cost_0_intro_0.2_10
269,14,A,0,Male,clvr_cost_0_intro_0.2_10
270,15,A,0,Male,clvr_cost_0_intro_0.2_10
271,16,A,0,Male,clvr_cost_0_intro_0.2_10
272,17,A,0,Male,clvr_cost_0_intro_0.2_10
273,18,A,0,Male,clvr_cost_0_intro_0.2_10
274,19,A,0,Male,clvr_cost_0_intro_0.2_10
275,20,A,0,Male,clvr_cost_0_intro_0.2_10
276,21,A,0,Male,clvr_cost_0_intro_0.2_10
277,22,A,0,Male,clvr_cost_0_intro_0.2_10
278,23,A,0,Male,clvr_cost_0_intro_0.2_10
279,24,A,0,Male,clvr_cost_0_intro_0.2_10
280,25,A,0,Male,clvr_cost_0_intro_0.2_10
281,26,A,0,Male,clvr_cost_0_intro_0.2_10
282,27,A,0,Male,clvr_cost_0_intro_0.2_10
283,28,A,0,Male,clvr_cost_0_intro_0.2_10
284,29,A,0,Male,clvr_cost_0_intro_0.2_10
285,30,A,0,Male,clvr_cost_0_intro_0.2_10
286,31,A,0,Male,clvr_cost_0_intro_0.2_10
287,32,A,0,Male,clvr_cost_0_intro_0.2_10
288,33,A,0,Male,clvr_cost_0_intro_0.2_10
289,34,A,0,Male,clvr_cost_0_intro_0.2_10
290,35,A,0,Male,clvr_cost_0_intro_0.2_10
291,36,A,0,Male,clvr_cost_0_intro_0.2_10
292,37,A,0,Male,clvr_cost_0_intro_0.2_10
293,38,A,0,Male,clvr_cost_0_intro_0.2_10
294,39,A,0,Male,clvr_cost_0_intro_0.2_10
295,40,A,0,Male,clvr_cost_0_intro_0.2_10
296,41,A,0,Male,clvr_cost_0_intro_0.2_10
297,42,A,0,Male,clvr_cost_0_intro_0.2_10
298,43,A,0,Male,clvr_cost_0_intro_0.2_10
299,44,A,0,Male,clvr_cost_0_intro_0.2_10
300,45,A,0,Male,clvr_cost_0_intro_0.2_10
301,46,A,0,Male,clvr_cost_0_intro_0.2_10
302,47,A,0,Male,clvr_cost_0_intro_0.2_10
303,48,A,0,Male,clvr_cost_0_intro_0.2_10
304,49,A,0,Male,clvr_cost_0_intro_0.2_10
305,50,A,0,Male,clvr_cost_0_intro_0.2_10
306,0,V,4000,Male,clvr_cost_0_intro_0.2_10
307,1,V,1279,Male,clvr_cost_0_intro_0.2_10
308,2,V,1923,Male,clvr_cost_0_intro_0.2_10
309,3,V,2722,Male,clvr_cost_0_intro_0.2_10
310,4,V,3709,Male,clvr_cost_0_intro_0.2_10
311,5,V,5034,Male,clvr_cost_0_intro_0.2_10
312,6,V,6716,Male,clvr_cost_0_intro_0.2_10
313,7,V,8539,Male,clvr_cost_0_intro_0.2_10
314,8,V,9514,Male,clvr_cost_0_intro_0.2_10
315,9,V,10011,Male,clvr_cost_0_intro_0.2_10
316,10,V,10094,Male,clvr_cost_0_intro_0.2_10
317,11,V,10082,Male,clvr_cost_0_intro_0.2_10
318,12,V,10060,Male,clvr_cost_0_intro_0.2_10
319,13,V,9992,Male,clvr_cost_0_intro_0.2_10
320,14,V,10236,Male,clvr_cost_0_intro_0.2_10
321,15,V,9878,Male,clvr_cost_0_intro_0.2_10
322,16,V,10144,Male,clvr_cost_0_intro_0.2_10
323,17,V,10142,Male,clvr_cost_0_intro_0.2_10
324,18,V,9960,Male,clvr_cost_0_intro_0.2_10
325,19,V,10078,Male,clvr_cost_0_intro_0.2_10
326,20,V,10058,Male,clvr_cost_0_intro_0.2_10
327,21,V,9982,Male,clvr_cost_0_intro_0.2_10
328,22,V,9934,Male,clvr_cost_0_intro_0.2_10
329,23,V,10062,Male,clvr_cost_0_intro_0.2_10
330,24,V,9956,Male,clvr_cost_0_intro_0.2_10
331,25,V,10022,Male,clvr_cost_0_intro_0.2_10
332,26,V,9932,Male,clvr_cost_0_intro_0.2_10
333,27,V,10164,Male,clvr_cost_0_intro_0.2_10
334,28,V,10062,Male,clvr_cost_0_intro_0.2_10
335,29,V,10098,Male,clvr_cost_0_intro_0.2_10
336,30,V,10100,Male,clvr_cost_0_intro_0.2_10
337,31,V,9866,Male,clvr_cost_0_intro_0.2_10
338,32,V,9972,Male,clvr_cost_0_intro_0.2_10
339,33,V,10110,Male,clvr_cost_0_intro_0.2_10
340,34,V,9740,Male,clvr_cost_0_intro_0.2_10
341,35,V,9802,Male,clvr_cost_0_intro_0.2_10
342,36,V,9954,Male,clvr_cost_0_intro_0.2_10
343,37,V,10008,Male,clvr_cost_0_intro_0.2_10
344,38,V,10256,Male,clvr_cost_0_intro_0.2_10
345,39,V,10364,Male,clvr_cost_0_intro_0.2_10
346,40,V,9924,Male,clvr_cost_0_intro_0.2_10
347,41,V,9926,Male,clvr_cost_0_intro_0.2_10
348,42,V,10190,Male,clvr_cost_0_intro_0.2_10
349,43,V,9854,Male,clvr_cost_0_intro_0.2_10
350,44,V,10290,Male,clvr_cost_0_intro_0.2_10
351,45,V,9990,Male,clvr_cost_0_intro_0.2_10
352,46,V,10080,Male,clvr_cost_0_intro_0.2_10
353,47,V,10056,Male,clvr_cost_0_intro_0.2_10
354,48,V,9846,Male,clvr_cost_0_intro_0.2_10
355,49,V,10142,Male,clvr_cost_0_intro_0.2_10
356,50,V,10140,Male,clvr_cost_0_intro_0.2_10
357,0,W,10000,Male,clvr_cost_0_intro_0.2_10
358,1,W,7331,Male,clvr_cost_0_intro_0.2_10
359,2,W,6509,Male,clvr_cost_0_intro_0.2_10
360,3,W,5184,Male,clvr_cost_0_intro_0.2_10
361,4,W,3665,Male,clvr_cost_0_intro_0.2_10
362,5,W,2020,Male,clvr_cost_0_intro_0.2_10
363,6,W,792,Male,clvr_cost_0_intro_0.2_10
364,7,W,157,Male,clvr_cost_0_intro_0.2_10
365,8,W,2,Male,clvr_cost_0_intro_0.2_10
366,9,W,1,Male,clvr_cost_0_intro_0.2_10
367,10,W,0,Male,clvr_cost_0_intro_0.2_10
368,11,W,0,Male,clvr_cost_0_intro_0.2_10
369,12,W,0,Male,clvr_cost_0_intro_0.2_10
370,13,W,0,Male,clvr_cost_0_intro_0.2_10
371,14,W,0,Male,clvr_cost_0_intro_0.2_10
372,15,W,0,Male,clvr_cost_0_intro_0.2_10
373,16,W,0,Male,clvr_cost_0_intro_0.2_10
374,17,W,0,Male,clvr_cost_0_intro_0.2_10
375,18,W,0,Male,clvr_cost_0_intro_0.2_10
376,19,W,0,Male,clvr_cost_0_intro_0.2_10
377,20,W,0,Male,clvr_cost_0_intro_0.2_10
378,21,W,0,Male,clvr_cost_0_intro_0.2_10
379,22,W,0,Male,clvr_cost_0_intro_0.2_10
380,23,W,0,Male,clvr_cost_0_intro_0.2_10
381,24,W,0,Male,clvr_cost_0_intro_0.2_10
382,25,W,0,Male,clvr_cost_0_intro_0.2_10
383,26,W,0,Male,clvr_cost_0_intro_0.2_10
384,27,W,0,Male,clvr_cost_0_intro_0.2_10
385,28,W,0,Male,clvr_cost_0_intro_0.2_10
386,29,W,0,Male,clvr_cost_0_intro_0.2_10
387,30,W,0,Male,clvr_cost_0_intro_0.2_10
388,31,W,0,Male,clvr_cost_0_intro_0.2_10
389,32,W,0,Male,clvr_cost_0_intro_0.2_10
390,33,W,0,Male,clvr_cost_0_intro_0.2_10
391,34,W,0,Male,clvr_cost_0_intro_0.2_10
392,35,W,0,Male,clvr_cost_0_intro_0.2_10
393,36,W,0,Male,clvr_cost_0_intro_0.2_10
394,37,W,0,Male,clvr_cost_0_intro_0.2_10
395,38,W,0,Male,clvr_cost_0_intro_0.2_10
396,39,W,0,Male,clvr_cost_0_intro_0.2_10
397,40,W,0,Male,clvr_cost_0_intro_0.2_10
398,41,W,0,Male,clvr_cost_0_intro_0.2_10
399,42,W,0,Male,clvr_cost_0_intro_0.2_10
400,43,W,0,Male,clvr_cost_0_intro_0.2_10
401,44,W,0,Male,clvr_cost_0_intro_0.2_10
402,45,W,0,Male,clvr_cost_0_intro_0.2_10
403,46,W,0,Male,clvr_cost_0_intro_0.2_10
404,47,W,0,Male,clvr_cost_0_intro_0.2_10
405,48,W,0,Male,clvr_cost_0_intro_0.2_10
406,49,W,0,Male,clvr_cost_0_intro_0.2_10
407,50,W,0,Male,clvr_cost_0_intro_0.2_10
,Generation,Allele,Count,Sex,Run
0,0,C,0,Female,clvr_cost_0.05_intro_0.2_1
1,1,C,1209,Female,clvr_cost_0.05_intro_0.2_1
2,2,C,1742,Female,clvr_cost_0.05_intro_0.2_1
3,3,C,2456,Female,clvr_cost_0.05_intro_0.2_1
4,4,C,3404,Female,clvr_cost_0.05_intro_0.2_1
5,5,C,4435,Female,clvr_cost_0.05_intro_0.2_1
6,6,C,5903,Female,clvr_cost_0.05_intro_0.2_1
7,7,C,7493,Female,clvr_cost_0.05_intro_0.2_1
8,8,C,8508,Female,clvr_cost_0.05_intro_0.2_1
9,9,C,8911,Female,clvr_cost_0.05_intro_0.2_1
10,10,C,9316,Female,clvr_cost_0.05_intro_0.2_1
11,11,C,9506,Female,clvr_cost_0.05_intro_0.2_1
12,12,C,9426,Female,clvr_cost_0.05_intro_0.2_1
13,13,C,9338,Female,clvr_cost_0.05_intro_0.2_1
14,14,C,9164,Female,clvr_cost_0.05_intro_0.2_1
15,15,C,9202,Female,clvr_cost_0.05_intro_0.2_1
16,16,C,9452,Female,clvr_cost_0.05_intro_0.2_1
17,17,C,9374,Female,clvr_cost_0.05_intro_0.2_1
18,18,C,9482,Female,clvr_cost_0.05_intro_0.2_1
19,19,C,9336,Female,clvr_cost_0.05_intro_0.2_1
20,20,C,9600,Female,clvr_cost_0.05_intro_0.2_1
21,21,C,9188,Female,clvr_cost_0.05_intro_0.2_1
22,22,C,9318,Female,clvr_cost_0.05_intro_0.2_1
23,23,C,9604,Female,clvr_cost_0.05_intro_0.2_1
24,24,C,9468,Female,clvr_cost_0.05_intro_0.2_1
25,25,C,9634,Female,clvr_cost_0.05_intro_0.2_1
26,26,C,9242,Female,clvr_cost_0.05_intro_0.2_1
27,27,C,9162,Female,clvr_cost_0.05_intro_0.2_1
28,28,C,9446,Female,clvr_cost_0.05_intro_0.2_1
29,29,C,9458,Female,clvr_cost_0.05_intro_0.2_1
30,30,C,9400,Female,clvr_cost_0.05_intro_0.2_1
31,31,C,9288,Female,clvr_cost_0.05_intro_0.2_1
32,32,C,9302,Female,clvr_cost_0.05_intro_0.2_1
33,33,C,9324,Female,clvr_cost_0.05_intro_0.2_1
34,34,C,9178,Female,clvr_cost_0.05_intro_0.2_1
35,35,C,9266,Female,clvr_cost_0.05_intro_0.2_1
36,36,C,9502,Female,clvr_cost_0.05_intro_0.2_1
37,37,C,9524,Female,clvr_cost_0.05_intro_0.2_1
38,38,C,9442,Female,clvr_cost_0.05_intro_0.2_1
39,39,C,9448,Female,clvr_cost_0.05_intro_0.2_1
40,40,C,9266,Female,clvr_cost_0.05_intro_0.2_1
41,41,C,9366,Female,clvr_cost_0.05_intro_0.2_1
42,42,C,9342,Female,clvr_cost_0.05_intro_0.2_1
43,43,C,9144,Female,clvr_cost_0.05_intro_0.2_1
44,44,C,9144,Female,clvr_cost_0.05_intro_0.2_1
45,45,C,9292,Female,clvr_cost_0.05_intro_0.2_1
46,46,C,9276,Female,clvr_cost_0.05_intro_0.2_1
47,47,C,9218,Female,clvr_cost_0.05_intro_0.2_1
48,48,C,9208,Female,clvr_cost_0.05_intro_0.2_1
49,49,C,9132,Female,clvr_cost_0.05_intro_0.2_1
50,50,C,9386,Female,clvr_cost_0.05_intro_0.2_1
51,0,A,10000,Female,clvr_cost_0.05_intro_0.2_1
52,1,A,7365,Female,clvr_cost_0.05_intro_0.2_1
53,2,A,6690,Female,clvr_cost_0.05_intro_0.2_1
54,3,A,5296,Female,clvr_cost_0.05_intro_0.2_1
55,4,A,3940,Female,clvr_cost_0.05_intro_0.2_1
56,5,A,2435,Female,clvr_cost_0.05_intro_0.2_1
57,6,A,1065,Female,clvr_cost_0.05_intro_0.2_1
58,7,A,237,Female,clvr_cost_0.05_intro_0.2_1
59,8,A,10,Female,clvr_cost_0.05_intro_0.2_1
60,9,A,1,Female,clvr_cost_0.05_intro_0.2_1
61,10,A,0,Female,clvr_cost_0.05_intro_0.2_1
62,11,A,0,Female,clvr_cost_0.05_intro_0.2_1
63,12,A,0,Female,clvr_cost_0.05_intro_0.2_1
64,13,A,0,Female,clvr_cost_0.05_intro_0.2_1
65,14,A,0,Female,clvr_cost_0.05_intro_0.2_1
66,15,A,0,Female,clvr_cost_0.05_intro_0.2_1
67,16,A,0,Female,clvr_cost_0.05_intro_0.2_1
68,17,A,0,Female,clvr_cost_0.05_intro_0.2_1
69,18,A,0,Female,clvr_cost_0.05_intro_0.2_1
70,19,A,0,Female,clvr_cost_0.05_intro_0.2_1
71,20,A,0,Female,clvr_cost_0.05_intro_0.2_1
72,21,A,0,Female,clvr_cost_0.05_intro_0.2_1
73,22,A,0,Female,clvr_cost_0.05_intro_0.2_1
74,23,A,0,Female,clvr_cost_0.05_intro_0.2_1
75,24,A,0,Female,clvr_cost_0.05_intro_0.2_1
76,25,A,0,Female,clvr_cost_0.05_intro_0.2_1
77,26,A,0,Female,clvr_cost_0.05_intro_0.2_1
78,27,A,0,Female,clvr_cost_0.05_intro_0.2_1
79,28,A,0,Female,clvr_cost_0.05_intro_0.2_1
80,29,A,0,Female,clvr_cost_0.05_intro_0.2_1
81,30,A,0,Female,clvr_cost_0.05_intro_0.2_1
82,31,A,0,Female,clvr_cost_0.05_intro_0.2_1
83,32,A,0,Female,clvr_cost_0.05_intro_0.2_1
84,33,A,0,Female,clvr_cost_0.05_intro_0.2_1
85,34,A,0,Female,clvr_cost_0.05_intro_0.2_1
86,35,A,0,Female,clvr_cost_0.05_intro_0.2_1
87,36,A,0,Female,clvr_cost_0.05_intro_0.2_1
88,37,A,0,Female,clvr_cost_0.05_intro_0.2_1
89,38,A,0,Female,clvr_cost_0.05_intro_0.2_1
90,39,A,0,Female,clvr_cost_0.05_intro_0.2_1
91,40,A,0,Female,clvr_cost_0.05_intro_0.2_1
92,41,A,0,Female,clvr_cost_0.05_intro_0.2_1
93,42,A,0,Female,clvr_cost_0.05_intro_0.2_1
94,43,A,0,Female,clvr_cost_0.05_intro_0.2_1
95,44,A,0,Female,clvr_cost_0.05_intro_0.2_1
96,45,A,0,Female,clvr_cost_0.05_intro_0.2_1
97,46,A,0,Female,clvr_cost_0.05_intro_0.2_1
98,47,A,0,Female,clvr_cost_0.05_intro_0.2_1
99,48,A,0,Female,clvr_cost_0.05_intro_0.2_1
100,49,A,0,Female,clvr_cost_0.05_intro_0.2_1
101,50,A,0,Female,clvr_cost_0.05_intro_0.2_1
102,0,V,0,Female,clvr_cost_0.05_intro_0.2_1
103,1,V,1209,Female,clvr_cost_0.05_intro_0.2_1
104,2,V,1786,Female,clvr_cost_0.05_intro_0.2_1
105,3,V,2507,Female,clvr_cost_0.05_intro_0.2_1
106,4,V,3472,Female,clvr_cost_0.05_intro_0.2_1
107,5,V,4506,Female,clvr_cost_0.05_intro_0.2_1
108,6,V,5973,Female,clvr_cost_0.05_intro_0.2_1
109,7,V,7532,Female,clvr_cost_0.05_intro_0.2_1
110,8,V,8511,Female,clvr_cost_0.05_intro_0.2_1
111,9,V,8912,Female,clvr_cost_0.05_intro_0.2_1
112,10,V,9316,Female,clvr_cost_0.05_intro_0.2_1
113,11,V,9506,Female,clvr_cost_0.05_intro_0.2_1
114,12,V,9426,Female,clvr_cost_0.05_intro_0.2_1
115,13,V,9338,Female,clvr_cost_0.05_intro_0.2_1
116,14,V,9164,Female,clvr_cost_0.05_intro_0.2_1
117,15,V,9202,Female,clvr_cost_0.05_intro_0.2_1
118,16,V,9452,Female,clvr_cost_0.05_intro_0.2_1
119,17,V,9374,Female,clvr_cost_0.05_intro_0.2_1
120,18,V,9482,Female,clvr_cost_0.05_intro_0.2_1
121,19,V,9336,Female,clvr_cost_0.05_intro_0.2_1
122,20,V,9600,Female,clvr_cost_0.05_intro_0.2_1
123,21,V,9188,Female,clvr_cost_0.05_intro_0.2_1
124,22,V,9318,Female,clvr_cost_0.05_intro_0.2_1
125,23,V,9604,Female,clvr_cost_0.05_intro_0.2_1
126,24,V,9468,Female,clvr_cost_0.05_intro_0.2_1
127,25,V,9634,Female,clvr_cost_0.05_intro_0.2_1
128,26,V,9242,Female,clvr_cost_0.05_intro_0.2_1
129,27,V,9162,Female,clvr_cost_0.05_intro_0.2_1
130,28,V,9446,Female,clvr_cost_0.05_intro_0.2_1
131,29,V,9458,Female,clvr_cost_0.05_intro_0.2_1
132,30,V,9400,Female,clvr_cost_0.05_intro_0.2_1
133,31,V,9288,Female,clvr_cost_0.05_intro_0.2_1
134,32,V,9302,Female,clvr_cost_0.05_intro_0.2_1
135,33,V,9324,Female,clvr_cost_0.05_intro_0.2_1
136,34,V,9178,Female,clvr_cost_0.05_intro_0.2_1
137,35,V,9266,Female,clvr_cost_0.05_intro_0.2_1
138,36,V,9502,Female,clvr_cost_0.05_intro_0.2_1
139,37,V,9524,Female,clvr_cost_0.05_intro_0.2_1
140,38,V,9442,Female,clvr_cost_0.05_intro_0.2_1
141,39,V,9448,Female,clvr_cost_0.05_intro_0.2_1
142,40,V,9266,Female,clvr_cost_0.05_intro_0.2_1
143,41,V,9366,Female,clvr_cost_0.05_intro_0.2_1
144,42,V,9342,Female,clvr_cost_0.05_intro_0.2_1
145,43,V,9144,Female,clvr_cost_0.05_intro_0.2_1
146,44,V,9144,Female,clvr_cost_0.05_intro_0.2_1
147,45,V,9292,Female,clvr_cost_0.05_intro_0.2_1
148,46,V,9276,Female,clvr_cost_0.05_intro_0.2_1
149,47,V,9218,Female,clvr_cost_0.05_intro_0.2_1
150,48,V,9208,Female,clvr_cost_0.05_intro_0.2_1
151,49,V,9132,Female,clvr_cost_0.05_intro_0.2_1
152,50,V,9386,Female,clvr_cost_0.05_intro_0.2_1
153,0,W,10000,Female,clvr_cost_0.05_intro_0.2_1
154,1,W,7365,Female,clvr_cost_0.05_intro_0.2_1
155,2,W,6646,Female,clvr_cost_0.05_intro_0.2_1
156,3,W,5245,Female,clvr_cost_0.05_intro_0.2_1
157,4,W,3872,Female,clvr_cost_0.05_intro_0.2_1
158,5,W,2364,Female,clvr_cost_0.05_intro_0.2_1
159,6,W,995,Female,clvr_cost_0.05_intro_0.2_1
160,7,W,198,Female,clvr_cost_0.05_intro_0.2_1
161,8,W,7,Female,clvr_cost_0.05_intro_0.2_1
162,9,W,0,Female,clvr_cost_0.05_intro_0.2_1
163,10,W,0,Female,clvr_cost_0.05_intro_0.2_1
164,11,W,0,Female,clvr_cost_0.05_intro_0.2_1
165,12,W,0,Female,clvr_cost_0.05_intro_0.2_1
166,13,W,0,Female,clvr_cost_0.05_intro_0.2_1
167,14,W,0,Female,clvr_cost_0.05_intro_0.2_1
168,15,W,0,Female,clvr_cost_0.05_intro_0.2_1
169,16,W,0,Female,clvr_cost_0.05_intro_0.2_1
170,17,W,0,Female,clvr_cost_0.05_intro_0.2_1
171,18,W,0,Female,clvr_cost_0.05_intro_0.2_1
172,19,W,0,Female,clvr_cost_0.05_intro_0.2_1
173,20,W,0,Female,clvr_cost_0.05_intro_0.2_1
174,21,W,0,Female,clvr_cost_0.05_intro_0.2_1
175,22,W,0,Female,clvr_cost_0.05_intro_0.2_1
176,23,W,0,Female,clvr_cost_0.05_intro_0.2_1
177,24,W,0,Female,clvr_cost_0.05_intro_0.2_1
178,25,W,0,Female,clvr_cost_0.05_intro_0.2_1
179,26,W,0,Female,clvr_cost_0.05_intro_0.2_1
180,27,W,0,Female,clvr_cost_0.05_intro_0.2_1
181,28,W,0,Female,clvr_cost_0.05_intro_0.2_1
182,29,W,0,Female,clvr_cost_0.05_intro_0.2_1
183,30,W,0,Female,clvr_cost_0.05_intro_0.2_1
184,31,W,0,Female,clvr_cost_0.05_intro_0.2_1
185,32,W,0,Female,clvr_cost_0.05_intro_0.2_1
186,33,W,0,Female,clvr_cost_0.05_intro_0.2_1
187,34,W,0,Female,clvr_cost_0.05_intro_0.2_1
188,35,W,0,Female,clvr_cost_0.05_intro_0.2_1
189,36,W,0,Female,clvr_cost_0.05_intro_0.2_1
190,37,W,0,Female,clvr_cost_0.05_intro_0.2_1
191,38,W,0,Female,clvr_cost_0.05_intro_0.2_1
192,39,W,0,Female,clvr_cost_0.05_intro_0.2_1
193,40,W,0,Female,clvr_cost_0.05_intro_0.2_1
194,41,W,0,Female,clvr_cost_0.05_intro_0.2_1
195,42,W,0,Female,clvr_cost_0.05_intro_0.2_1
196,43,W,0,Female,clvr_cost_0.05_intro_0.2_1
197,44,W,0,Female,clvr_cost_0.05_intro_0.2_1
198,45,W,0,Female,clvr_cost_0.05_intro_0.2_1
199,46,W,0,Female,clvr_cost_0.05_intro_0.2_1
200,47,W,0,Female,clvr_cost_0.05_intro_0.2_1
201,48,W,0,Female,clvr_cost_0.05_intro_0.2_1
202,49,W,0,Female,clvr_cost_0.05_intro_0.2_1
203,50,W,0,Female,clvr_cost_0.05_intro_0.2_1
204,0,C,4000,Male,clvr_cost_0.05_intro_0.2_1
205,1,C,1233,Male,clvr_cost_0.05_intro_0.2_1
206,2,C,1865,Male,clvr_cost_0.05_intro_0.2_1
207,3,C,2505,Male,clvr_cost_0.05_intro_0.2_1
208,4,C,3414,Male,clvr_cost_0.05_intro_0.2_1
209,5,C,4566,Male,clvr_cost_0.05_intro_0.2_1
210,6,C,5874,Male,clvr_cost_0.05_intro_0.2_1
211,7,C,7671,Male,clvr_cost_0.05_intro_0.2_1
212,8,C,8800,Male,clvr_cost_0.05_intro_0.2_1
213,9,C,9442,Male,clvr_cost_0.05_intro_0.2_1
214,10,C,9386,Male,clvr_cost_0.05_intro_0.2_1
215,11,C,9534,Male,clvr_cost_0.05_intro_0.2_1
216,12,C,9492,Male,clvr_cost_0.05_intro_0.2_1
217,13,C,9458,Male,clvr_cost_0.05_intro_0.2_1
218,14,C,9262,Male,clvr_cost_0.05_intro_0.2_1
219,15,C,9282,Male,clvr_cost_0.05_intro_0.2_1
220,16,C,9452,Male,clvr_cost_0.05_intro_0.2_1
221,17,C,9504,Male,clvr_cost_0.05_intro_0.2_1
222,18,C,9492,Male,clvr_cost_0.05_intro_0.2_1
223,19,C,9552,Male,clvr_cost_0.05_intro_0.2_1
224,20,C,9624,Male,clvr_cost_0.05_intro_0.2_1
225,21,C,9350,Male,clvr_cost_0.05_intro_0.2_1
226,22,C,9332,Male,clvr_cost_0.05_intro_0.2_1
227,23,C,9780,Male,clvr_cost_0.05_intro_0.2_1
228,24,C,9532,Male,clvr_cost_0.05_intro_0.2_1
229,25,C,9760,Male,clvr_cost_0.05_intro_0.2_1
230,26,C,9652,Male,clvr_cost_0.05_intro_0.2_1
231,27,C,9388,Male,clvr_cost_0.05_intro_0.2_1
232,28,C,9704,Male,clvr_cost_0.05_intro_0.2_1
233,29,C,9606,Male,clvr_cost_0.05_intro_0.2_1
234,30,C,9590,Male,clvr_cost_0.05_intro_0.2_1
235,31,C,9400,Male,clvr_cost_0.05_intro_0.2_1
236,32,C,9438,Male,clvr_cost_0.05_intro_0.2_1
237,33,C,9588,Male,clvr_cost_0.05_intro_0.2_1
238,34,C,9516,Male,clvr_cost_0.05_intro_0.2_1
239,35,C,9338,Male,clvr_cost_0.05_intro_0.2_1
240,36,C,9578,Male,clvr_cost_0.05_intro_0.2_1
241,37,C,9524,Male,clvr_cost_0.05_intro_0.2_1
242,38,C,9660,Male,clvr_cost_0.05_intro_0.2_1
243,39,C,9616,Male,clvr_cost_0.05_intro_0.2_1
244,40,C,9504,Male,clvr_cost_0.05_intro_0.2_1
245,41,C,9522,Male,clvr_cost_0.05_intro_0.2_1
246,42,C,9470,Male,clvr_cost_0.05_intro_0.2_1
247,43,C,9432,Male,clvr_cost_0.05_intro_0.2_1
248,44,C,9236,Male,clvr_cost_0.05_intro_0.2_1
249,45,C,9328,Male,clvr_cost_0.05_intro_0.2_1
250,46,C,9280,Male,clvr_cost_0.05_intro_0.2_1
251,47,C,9490,Male,clvr_cost_0.05_intro_0.2_1
252,48,C,9236,Male,clvr_cost_0.05_intro_0.2_1
253,49,C,9448,Male,clvr_cost_0.05_intro_0.2_1
254,50,C,9444,Male,clvr_cost_0.05_intro_0.2_1
255,0,A,10000,Male,clvr_cost_0.05_intro_0.2_1
256,1,A,7363,Male,clvr_cost_0.05_intro_0.2_1
257,2,A,6617,Male,clvr_cost_0.05_intro_0.2_1
258,3,A,5307,Male,clvr_cost_0.05_intro_0.2_1
259,4,A,3962,Male,clvr_cost_0.05_intro_0.2_1
260,5,A,2452,Male,clvr_cost_0.05_intro_0.2_1
261,6,A,1122,Male,clvr_cost_0.05_intro_0.2_1
262,7,A,257,Male,clvr_cost_0.05_intro_0.2_1
263,8,A,10,Male,clvr_cost_0.05_intro_0.2_1
264,9,A,2,Male,clvr_cost_0.05_intro_0.2_1
265,10,A,0,Male,clvr_cost_0.05_intro_0.2_1
266,11,A,0,Male,clvr_cost_0.05_intro_0.2_1
267,12,A,0,Male,clvr_cost_0.05_intro_0.2_1
268,13,A,0,Male,clvr_cost_0.05_intro_0.2_1
269,14,A,0,Male,clvr_cost_0.05_intro_0.2_1
270,15,A,0,Male,clvr_cost_0.05_intro_0.2_1
271,16,A,0,Male,clvr_cost_0.05_intro_0.2_1
272,17,A,0,Male,clvr_cost_0.05_intro_0.2_1
273,18,A,0,Male,clvr_cost_0.05_intro_0.2_1
274,19,A,0,Male,clvr_cost_0.05_intro_0.2_1
275,20,A,0,Male,clvr_cost_0.05_intro_0.2_1
276,21,A,0,Male,clvr_cost_0.05_intro_0.2_1
277,22,A,0,Male,clvr_cost_0.05_intro_0.2_1
278,23,A,0,Male,clvr_cost_0.05_intro_0.2_1
279,24,A,0,Male,clvr_cost_0.05_intro_0.2_1
280,25,A,0,Male,clvr_cost_0.05_intro_0.2_1
281,26,A,0,Male,clvr_cost_0.05_intro_0.2_1
282,27,A,0,Male,clvr_cost_0.05_intro_0.2_1
283,28,A,0,Male,clvr_cost_0.05_intro_0.2_1
284,29,A,0,Male,clvr_cost_0.05_intro_0.2_1
285,30,A,0,Male,clvr_cost_0.05_intro_0.2_1
286,31,A,0,Male,clvr_cost_0.05_intro_0.2_1
287,32,A,0,Male,clvr_cost_0.05_intro_0.2_1
288,33,A,0,Male,clvr_cost_0.05_intro_0.2_1
289,34,A,0,Male,clvr_cost_0.05_intro_0.2_1
290,35,A,0,Male,clvr_cost_0.05_intro_0.2_1
291,36,A,0,Male,clvr_cost_0.05_intro_0.2_1
292,37,A,0,Male,clvr_cost_0.05_intro_0.2_1
293,38,A,0,Male,clvr_cost_0.05_intro_0.2_1
294,39,A,0,Male,clvr_cost_0.05_intro_0.2_1
295,40,A,0,Male,clvr_cost_0.05_intro_0.2_1
296,41,A,0,Male,clvr_cost_0.05_intro_0.2_1
297,42,A,0,Male,clvr_cost_0.05_intro_0.2_1
298,43,A,0,Male,clvr_cost_0.05_intro_0.2_1
299,44,A,0,Male,clvr_cost_0.05_intro_0.2_1
300,45,A,0,Male,clvr_cost_0.05_intro_0.2_1
301,46,A,0,Male,clvr_cost_0.05_intro_0.2_1
302,47,A,0,Male,clvr_cost_0.05_intro_0.2_1
303,48,A,0,Male,clvr_cost_0.05_intro_0.2_1
304,49,A,0,Male,clvr_cost_0.05_intro_0.2_1
305,50,A,0,Male,clvr_cost_0.05_intro_0.2_1
306,0,V,4000,Male,clvr_cost_0.05_intro_0.2_1
307,1,V,1233,Male,clvr_cost_0.05_intro_0.2_1
308,2,V,1925,Male,clvr_cost_0.05_intro_0.2_1
309,3,V,2555,Male,clvr_cost_0.05_intro_0.2_1
310,4,V,3482,Male,clvr_cost_0.05_intro_0.2_1
311,5,V,4629,Male,clvr_cost_0.05_intro_0.2_1
312,6,V,5935,Male,clvr_cost_0.05_intro_0.2_1
313,7,V,7705,Male,clvr_cost_0.05_intro_0.2_1
314,8,V,8805,Male,clvr_cost_0.05_intro_0.2_1
315,9,V,9443,Male,clvr_cost_0.05_intro_0.2_1
316,10,V,9386,Male,clvr_cost_0.05_intro_0.2_1
317,11,V,9534,Male,clvr_cost_0.05_intro_0.2_1
318,12,V,9492,Male,clvr_cost_0.05_intro_0.2_1
319,13,V,9458,Male,clvr_cost_0.05_intro_0.2_1
320,14,V,9262,Male,clvr_cost_0.05_intro_0.2_1
321,15,V,9282,Male,clvr_cost_0.05_intro_0.2_1
322,16,V,9452,Male,clvr_cost_0.05_intro_0.2_1
323,17,V,9504,Male,clvr_cost_0.05_intro_0.2_1
324,18,V,9492,Male,clvr_cost_0.05_intro_0.2_1
325,19,V,9552,Male,clvr_cost_0.05_intro_0.2_1
326,20,V,9624,Male,clvr_cost_0.05_intro_0.2_1
327,21,V,9350,Male,clvr_cost_0.05_intro_0.2_1
328,22,V,9332,Male,clvr_cost_0.05_intro_0.2_1
329,23,V,9780,Male,clvr_cost_0.05_intro_0.2_1
330,24,V,9532,Male,clvr_cost_0.05_intro_0.2_1
331,25,V,9760,Male,clvr_cost_0.05_intro_0.2_1
332,26,V,9652,Male,clvr_cost_0.05_intro_0.2_1
333,27,V,9388,Male,clvr_cost_0.05_intro_0.2_1
334,28,V,9704,Male,clvr_cost_0.05_intro_0.2_1
335,29,V,9606,Male,clvr_cost_0.05_intro_0.2_1
336,30,V,9590,Male,clvr_cost_0.05_intro_0.2_1
337,31,V,9400,Male,clvr_cost_0.05_intro_0.2_1
338,32,V,9438,Male,clvr_cost_0.05_intro_0.2_1
339,33,V,9588,Male,clvr_cost_0.05_intro_0.2_1
340,34,V,9516,Male,clvr_cost_0.05_intro_0.2_1
341,35,V,9338,Male,clvr_cost_0.05_intro_0.2_1
342,36,V,9578,Male,clvr_cost_0.05_intro_0.2_1
343,37,V,9524,Male,clvr_cost_0.05_intro_0.2_1
344,38,V,9660,Male,clvr_cost_0.05_intro_0.2_1
345,39,V,9616,Male,clvr_cost_0.05_intro_0.2_1
346,40,V,9504,Male,clvr_cost_0.05_intro_0.2_1
347,41,V,9522,Male,clvr_cost_0.05_intro_0.2_1
348,42,V,9470,Male,clvr_cost_0.05_intro_0.2_1
349,43,V,9432,Male,clvr_cost_0.05_intro_0.2_1
350,44,V,9236,Male,clvr_cost_0.05_intro_0.2_1
351,45,V,9328,Male,clvr_cost_0.05_intro_0.2_1
352,46,V,9280,Male,clvr_cost_0.05_intro_0.2_1
353,47,V,9490,Male,clvr_cost_0.05_intro_0.2_1
354,48,V,9236,Male,clvr_cost_0.05_intro_0.2_1
355,49,V,9448,Male,clvr_cost_0.05_intro_0.2_1
356,50,V,9444,Male,clvr_cost_0.05_intro_0.2_1
357,0,W,10000,Male,clvr_cost_0.05_intro_0.2_1
358,1,W,7363,Male,clvr_cost_0.05_intro_0.2_1
359,2,W,6557,Male,clvr_cost_0.05_intro_0.2_1
360,3,W,5257,Male,clvr_cost_0.05_intro_0.2_1
361,4,W,3894,Male,clvr_cost_0.05_intro_0.2_1
362,5,W,2389,Male,clvr_cost_0.05_intro_0.2_1
363,6,W,1061,Male,clvr_cost_0.05_intro_0.2_1
364,7,W,223,Male,clvr_cost_0.05_intro_0.2_1
365,8,W,5,Male,clvr_cost_0.05_intro_0.2_1
366,9,W,1,Male,clvr_cost_0.05_intro_0.2_1
367,10,W,0,Male,clvr_cost_0.05_intro_0.2_1
368,11,W,0,Male,clvr_cost_0.05_intro_0.2_1
369,12,W,0,Male,clvr_cost_0.05_intro_0.2_1
370,13,W,0,Male,clvr_cost_0.05_intro_0.2_1
371,14,W,0,Male,clvr_cost_0.05_intro_0.2_1
372,15,W,0,Male,clvr_cost_0.05_intro_0.2_1
373,16,W,0,Male,clvr_cost_0.05_intro_0.2_1
374,17,W,0,Male,clvr_cost_0.05_intro_0.2_1
375,18,W,0,Male,clvr_cost_0.05_intro_0.2_1
376,19,W,0,Male,clvr_cost_0.05_intro_0.2_1
377,20,W,0,Male,clvr_cost_0.05_intro_0.2_1
378,21,W,0,Male,clvr_cost_0.05_intro_0.2_1
379,22,W,0,Male,clvr_cost_0.05_intro_0.2_1
380,23,W,0,Male,clvr_cost_0.05_intro_0.2_1
381,24,W,0,Male,clvr_cost_0.05_intro_0.2_1
382,25,W,0,Male,clvr_cost_0.05_intro_0.2_1
383,26,W,0,Male,clvr_cost_0.05_intro_0.2_1
384,27,W,0,Male,clvr_cost_0.05_intro_0.2_1
385,28,W,0,Male,clvr_cost_0.05_intro_0.2_1
386,29,W,0,Male,clvr_cost_0.05_intro_0.2_1
387,30,W,0,Male,clvr_cost_0.05_intro_0.2_1
388,31,W,0,Male,clvr_cost_0.05_intro_0.2_1
389,32,W,0,Male,clvr_cost_0.05_intro_0.2_1
390,33,W,0,Male,clvr_cost_0.05_intro_0.2_1
391,34,W,0,Male,clvr_cost_0.05_intro_0.2_1
392,35,W,0,Male,clvr_cost_0.05_intro_0.2_1
393,36,W,0,Male,clvr_cost_0.05_intro_0.2_1
394,37,W,0,Male,clvr_cost_0.05_intro_0.2_1
395,38,W,0,Male,clvr_cost_0.05_intro_0.2_1
396,39,W,0,Male,clvr_cost_0.05_intro_0.2_1
397,40,W,0,Male,clvr_cost_0.05_intro_0.2_1
398,41,W,0,Male,clvr_cost_0.05_intro_0.2_1
399,42,W,0,Male,clvr_cost_0.05_intro_0.2_1
400,43,W,0,Male,clvr_cost_0.05_intro_0.2_1
401,44,W,0,Male,clvr_cost_0.05_intro_0.2_1
402,45,W,0,Male,clvr_cost_0.05_intro_0.2_1
403,46,W,0,Male,clvr_cost_0.05_intro_0.2_1
404,47,W,0,Male,clvr_cost_0.05_intro_0.2_1
405,48,W,0,Male,clvr_cost_0.05_intro_0.2_1
406,49,W,0,Male,clvr_cost_0.05_intro_0.2_1
407,50,W,0,Male,clvr_cost_0.05_intro_0.2_1
,Generation,Allele,Count,Sex,Run
0,0,C,0,Female,clvr_cost_0.05_intro_0.2_2
1,1,C,1281,Female,clvr_cost_0.05_intro_0.2_2
2,2,C,1840,Female,clvr_cost_0.05_intro_0.2_2
3,3,C,2481,Female,clvr_cost_0.05_intro_0.2_2
4,4,C,3282,Female,clvr_cost_0.05_intro_0.2_2
5,5,C,4393,Female,clvr_cost_0.05_intro_0.2_2
6,6,C,6088,Female,clvr_cost_0.05_intro_0.2_2
7,7,C,7464,Female,clvr_cost_0.05_intro_0.2_2
8,8,C,8855,Female,clvr_cost_0.05_intro_0.2_2
9,9,C,8889,Female,clvr_cost_0.05_intro_0.2_2
10,10,C,9082,Female,clvr_cost_0.05_intro_0.2_2
11,11,C,9390,Female,clvr_cost_0.05_intro_0.2_2
12,12,C,9438,Female,clvr_cost_0.05_intro_0.2_2
13,13,C,9264,Female,clvr_cost_0.05_intro_0.2_2
14,14,C,9196,Female,clvr_cost_0.05_intro_0.2_2
15,15,C,9210,Female,clvr_cost_0.05_intro_0.2_2
16,16,C,9578,Female,clvr_cost_0.05_intro_0.2_2
17,17,C,9286,Female,clvr_cost_0.05_intro_0.2_2
18,18,C,9266,Female,clvr_cost_0.05_intro_0.2_2
19,19,C,8890,Female,clvr_cost_0.05_intro_0.2_2
20,20,C,8876,Female,clvr_cost_0.05_intro_0.2_2
21,21,C,9022,Female,clvr_cost_0.05_intro_0.2_2
22,22,C,9268,Female,clvr_cost_0.05_intro_0.2_2
23,23,C,9066,Female,clvr_cost_0.05_intro_0.2_2
24,24,C,9032,Female,clvr_cost_0.05_intro_0.2_2
25,25,C,9180,Female,clvr_cost_0.05_intro_0.2_2
26,26,C,9208,Female,clvr_cost_0.05_intro_0.2_2
27,27,C,9570,Female,clvr_cost_0.05_intro_0.2_2
28,28,C,9284,Female,clvr_cost_0.05_intro_0.2_2
29,29,C,9216,Female,clvr_cost_0.05_intro_0.2_2
30,30,C,9262,Female,clvr_cost_0.05_intro_0.2_2
31,31,C,9304,Female,clvr_cost_0.05_intro_0.2_2
32,32,C,9318,Female,clvr_cost_0.05_intro_0.2_2
33,33,C,9402,Female,clvr_cost_0.05_intro_0.2_2
34,34,C,9342,Female,clvr_cost_0.05_intro_0.2_2
35,35,C,9298,Female,clvr_cost_0.05_intro_0.2_2
36,36,C,9302,Female,clvr_cost_0.05_intro_0.2_2
37,37,C,9156,Female,clvr_cost_0.05_intro_0.2_2
38,38,C,9564,Female,clvr_cost_0.05_intro_0.2_2
39,39,C,9220,Female,clvr_cost_0.05_intro_0.2_2
40,40,C,9472,Female,clvr_cost_0.05_intro_0.2_2
41,41,C,9010,Female,clvr_cost_0.05_intro_0.2_2
42,42,C,8908,Female,clvr_cost_0.05_intro_0.2_2
43,43,C,9114,Female,clvr_cost_0.05_intro_0.2_2
44,44,C,9394,Female,clvr_cost_0.05_intro_0.2_2
45,45,C,9266,Female,clvr_cost_0.05_intro_0.2_2
46,46,C,9200,Female,clvr_cost_0.05_intro_0.2_2
47,47,C,9148,Female,clvr_cost_0.05_intro_0.2_2
48,48,C,9490,Female,clvr_cost_0.05_intro_0.2_2
49,49,C,9028,Female,clvr_cost_0.05_intro_0.2_2
50,50,C,9256,Female,clvr_cost_0.05_intro_0.2_2
51,0,A,10000,Female,clvr_cost_0.05_intro_0.2_2
52,1,A,7361,Female,clvr_cost_0.05_intro_0.2_2
53,2,A,6436,Female,clvr_cost_0.05_intro_0.2_2
54,3,A,5295,Female,clvr_cost_0.05_intro_0.2_2
55,4,A,3728,Female,clvr_cost_0.05_intro_0.2_2
56,5,A,2305,Female,clvr_cost_0.05_intro_0.2_2
57,6,A,1098,Female,clvr_cost_0.05_intro_0.2_2
58,7,A,246,Female,clvr_cost_0.05_intro_0.2_2
59,8,A,27,Female,clvr_cost_0.05_intro_0.2_2
60,9,A,3,Female,clvr_cost_0.05_intro_0.2_2
61,10,A,0,Female,clvr_cost_0.05_intro_0.2_2
62,11,A,0,Female,clvr_cost_0.05_intro_0.2_2
63,12,A,0,Female,clvr_cost_0.05_intro_0.2_2
64,13,A,0,Female,clvr_cost_0.05_intro_0.2_2
65,14,A,0,Female,clvr_cost_0.05_intro_0.2_2
66,15,A,0,Female,clvr_cost_0.05_intro_0.2_2
67,16,A,0,Female,clvr_cost_0.05_intro_0.2_2
68,17,A,0,Female,clvr_cost_0.05_intro_0.2_2
69,18,A,0,Female,clvr_cost_0.05_intro_0.2_2
70,19,A,0,Female,clvr_cost_0.05_intro_0.2_2
71,20,A,0,Female,clvr_cost_0.05_intro_0.2_2
72,21,A,0,Female,clvr_cost_0.05_intro_0.2_2
73,22,A,0,Female,clvr_cost_0.05_intro_0.2_2
74,23,A,0,Female,clvr_cost_0.05_intro_0.2_2
75,24,A,0,Female,clvr_cost_0.05_intro_0.2_2
76,25,A,0,Female,clvr_cost_0.05_intro_0.2_2
77,26,A,0,Female,clvr_cost_0.05_intro_0.2_2
78,27,A,0,Female,clvr_cost_0.05_intro_0.2_2
79,28,A,0,Female,clvr_cost_0.05_intro_0.2_2
80,29,A,0,Female,clvr_cost_0.05_intro_0.2_2
81,30,A,0,Female,clvr_cost_0.05_intro_0.2_2
82,31,A,0,Female,clvr_cost_0.05_intro_0.2_2
83,32,A,0,Female,clvr_cost_0.05_intro_0.2_2
84,33,A,0,Female,clvr_cost_0.05_intro_0.2_2
85,34,A,0,Female,clvr_cost_0.05_intro_0.2_2
86,35,A,0,Female,clvr_cost_0.05_intro_0.2_2
87,36,A,0,Female,clvr_cost_0.05_intro_0.2_2
88,37,A,0,Female,clvr_cost_0.05_intro_0.2_2
89,38,A,0,Female,clvr_cost_0.05_intro_0.2_2
90,39,A,0,Female,clvr_cost_0.05_intro_0.2_2
91,40,A,0,Female,clvr_cost_0.05_intro_0.2_2
92,41,A,0,Female,clvr_cost_0.05_intro_0.2_2
93,42,A,0,Female,clvr_cost_0.05_intro_0.2_2
94,43,A,0,Female,clvr_cost_0.05_intro_0.2_2
95,44,A,0,Female,clvr_cost_0.05_intro_0.2_2
96,45,A,0,Female,clvr_cost_0.05_intro_0.2_2
97,46,A,0,Female,clvr_cost_0.05_intro_0.2_2
98,47,A,0,Female,clvr_cost_0.05_intro_0.2_2
99,48,A,0,Female,clvr_cost_0.05_intro_0.2_2
100,49,A,0,Female,clvr_cost_0.05_intro_0.2_2
101,50,A,0,Female,clvr_cost_0.05_intro_0.2_2
102,0,V,0,Female,clvr_cost_0.05_intro_0.2_2
103,1,V,1281,Female,clvr_cost_0.05_intro_0.2_2
104,2,V,1887,Female,clvr_cost_0.05_intro_0.2_2
105,3,V,2532,Female,clvr_cost_0.05_intro_0.2_2
106,4,V,3348,Female,clvr_cost_0.05_intro_0.2_2
107,5,V,4459,Female,clvr_cost_0.05_intro_0.2_2
108,6,V,6169,Female,clvr_cost_0.05_intro_0.2_2
109,7,V,7517,Female,clvr_cost_0.05_intro_0.2_2
110,8,V,8865,Female,clvr_cost_0.05_intro_0.2_2
111,9,V,8890,Female,clvr_cost_0.05_intro_0.2_2
112,10,V,9082,Female,clvr_cost_0.05_intro_0.2_2
113,11,V,9390,Female,clvr_cost_0.05_intro_0.2_2
114,12,V,9438,Female,clvr_cost_0.05_intro_0.2_2
115,13,V,9264,Female,clvr_cost_0.05_intro_0.2_2
116,14,V,9196,Female,clvr_cost_0.05_intro_0.2_2
117,15,V,9210,Female,clvr_cost_0.05_intro_0.2_2
118,16,V,9578,Female,clvr_cost_0.05_intro_0.2_2
119,17,V,9286,Female,clvr_cost_0.05_intro_0.2_2
120,18,V,9266,Female,clvr_cost_0.05_intro_0.2_2
121,19,V,8890,Female,clvr_cost_0.05_intro_0.2_2
122,20,V,8876,Female,clvr_cost_0.05_intro_0.2_2
123,21,V,9022,Female,clvr_cost_0.05_intro_0.2_2
124,22,V,9268,Female,clvr_cost_0.05_intro_0.2_2
125,23,V,9066,Female,clvr_cost_0.05_intro_0.2_2
126,24,V,9032,Female,clvr_cost_0.05_intro_0.2_2
127,25,V,9180,Female,clvr_cost_0.05_intro_0.2_2
128,26,V,9208,Female,clvr_cost_0.05_intro_0.2_2
129,27,V,9570,Female,clvr_cost_0.05_intro_0.2_2
130,28,V,9284,Female,clvr_cost_0.05_intro_0.2_2
131,29,V,9216,Female,clvr_cost_0.05_intro_0.2_2
132,30,V,9262,Female,clvr_cost_0.05_intro_0.2_2
133,31,V,9304,Female,clvr_cost_0.05_intro_0.2_2
134,32,V,9318,Female,clvr_cost_0.05_intro_0.2_2
135,33,V,9402,Female,clvr_cost_0.05_intro_0.2_2
136,34,V,9342,Female,clvr_cost_0.05_intro_0.2_2
137,35,V,9298,Female,clvr_cost_0.05_intro_0.2_2
138,36,V,9302,Female,clvr_cost_0.05_intro_0.2_2
139,37,V,9156,Female,clvr_cost_0.05_intro_0.2_2
140,38,V,9564,Female,clvr_cost_0.05_intro_0.2_2
141,39,V,9220,Female,clvr_cost_0.05_intro_0.2_2
142,40,V,9472,Female,clvr_cost_0.05_intro_0.2_2
143,41,V,9010,Female,clvr_cost_0.05_intro_0.2_2
144,42,V,8908,Female,clvr_cost_0.05_intro_0.2_2
145,43,V,9114,Female,clvr_cost_0.05_intro_0.2_2
146,44,V,9394,Female,clvr_cost_0.05_intro_0.2_2
147,45,V,9266,Female,clvr_cost_0.05_intro_0.2_2
148,46,V,9200,Female,clvr_cost_0.05_intro_0.2_2
149,47,V,9148,Female,clvr_cost_0.05_intro_0.2_2
150,48,V,9490,Female,clvr_cost_0.05_intro_0.2_2
151,49,V,9028,Female,clvr_cost_0.05_intro_0.2_2
152,50,V,9256,Female,clvr_cost_0.05_intro_0.2_2
153,0,W,10000,Female,clvr_cost_0.05_intro_0.2_2
154,1,W,7361,Female,clvr_cost_0.05_intro_0.2_2
155,2,W,6389,Female,clvr_cost_0.05_intro_0.2_2
156,3,W,5244,Female,clvr_cost_0.05_intro_0.2_2
157,4,W,3662,Female,clvr_cost_0.05_intro_0.2_2
158,5,W,2239,Female,clvr_cost_0.05_intro_0.2_2
159,6,W,1017,Female,clvr_cost_0.05_intro_0.2_2
160,7,W,193,Female,clvr_cost_0.05_intro_0.2_2
161,8,W,17,Female,clvr_cost_0.05_intro_0.2_2
162,9,W,2,Female,clvr_cost_0.05_intro_0.2_2
163,10,W,0,Female,clvr_cost_0.05_intro_0.2_2
164,11,W,0,Female,clvr_cost_0.05_intro_0.2_2
165,12,W,0,Female,clvr_cost_0.05_intro_0.2_2
166,13,W,0,Female,clvr_cost_0.05_intro_0.2_2
167,14,W,0,Female,clvr_cost_0.05_intro_0.2_2
168,15,W,0,Female,clvr_cost_0.05_intro_0.2_2
169,16,W,0,Female,clvr_cost_0.05_intro_0.2_2
170,17,W,0,Female,clvr_cost_0.05_intro_0.2_2
171,18,W,0,Female,clvr_cost_0.05_intro_0.2_2
172,19,W,0,Female,clvr_cost_0.05_intro_0.2_2
173,20,W,0,Female,clvr_cost_0.05_intro_0.2_2
174,21,W,0,Female,clvr_cost_0.05_intro_0.2_2
175,22,W,0,Female,clvr_cost_0.05_intro_0.2_2
176,23,W,0,Female,clvr_cost_0.05_intro_0.2_2
177,24,W,0,Female,clvr_cost_0.05_intro_0.2_2
178,25,W,0,Female,clvr_cost_0.05_intro_0.2_2
179,26,W,0,Female,clvr_cost_0.05_intro_0.2_2
180,27,W,0,Female,clvr_cost_0.05_intro_0.2_2
181,28,W,0,Female,clvr_cost_0.05_intro_0.2_2
182,29,W,0,Female,clvr_cost_0.05_intro_0.2_2
183,30,W,0,Female,clvr_cost_0.05_intro_0.2_2
184,31,W,0,Female,clvr_cost_0.05_intro_0.2_2
185,32,W,0,Female,clvr_cost_0.05_intro_0.2_2
186,33,W,0,Female,clvr_cost_0.05_intro_0.2_2
187,34,W,0,Female,clvr_cost_0.05_intro_0.2_2
188,35,W,0,Female,clvr_cost_0.05_intro_0.2_2
189,36,W,0,Female,clvr_cost_0.05_intro_0.2_2
190,37,W,0,Female,clvr_cost_0.05_intro_0.2_2
191,38,W,0,Female,clvr_cost_0.05_intro_0.2_2
192,39,W,0,Female,clvr_cost_0.05_intro_0.2_2
193,40,W,0,Female,clvr_cost_0.05_intro_0.2_2
194,41,W,0,Female,clvr_cost_0.05_intro_0.2_2
195,42,W,0,Female,clvr_cost_0.05_intro_0.2_2
196,43,W,0,Female,clvr_cost_0.05_intro_0.2_2
197,44,W,0,Female,clvr_cost_0.05_intro_0.2_2
198,45,W,0,Female,clvr_cost_0.05_intro_0.2_2
199,46,W,0,Female,clvr_cost_0.05_intro_0.2_2
200,47,W,0,Female,clvr_cost_0.05_intro_0.2_2
201,48,W,0,Female,clvr_cost_0.05_intro_0.2_2
202,49,W,0,Female,clvr_cost_0.05_intro_0.2_2
203,50,W,0,Female,clvr_cost_0.05_intro_0.2_2
204,0,C,4000,Male,clvr_cost_0.05_intro_0.2_2
205,1,C,1294,Male,clvr_cost_0.05_intro_0.2_2
206,2,C,1826,Male,clvr_cost_0.05_intro_0.2_2
207,3,C,2547,Male,clvr_cost_0.05_intro_0.2_2
208,4,C,3468,Male,clvr_cost_0.05_intro_0.2_2
209,5,C,4456,Male,clvr_cost_0.05_intro_0.2_2
210,6,C,6140,Male,clvr_cost_0.05_intro_0.2_2
211,7,C,7547,Male,clvr_cost_0.05_intro_0.2_2
212,8,C,8875,Male,clvr_cost_0.05_intro_0.2_2
213,9,C,9264,Male,clvr_cost_0.05_intro_0.2_2
214,10,C,9260,Male,clvr_cost_0.05_intro_0.2_2
215,11,C,9432,Male,clvr_cost_0.05_intro_0.2_2
216,12,C,9492,Male,clvr_cost_0.05_intro_0.2_2
217,13,C,9568,Male,clvr_cost_0.05_intro_0.2_2
218,14,C,9404,Male,clvr_cost_0.05_intro_0.2_2
219,15,C,9250,Male,clvr_cost_0.05_intro_0.2_2
220,16,C,9642,Male,clvr_cost_0.05_intro_0.2_2
221,17,C,9392,Male,clvr_cost_0.05_intro_0.2_2
222,18,C,9618,Male,clvr_cost_0.05_intro_0.2_2
223,19,C,9460,Male,clvr_cost_0.05_intro_0.2_2
224,20,C,9404,Male,clvr_cost_0.05_intro_0.2_2
225,21,C,9100,Male,clvr_cost_0.05_intro_0.2_2
226,22,C,9324,Male,clvr_cost_0.05_intro_0.2_2
227,23,C,9456,Male,clvr_cost_0.05_intro_0.2_2
228,24,C,9216,Male,clvr_cost_0.05_intro_0.2_2
229,25,C,9222,Male,clvr_cost_0.05_intro_0.2_2
230,26,C,9316,Male,clvr_cost_0.05_intro_0.2_2
231,27,C,9572,Male,clvr_cost_0.05_intro_0.2_2
232,28,C,9496,Male,clvr_cost_0.05_intro_0.2_2
233,29,C,9392,Male,clvr_cost_0.05_intro_0.2_2
234,30,C,9432,Male,clvr_cost_0.05_intro_0.2_2
235,31,C,9462,Male,clvr_cost_0.05_intro_0.2_2
236,32,C,9460,Male,clvr_cost_0.05_intro_0.2_2
237,33,C,9518,Male,clvr_cost_0.05_intro_0.2_2
238,34,C,9544,Male,clvr_cost_0.05_intro_0.2_2
239,35,C,9310,Male,clvr_cost_0.05_intro_0.2_2
240,36,C,9642,Male,clvr_cost_0.05_intro_0.2_2
241,37,C,9200,Male,clvr_cost_0.05_intro_0.2_2
242,38,C,9662,Male,clvr_cost_0.05_intro_0.2_2
243,39,C,9386,Male,clvr_cost_0.05_intro_0.2_2
244,40,C,9490,Male,clvr_cost_0.05_intro_0.2_2
245,41,C,9462,Male,clvr_cost_0.05_intro_0.2_2
246,42,C,9198,Male,clvr_cost_0.05_intro_0.2_2
247,43,C,9176,Male,clvr_cost_0.05_intro_0.2_2
248,44,C,9408,Male,clvr_cost_0.05_intro_0.2_2
249,45,C,9548,Male,clvr_cost_0.05_intro_0.2_2
250,46,C,9520,Male,clvr_cost_0.05_intro_0.2_2
251,47,C,9190,Male,clvr_cost_0.05_intro_0.2_2
252,48,C,9574,Male,clvr_cost_0.05_intro_0.2_2
253,49,C,9132,Male,clvr_cost_0.05_intro_0.2_2
254,50,C,9556,Male,clvr_cost_0.05_intro_0.2_2
255,0,A,10000,Male,clvr_cost_0.05_intro_0.2_2
256,1,A,7570,Male,clvr_cost_0.05_intro_0.2_2
257,2,A,6508,Male,clvr_cost_0.05_intro_0.2_2
258,3,A,5403,Male,clvr_cost_0.05_intro_0.2_2
259,4,A,3904,Male,clvr_cost_0.05_intro_0.2_2
260,5,A,2300,Male,clvr_cost_0.05_intro_0.2_2
261,6,A,1104,Male,clvr_cost_0.05_intro_0.2_2
262,7,A,247,Male,clvr_cost_0.05_intro_0.2_2
263,8,A,15,Male,clvr_cost_0.05_intro_0.2_2
264,9,A,0,Male,clvr_cost_0.05_intro_0.2_2
265,10,A,0,Male,clvr_cost_0.05_intro_0.2_2
266,11,A,0,Male,clvr_cost_0.05_intro_0.2_2
267,12,A,0,Male,clvr_cost_0.05_intro_0.2_2
268,13,A,0,Male,clvr_cost_0.05_intro_0.2_2
269,14,A,0,Male,clvr_cost_0.05_intro_0.2_2
270,15,A,0,Male,clvr_cost_0.05_intro_0.2_2
271,16,A,0,Male,clvr_cost_0.05_intro_0.2_2
272,17,A,0,Male,clvr_cost_0.05_intro_0.2_2
273,18,A,0,Male,clvr_cost_0.05_intro_0.2_2
274,19,A,0,Male,clvr_cost_0.05_intro_0.2_2
275,20,A,0,Male,clvr_cost_0.05_intro_0.2_2
276,21,A,0,Male,clvr_cost_0.05_intro_0.2_2
277,22,A,0,Male,clvr_cost_0.05_intro_0.2_2
278,23,A,0,Male,clvr_cost_0.05_intro_0.2_2
279,24,A,0,Male,clvr_cost_0.05_intro_0.2_2
280,25,A,0,Male,clvr_cost_0.05_intro_0.2_2
281,26,A,0,Male,clvr_cost_0.05_intro_0.2_2
282,27,A,0,Male,clvr_cost_0.05_intro_0.2_2
283,28,A,0,Male,clvr_cost_0.05_intro_0.2_2
284,29,A,0,Male,clvr_cost_0.05_intro_0.2_2
285,30,A,0,Male,clvr_cost_0.05_intro_0.2_2
286,31,A,0,Male,clvr_cost_0.05_intro_0.2_2
287,32,A,0,Male,clvr_cost_0.05_intro_0.2_2
288,33,A,0,Male,clvr_cost_0.05_intro_0.2_2
289,34,A,0,Male,clvr_cost_0.05_intro_0.2_2
290,35,A,0,Male,clvr_cost_0.05_intro_0.2_2
291,36,A,0,Male,clvr_cost_0.05_intro_0.2_2
292,37,A,0,Male,clvr_cost_0.05_intro_0.2_2
293,38,A,0,Male,clvr_cost_0.05_intro_0.2_2
294,39,A,0,Male,clvr_cost_0.05_intro_0.2_2
295,40,A,0,Male,clvr_cost_0.05_intro_0.2_2
296,41,A,0,Male,clvr_cost_0.05_intro_0.2_2
297,42,A,0,Male,clvr_cost_0.05_intro_0.2_2
298,43,A,0,Male,clvr_cost_0.05_intro_0.2_2
299,44,A,0,Male,clvr_cost_0.05_intro_0.2_2
300,45,A,0,Male,clvr_cost_0.05_intro_0.2_2
301,46,A,0,Male,clvr_cost_0.05_intro_0.2_2
302,47,A,0,Male,clvr_cost_0.05_intro_0.2_2
303,48,A,0,Male,clvr_cost_0.05_intro_0.2_2
304,49,A,0,Male,clvr_cost_0.05_intro_0.2_2
305,50,A,0,Male,clvr_cost_0.05_intro_0.2_2
306,0,V,4000,Male,clvr_cost_0.05_intro_0.2_2
307,1,V,1294,Male,clvr_cost_0.05_intro_0.2_2
308,2,V,1870,Male,clvr_cost_0.05_intro_0.2_2
309,3,V,2618,Male,clvr_cost_0.05_intro_0.2_2
310,4,V,3535,Male,clvr_cost_0.05_intro_0.2_2
311,5,V,4521,Male,clvr_cost_0.05_intro_0.2_2
312,6,V,6215,Male,clvr_cost_0.05_intro_0.2_2
313,7,V,7586,Male,clvr_cost_0.05_intro_0.2_2
314,8,V,8884,Male,clvr_cost_0.05_intro_0.2_2
315,9,V,9264,Male,clvr_cost_0.05_intro_0.2_2
316,10,V,9260,Male,clvr_cost_0.05_intro_0.2_2
317,11,V,9432,Male,clvr_cost_0.05_intro_0.2_2
318,12,V,9492,Male,clvr_cost_0.05_intro_0.2_2
319,13,V,9568,Male,clvr_cost_0.05_intro_0.2_2
320,14,V,9404,Male,clvr_cost_0.05_intro_0.2_2
321,15,V,9250,Male,clvr_cost_0.05_intro_0.2_2
322,16,V,9642,Male,clvr_cost_0.05_intro_0.2_2
323,17,V,9392,Male,clvr_cost_0.05_intro_0.2_2
324,18,V,9618,Male,clvr_cost_0.05_intro_0.2_2
325,19,V,9460,Male,clvr_cost_0.05_intro_0.2_2
326,20,V,9404,Male,clvr_cost_0.05_intro_0.2_2
327,21,V,9100,Male,clvr_cost_0.05_intro_0.2_2
328,22,V,9324,Male,clvr_cost_0.05_intro_0.2_2
329,23,V,9456,Male,clvr_cost_0.05_intro_0.2_2
330,24,V,9216,Male,clvr_cost_0.05_intro_0.2_2
331,25,V,9222,Male,clvr_cost_0.05_intro_0.2_2
332,26,V,9316,Male,clvr_cost_0.05_intro_0.2_2
333,27,V,9572,Male,clvr_cost_0.05_intro_0.2_2
334,28,V,9496,Male,clvr_cost_0.05_intro_0.2_2
335,29,V,9392,Male,clvr_cost_0.05_intro_0.2_2
336,30,V,9432,Male,clvr_cost_0.05_intro_0.2_2
337,31,V,9462,Male,clvr_cost_0.05_intro_0.2_2
338,32,V,9460,Male,clvr_cost_0.05_intro_0.2_2
339,33,V,9518,Male,clvr_cost_0.05_intro_0.2_2
340,34,V,9544,Male,clvr_cost_0.05_intro_0.2_2
341,35,V,9310,Male,clvr_cost_0.05_intro_0.2_2
342,36,V,9642,Male,clvr_cost_0.05_intro_0.2_2
343,37,V,9200,Male,clvr_cost_0.05_intro_0.2_2
344,38,V,9662,Male,clvr_cost_0.05_intro_0.2_2
345,39,V,9386,Male,clvr_cost_0.05_intro_0.2_2
346,40,V,9490,Male,clvr_cost_0.05_intro_0.2_2
347,41,V,9462,Male,clvr_cost_0.05_intro_0.2_2
348,42,V,9198,Male,clvr_cost_0.05_intro_0.2_2
349,43,V,9176,Male,clvr_cost_0.05_intro_0.2_2
350,44,V,9408,Male,clvr_cost_0.05_intro_0.2_2
351,45,V,9548,Male,clvr_cost_0.05_intro_0.2_2
352,46,V,9520,Male,clvr_cost_0.05_intro_0.2_2
353,47,V,9190,Male,clvr_cost_0.05_intro_0.2_2
354,48,V,9574,Male,clvr_cost_0.05_intro_0.2_2
355,49,V,9132,Male,clvr_cost_0.05_intro_0.2_2
356,50,V,9556,Male,clvr_cost_0.05_intro_0.2_2
357,0,W,10000,Male,clvr_cost_0.05_intro_0.2_2
358,1,W,7570,Male,clvr_cost_0.05_intro_0.2_2
359,2,W,6464,Male,clvr_cost_0.05_intro_0.2_2
360,3,W,5332,Male,clvr_cost_0.05_intro_0.2_2
361,4,W,3837,Male,clvr_cost_0.05_intro_0.2_2
362,5,W,2235,Male,clvr_cost_0.05_intro_0.2_2
363,6,W,1029,Male,clvr_cost_0.05_intro_0.2_2
364,7,W,208,Male,clvr_cost_0.05_intro_0.2_2
365,8,W,6,Male,clvr_cost_0.05_intro_0.2_2
366,9,W,0,Male,clvr_cost_0.05_intro_0.2_2
367,10,W,0,Male,clvr_cost_0.05_intro_0.2_2
368,11,W,0,Male,clvr_cost_0.05_intro_0.2_2
369,12,W,0,Male,clvr_cost_0.05_intro_0.2_2
370,13,W,0,Male,clvr_cost_0.05_intro_0.2_2
371,14,W,0,Male,clvr_cost_0.05_intro_0.2_2
372,15,W,0,Male,clvr_cost_0.05_intro_0.2_2
373,16,W,0,Male,clvr_cost_0.05_intro_0.2_2
374,17,W,0,Male,clvr_cost_0.05_intro_0.2_2
375,18,W,0,Male,clvr_cost_0.05_intro_0.2_2
376,19,W,0,Male,clvr_cost_0.05_intro_0.2_2
377,20,W,0,Male,clvr_cost_0.05_intro_0.2_2
378,21,W,0,Male,clvr_cost_0.05_intro_0.2_2
379,22,W,0,Male,clvr_cost_0.05_intro_0.2_2
380,23,W,0,Male,clvr_cost_0.05_intro_0.2_2
381,24,W,0,Male,clvr_cost_0.05_intro_0.2_2
382,25,W,0,Male,clvr_cost_0.05_intro_0.2_2
383,26,W,0,Male,clvr_cost_0.05_intro_0.2_2
384,27,W,0,Male,clvr_cost_0.05_intro_0.2_2
385,28,W,0,Male,clvr_cost_0.05_intro_0.2_2
386,29,W,0,Male,clvr_cost_0.05_intro_0.2_2
387,30,W,0,Male,clvr_cost_0.05_intro_0.2_2
388,31,W,0,Male,clvr_cost_0.05_intro_0.2_2
389,32,W,0,Male,clvr_cost_0.05_intro_0.2_2
390,33,W,0,Male,clvr_cost_0.05_intro_0.2_2
391,34,W,0,Male,clvr_cost_0.05_intro_0.2_2
392,35,W,0,Male,clvr_cost_0.05_intro_0.2_2
393,36,W,0,Male,clvr_cost_0.05_intro_0.2_2
394,37,W,0,Male,clvr_cost_0.05_intro_0.2_2
395,38,W,0,Male,clvr_cost_0.05_intro_0.2_2
396,39,W,0,Male,clvr_cost_0.05_intro_0.2_2
397,40,W,0,Male,clvr_cost_0.05_intro_0.2_2
398,41,W,0,Male,clvr_cost_0.05_intro_0.2_2
399,42,W,0,Male,clvr_cost_0.05_intro_0.2_2
400,43,W,0,Male,clvr_cost_0.05_intro_0.2_2
401,44,W,0,Male,clvr_cost_0.05_intro_0.2_2
402,45,W,0,Male,clvr_cost_0.05_intro_0.2_2
403,46,W,0,Male,clvr_cost_0.05_intro_0.2_2
404,47,W,0,Male,clvr_cost_0.05_intro_0.2_2
405,48,W,0,Male,clvr_cost_0.05_intro_0.2_2
406,49,W,0,Male,clvr_cost_0.05_intro_0.2_2
407,50,W,0,Male,clvr_cost_0.05_intro_0.2_2
,Generation,Allele,Count,Sex,Run
0,0,C,0,Female,clvr_cost_0.05_intro_0.2_3
1,1,C,1195,Female,clvr_cost_0.05_intro_0.2_3
2,2,C,1801,Female,clvr_cost_0.05_intro_0.2_3
3,3,C,2583,Female,clvr_cost_0.05_intro_0.2_3
4,4,C,3396,Female,clvr_cost_0.05_intro_0.2_3
5,5,C,4245,Female,clvr_cost_0.05_intro_0.2_3
6,6,C,5794,Female,clvr_cost_0.05_intro_0.2_3
7,7,C,7630,Female,clvr_cost_0.05_intro_0.2_3
8,8,C,9039,Female,clvr_cost_0.05_intro_0.2_3
9,9,C,9343,Female,clvr_cost_0.05_intro_0.2_3
10,10,C,9236,Female,clvr_cost_0.05_intro_0.2_3
11,11,C,9328,Female,clvr_cost_0.05_intro_0.2_3
12,12,C,9386,Female,clvr_cost_0.05_intro_0.2_3
13,13,C,9476,Female,clvr_cost_0.05_intro_0.2_3
14,14,C,9558,Female,clvr_cost_0.05_intro_0.2_3
15,15,C,9452,Female,clvr_cost_0.05_intro_0.2_3
16,16,C,9270,Female,clvr_cost_0.05_intro_0.2_3
17,17,C,9318,Female,clvr_cost_0.05_intro_0.2_3
18,18,C,9044,Female,clvr_cost_0.05_intro_0.2_3
19,19,C,9264,Female,clvr_cost_0.05_intro_0.2_3
20,20,C,9438,Female,clvr_cost_0.05_intro_0.2_3
21,21,C,9534,Female,clvr_cost_0.05_intro_0.2_3
22,22,C,9178,Female,clvr_cost_0.05_intro_0.2_3
23,23,C,9308,Female,clvr_cost_0.05_intro_0.2_3
24,24,C,9402,Female,clvr_cost_0.05_intro_0.2_3
25,25,C,9384,Female,clvr_cost_0.05_intro_0.2_3
26,26,C,9408,Female,clvr_cost_0.05_intro_0.2_3
27,27,C,9226,Female,clvr_cost_0.05_intro_0.2_3
28,28,C,9292,Female,clvr_cost_0.05_intro_0.2_3
29,29,C,9320,Female,clvr_cost_0.05_intro_0.2_3
30,30,C,9390,Female,clvr_cost_0.05_intro_0.2_3
31,31,C,9250,Female,clvr_cost_0.05_intro_0.2_3
32,32,C,9364,Female,clvr_cost_0.05_intro_0.2_3
33,33,C,9310,Female,clvr_cost_0.05_intro_0.2_3
34,34,C,9174,Female,clvr_cost_0.05_intro_0.2_3
35,35,C,9142,Female,clvr_cost_0.05_intro_0.2_3
36,36,C,9112,Female,clvr_cost_0.05_intro_0.2_3
37,37,C,9250,Female,clvr_cost_0.05_intro_0.2_3
38,38,C,9146,Female,clvr_cost_0.05_intro_0.2_3
39,39,C,9108,Female,clvr_cost_0.05_intro_0.2_3
40,40,C,9432,Female,clvr_cost_0.05_intro_0.2_3
41,41,C,9338,Female,clvr_cost_0.05_intro_0.2_3
42,42,C,9076,Female,clvr_cost_0.05_intro_0.2_3
43,43,C,9278,Female,clvr_cost_0.05_intro_0.2_3
44,44,C,9244,Female,clvr_cost_0.05_intro_0.2_3
45,45,C,9254,Female,clvr_cost_0.05_intro_0.2_3
46,46,C,9272,Female,clvr_cost_0.05_intro_0.2_3
47,47,C,9384,Female,clvr_cost_0.05_intro_0.2_3
48,48,C,9488,Female,clvr_cost_0.05_intro_0.2_3
49,49,C,9480,Female,clvr_cost_0.05_intro_0.2_3
50,50,C,9568,Female,clvr_cost_0.05_intro_0.2_3
51,0,A,10000,Female,clvr_cost_0.05_intro_0.2_3
52,1,A,7293,Female,clvr_cost_0.05_intro_0.2_3
53,2,A,6517,Female,clvr_cost_0.05_intro_0.2_3
54,3,A,5495,Female,clvr_cost_0.05_intro_0.2_3
55,4,A,3718,Female,clvr_cost_0.05_intro_0.2_3
56,5,A,2133,Female,clvr_cost_0.05_intro_0.2_3
57,6,A,898,Female,clvr_cost_0.05_intro_0.2_3
58,7,A,200,Female,clvr_cost_0.05_intro_0.2_3
59,8,A,15,Female,clvr_cost_0.05_intro_0.2_3
60,9,A,1,Female,clvr_cost_0.05_intro_0.2_3
61,10,A,0,Female,clvr_cost_0.05_intro_0.2_3
62,11,A,0,Female,clvr_cost_0.05_intro_0.2_3
63,12,A,0,Female,clvr_cost_0.05_intro_0.2_3
64,13,A,0,Female,clvr_cost_0.05_intro_0.2_3
65,14,A,0,Female,clvr_cost_0.05_intro_0.2_3
66,15,A,0,Female,clvr_cost_0.05_intro_0.2_3
67,16,A,0,Female,clvr_cost_0.05_intro_0.2_3
68,17,A,0,Female,clvr_cost_0.05_intro_0.2_3
69,18,A,0,Female,clvr_cost_0.05_intro_0.2_3
70,19,A,0,Female,clvr_cost_0.05_intro_0.2_3
71,20,A,0,Female,clvr_cost_0.05_intro_0.2_3
72,21,A,0,Female,clvr_cost_0.05_intro_0.2_3
73,22,A,0,Female,clvr_cost_0.05_intro_0.2_3
74,23,A,0,Female,clvr_cost_0.05_intro_0.2_3
75,24,A,0,Female,clvr_cost_0.05_intro_0.2_3
76,25,A,0,Female,clvr_cost_0.05_intro_0.2_3
77,26,A,0,Female,clvr_cost_0.05_intro_0.2_3
78,27,A,0,Female,clvr_cost_0.05_intro_0.2_3
79,28,A,0,Female,clvr_cost_0.05_intro_0.2_3
80,29,A,0,Female,clvr_cost_0.05_intro_0.2_3
81,30,A,0,Female,clvr_cost_0.05_intro_0.2_3
82,31,A,0,Female,clvr_cost_0.05_intro_0.2_3
83,32,A,0,Female,clvr_cost_0.05_intro_0.2_3
84,33,A,0,Female,clvr_cost_0.05_intro_0.2_3
85,34,A,0,Female,clvr_cost_0.05_intro_0.2_3
86,35,A,0,Female,clvr_cost_0.05_intro_0.2_3
87,36,A,0,Female,clvr_cost_0.05_intro_0.2_3
88,37,A,0,Female,clvr_cost_0.05_intro_0.2_3
89,38,A,0,Female,clvr_cost_0.05_intro_0.2_3
90,39,A,0,Female,clvr_cost_0.05_intro_0.2_3
91,40,A,0,Female,clvr_cost_0.05_intro_0.2_3
92,41,A,0,Female,clvr_cost_0.05_intro_0.2_3
93,42,A,0,Female,clvr_cost_0.05_intro_0.2_3
94,43,A,0,Female,clvr_cost_0.05_intro_0.2_3
95,44,A,0,Female,clvr_cost_0.05_intro_0.2_3
96,45,A,0,Female,clvr_cost_0.05_intro_0.2_3
97,46,A,0,Female,clvr_cost_0.05_intro_0.2_3
98,47,A,0,Female,clvr_cost_0.05_intro_0.2_3
99,48,A,0,Female,clvr_cost_0.05_intro_0.2_3
100,49,A,0,Female,clvr_cost_0.05_intro_0.2_3
101,50,A,0,Female,clvr_cost_0.05_intro_0.2_3
102,0,V,0,Female,clvr_cost_0.05_intro_0.2_3
103,1,V,1195,Female,clvr_cost_0.05_intro_0.2_3
104,2,V,1844,Female,clvr_cost_0.05_intro_0.2_3
105,3,V,2633,Female,clvr_cost_0.05_intro_0.2_3
106,4,V,3459,Female,clvr_cost_0.05_intro_0.2_3
107,5,V,4319,Female,clvr_cost_0.05_intro_0.2_3
108,6,V,5849,Female,clvr_cost_0.05_intro_0.2_3
109,7,V,7658,Female,clvr_cost_0.05_intro_0.2_3
110,8,V,9049,Female,clvr_cost_0.05_intro_0.2_3
111,9,V,9343,Female,clvr_cost_0.05_intro_0.2_3
112,10,V,9236,Female,clvr_cost_0.05_intro_0.2_3
113,11,V,9328,Female,clvr_cost_0.05_intro_0.2_3
114,12,V,9386,Female,clvr_cost_0.05_intro_0.2_3
115,13,V,9476,Female,clvr_cost_0.05_intro_0.2_3
116,14,V,9558,Female,clvr_cost_0.05_intro_0.2_3
117,15,V,9452,Female,clvr_cost_0.05_intro_0.2_3
118,16,V,9270,Female,clvr_cost_0.05_intro_0.2_3
119,17,V,9318,Female,clvr_cost_0.05_intro_0.2_3
120,18,V,9044,Female,clvr_cost_0.05_intro_0.2_3
121,19,V,9264,Female,clvr_cost_0.05_intro_0.2_3
122,20,V,9438,Female,clvr_cost_0.05_intro_0.2_3
123,21,V,9534,Female,clvr_cost_0.05_intro_0.2_3
124,22,V,9178,Female,clvr_cost_0.05_intro_0.2_3
125,23,V,9308,Female,clvr_cost_0.05_intro_0.2_3
126,24,V,9402,Female,clvr_cost_0.05_intro_0.2_3
127,25,V,9384,Female,clvr_cost_0.05_intro_0.2_3
128,26,V,9408,Female,clvr_cost_0.05_intro_0.2_3
129,27,V,9226,Female,clvr_cost_0.05_intro_0.2_3
130,28,V,9292,Female,clvr_cost_0.05_intro_0.2_3
131,29,V,9320,Female,clvr_cost_0.05_intro_0.2_3
132,30,V,9390,Female,clvr_cost_0.05_intro_0.2_3
133,31,V,9250,Female,clvr_cost_0.05_intro_0.2_3
134,32,V,9364,Female,clvr_cost_0.05_intro_0.2_3
135,33,V,9310,Female,clvr_cost_0.05_intro_0.2_3
136,34,V,9174,Female,clvr_cost_0.05_intro_0.2_3
137,35,V,9142,Female,clvr_cost_0.05_intro_0.2_3
138,36,V,9112,Female,clvr_cost_0.05_intro_0.2_3
139,37,V,9250,Female,clvr_cost_0.05_intro_0.2_3
140,38,V,9146,Female,clvr_cost_0.05_intro_0.2_3
141,39,V,9108,Female,clvr_cost_0.05_intro_0.2_3
142,40,V,9432,Female,clvr_cost_0.05_intro_0.2_3
143,41,V,9338,Female,clvr_cost_0.05_intro_0.2_3
144,42,V,9076,Female,clvr_cost_0.05_intro_0.2_3
145,43,V,9278,Female,clvr_cost_0.05_intro_0.2_3
146,44,V,9244,Female,clvr_cost_0.05_intro_0.2_3
147,45,V,9254,Female,clvr_cost_0.05_intro_0.2_3
148,46,V,9272,Female,clvr_cost_0.05_intro_0.2_3
149,47,V,9384,Female,clvr_cost_0.05_intro_0.2_3
150,48,V,9488,Female,clvr_cost_0.05_intro_0.2_3
151,49,V,9480,Female,clvr_cost_0.05_intro_0.2_3
152,50,V,9568,Female,clvr_cost_0.05_intro_0.2_3
153,0,W,10000,Female,clvr_cost_0.05_intro_0.2_3
154,1,W,7293,Female,clvr_cost_0.05_intro_0.2_3
155,2,W,6474,Female,clvr_cost_0.05_intro_0.2_3
156,3,W,5445,Female,clvr_cost_0.05_intro_0.2_3
157,4,W,3655,Female,clvr_cost_0.05_intro_0.2_3
158,5,W,2059,Female,clvr_cost_0.05_intro_0.2_3
159,6,W,843,Female,clvr_cost_0.05_intro_0.2_3
160,7,W,172,Female,clvr_cost_0.05_intro_0.2_3
161,8,W,5,Female,clvr_cost_0.05_intro_0.2_3
162,9,W,1,Female,clvr_cost_0.05_intro_0.2_3
163,10,W,0,Female,clvr_cost_0.05_intro_0.2_3
164,11,W,0,Female,clvr_cost_0.05_intro_0.2_3
165,12,W,0,Female,clvr_cost_0.05_intro_0.2_3
166,13,W,0,Female,clvr_cost_0.05_intro_0.2_3
167,14,W,0,Female,clvr_cost_0.05_intro_0.2_3
168,15,W,0,Female,clvr_cost_0.05_intro_0.2_3
169,16,W,0,Female,clvr_cost_0.05_intro_0.2_3
170,17,W,0,Female,clvr_cost_0.05_intro_0.2_3
171,18,W,0,Female,clvr_cost_0.05_intro_0.2_3
172,19,W,0,Female,clvr_cost_0.05_intro_0.2_3
173,20,W,0,Female,clvr_cost_0.05_intro_0.2_3
174,21,W,0,Female,clvr_cost_0.05_intro_0.2_3
175,22,W,0,Female,clvr_cost_0.05_intro_0.2_3
176,23,W,0,Female,clvr_cost_0.05_intro_0.2_3
177,24,W,0,Female,clvr_cost_0.05_intro_0.2_3
178,25,W,0,Female,clvr_cost_0.05_intro_0.2_3
179,26,W,0,Female,clvr_cost_0.05_intro_0.2_3
180,27,W,0,Female,clvr_cost_0.05_intro_0.2_3
181,28,W,0,Female,clvr_cost_0.05_intro_0.2_3
182,29,W,0,Female,clvr_cost_0.05_intro_0.2_3
183,30,W,0,Female,clvr_cost_0.05_intro_0.2_3
184,31,W,0,Female,clvr_cost_0.05_intro_0.2_3
185,32,W,0,Female,clvr_cost_0.05_intro_0.2_3
186,33,W,0,Female,clvr_cost_0.05_intro_0.2_3
187,34,W,0,Female,clvr_cost_0.05_intro_0.2_3
188,35,W,0,Female,clvr_cost_0.05_intro_0.2_3
189,36,W,0,Female,clvr_cost_0.05_intro_0.2_3
190,37,W,0,Female,clvr_cost_0.05_intro_0.2_3
191,38,W,0,Female,clvr_cost_0.05_intro_0.2_3
192,39,W,0,Female,clvr_cost_0.05_intro_0.2_3
193,40,W,0,Female,clvr_cost_0.05_intro_0.2_3
194,41,W,0,Female,clvr_cost_0.05_intro_0.2_3
195,42,W,0,Female,clvr_cost_0.05_intro_0.2_3
196,43,W,0,Female,clvr_cost_0.05_intro_0.2_3
197,44,W,0,Female,clvr_cost_0.05_intro_0.2_3
198,45,W,0,Female,clvr_cost_0.05_intro_0.2_3
199,46,W,0,Female,clvr_cost_0.05_intro_0.2_3
200,47,W,0,Female,clvr_cost_0.05_intro_0.2_3
201,48,W,0,Female,clvr_cost_0.05_intro_0.2_3
202,49,W,0,Female,clvr_cost_0.05_intro_0.2_3
203,50,W,0,Female,clvr_cost_0.05_intro_0.2_3
204,0,C,4000,Male,clvr_cost_0.05_intro_0.2_3
205,1,C,1260,Male,clvr_cost_0.05_intro_0.2_3
206,2,C,1865,Male,clvr_cost_0.05_intro_0.2_3
207,3,C,2625,Male,clvr_cost_0.05_intro_0.2_3
208,4,C,3378,Male,clvr_cost_0.05_intro_0.2_3
209,5,C,4582,Male,clvr_cost_0.05_intro_0.2_3
210,6,C,5911,Male,clvr_cost_0.05_intro_0.2_3
211,7,C,7800,Male,clvr_cost_0.05_intro_0.2_3
212,8,C,9059,Male,clvr_cost_0.05_intro_0.2_3
213,9,C,9443,Male,clvr_cost_0.05_intro_0.2_3
214,10,C,9427,Male,clvr_cost_0.05_intro_0.2_3
215,11,C,9384,Male,clvr_cost_0.05_intro_0.2_3
216,12,C,9458,Male,clvr_cost_0.05_intro_0.2_3
217,13,C,9640,Male,clvr_cost_0.05_intro_0.2_3
218,14,C,9632,Male,clvr_cost_0.05_intro_0.2_3
219,15,C,9560,Male,clvr_cost_0.05_intro_0.2_3
220,16,C,9590,Male,clvr_cost_0.05_intro_0.2_3
221,17,C,9428,Male,clvr_cost_0.05_intro_0.2_3
222,18,C,9364,Male,clvr_cost_0.05_intro_0.2_3
223,19,C,9326,Male,clvr_cost_0.05_intro_0.2_3
224,20,C,9550,Male,clvr_cost_0.05_intro_0.2_3
225,21,C,9666,Male,clvr_cost_0.05_intro_0.2_3
226,22,C,9334,Male,clvr_cost_0.05_intro_0.2_3
227,23,C,9350,Male,clvr_cost_0.05_intro_0.2_3
228,24,C,9420,Male,clvr_cost_0.05_intro_0.2_3
229,25,C,9468,Male,clvr_cost_0.05_intro_0.2_3
230,26,C,9586,Male,clvr_cost_0.05_intro_0.2_3
231,27,C,9318,Male,clvr_cost_0.05_intro_0.2_3
232,28,C,9626,Male,clvr_cost_0.05_intro_0.2_3
233,29,C,9398,Male,clvr_cost_0.05_intro_0.2_3
234,30,C,9454,Male,clvr_cost_0.05_intro_0.2_3
235,31,C,9592,Male,clvr_cost_0.05_intro_0.2_3
236,32,C,9364,Male,clvr_cost_0.05_intro_0.2_3
237,33,C,9656,Male,clvr_cost_0.05_intro_0.2_3
238,34,C,9208,Male,clvr_cost_0.05_intro_0.2_3
239,35,C,9502,Male,clvr_cost_0.05_intro_0.2_3
240,36,C,9276,Male,clvr_cost_0.05_intro_0.2_3
241,37,C,9292,Male,clvr_cost_0.05_intro_0.2_3
242,38,C,9378,Male,clvr_cost_0.05_intro_0.2_3
243,39,C,9164,Male,clvr_cost_0.05_intro_0.2_3
244,40,C,9502,Male,clvr_cost_0.05_intro_0.2_3
245,41,C,9388,Male,clvr_cost_0.05_intro_0.2_3
246,42,C,9338,Male,clvr_cost_0.05_intro_0.2_3
247,43,C,9282,Male,clvr_cost_0.05_intro_0.2_3
248,44,C,9404,Male,clvr_cost_0.05_intro_0.2_3
249,45,C,9318,Male,clvr_cost_0.05_intro_0.2_3
250,46,C,9316,Male,clvr_cost_0.05_intro_0.2_3
251,47,C,9398,Male,clvr_cost_0.05_intro_0.2_3
252,48,C,9502,Male,clvr_cost_0.05_intro_0.2_3
253,49,C,9642,Male,clvr_cost_0.05_intro_0.2_3
254,50,C,9622,Male,clvr_cost_0.05_intro_0.2_3
255,0,A,10000,Male,clvr_cost_0.05_intro_0.2_3
256,1,A,7310,Male,clvr_cost_0.05_intro_0.2_3
257,2,A,6477,Male,clvr_cost_0.05_intro_0.2_3
258,3,A,5507,Male,clvr_cost_0.05_intro_0.2_3
259,4,A,3946,Male,clvr_cost_0.05_intro_0.2_3
260,5,A,2270,Male,clvr_cost_0.05_intro_0.2_3
261,6,A,901,Male,clvr_cost_0.05_intro_0.2_3
262,7,A,188,Male,clvr_cost_0.05_intro_0.2_3
263,8,A,17,Male,clvr_cost_0.05_intro_0.2_3
264,9,A,3,Male,clvr_cost_0.05_intro_0.2_3
265,10,A,1,Male,clvr_cost_0.05_intro_0.2_3
266,11,A,0,Male,clvr_cost_0.05_intro_0.2_3
267,12,A,0,Male,clvr_cost_0.05_intro_0.2_3
268,13,A,0,Male,clvr_cost_0.05_intro_0.2_3
269,14,A,0,Male,clvr_cost_0.05_intro_0.2_3
270,15,A,0,Male,clvr_cost_0.05_intro_0.2_3
271,16,A,0,Male,clvr_cost_0.05_intro_0.2_3
272,17,A,0,Male,clvr_cost_0.05_intro_0.2_3
273,18,A,0,Male,clvr_cost_0.05_intro_0.2_3
274,19,A,0,Male,clvr_cost_0.05_intro_0.2_3
275,20,A,0,Male,clvr_cost_0.05_intro_0.2_3
276,21,A,0,Male,clvr_cost_0.05_intro_0.2_3
277,22,A,0,Male,clvr_cost_0.05_intro_0.2_3
278,23,A,0,Male,clvr_cost_0.05_intro_0.2_3
279,24,A,0,Male,clvr_cost_0.05_intro_0.2_3
280,25,A,0,Male,clvr_cost_0.05_intro_0.2_3
281,26,A,0,Male,clvr_cost_0.05_intro_0.2_3
282,27,A,0,Male,clvr_cost_0.05_intro_0.2_3
283,28,A,0,Male,clvr_cost_0.05_intro_0.2_3
284,29,A,0,Male,clvr_cost_0.05_intro_0.2_3
285,30,A,0,Male,clvr_cost_0.05_intro_0.2_3
286,31,A,0,Male,clvr_cost_0.05_intro_0.2_3
287,32,A,0,Male,clvr_cost_0.05_intro_0.2_3
288,33,A,0,Male,clvr_cost_0.05_intro_0.2_3
289,34,A,0,Male,clvr_cost_0.05_intro_0.2_3
290,35,A,0,Male,clvr_cost_0.05_intro_0.2_3
291,36,A,0,Male,clvr_cost_0.05_intro_0.2_3
292,37,A,0,Male,clvr_cost_0.05_intro_0.2_3
293,38,A,0,Male,clvr_cost_0.05_intro_0.2_3
294,39,A,0,Male,clvr_cost_0.05_intro_0.2_3
295,40,A,0,Male,clvr_cost_0.05_intro_0.2_3
296,41,A,0,Male,clvr_cost_0.05_intro_0.2_3
297,42,A,0,Male,clvr_cost_0.05_intro_0.2_3
298,43,A,0,Male,clvr_cost_0.05_intro_0.2_3
299,44,A,0,Male,clvr_cost_0.05_intro_0.2_3
300,45,A,0,Male,clvr_cost_0.05_intro_0.2_3
301,46,A,0,Male,clvr_cost_0.05_intro_0.2_3
302,47,A,0,Male,clvr_cost_0.05_intro_0.2_3
303,48,A,0,Male,clvr_cost_0.05_intro_0.2_3
304,49,A,0,Male,clvr_cost_0.05_intro_0.2_3
305,50,A,0,Male,clvr_cost_0.05_intro_0.2_3
306,0,V,4000,Male,clvr_cost_0.05_intro_0.2_3
307,1,V,1260,Male,clvr_cost_0.05_intro_0.2_3
308,2,V,1899,Male,clvr_cost_0.05_intro_0.2_3
309,3,V,2681,Male,clvr_cost_0.05_intro_0.2_3
310,4,V,3452,Male,clvr_cost_0.05_intro_0.2_3
311,5,V,4643,Male,clvr_cost_0.05_intro_0.2_3
312,6,V,5982,Male,clvr_cost_0.05_intro_0.2_3
313,7,V,7837,Male,clvr_cost_0.05_intro_0.2_3
314,8,V,9065,Male,clvr_cost_0.05_intro_0.2_3
315,9,V,9445,Male,clvr_cost_0.05_intro_0.2_3
316,10,V,9428,Male,clvr_cost_0.05_intro_0.2_3
317,11,V,9384,Male,clvr_cost_0.05_intro_0.2_3
318,12,V,9458,Male,clvr_cost_0.05_intro_0.2_3
319,13,V,9640,Male,clvr_cost_0.05_intro_0.2_3
320,14,V,9632,Male,clvr_cost_0.05_intro_0.2_3
321,15,V,9560,Male,clvr_cost_0.05_intro_0.2_3
322,16,V,9590,Male,clvr_cost_0.05_intro_0.2_3
323,17,V,9428,Male,clvr_cost_0.05_intro_0.2_3
324,18,V,9364,Male,clvr_cost_0.05_intro_0.2_3
325,19,V,9326,Male,clvr_cost_0.05_intro_0.2_3
326,20,V,9550,Male,clvr_cost_0.05_intro_0.2_3
327,21,V,9666,Male,clvr_cost_0.05_intro_0.2_3
328,22,V,9334,Male,clvr_cost_0.05_intro_0.2_3
329,23,V,9350,Male,clvr_cost_0.05_intro_0.2_3
330,24,V,9420,Male,clvr_cost_0.05_intro_0.2_3
331,25,V,9468,Male,clvr_cost_0.05_intro_0.2_3
332,26,V,9586,Male,clvr_cost_0.05_intro_0.2_3
333,27,V,9318,Male,clvr_cost_0.05_intro_0.2_3
334,28,V,9626,Male,clvr_cost_0.05_intro_0.2_3
335,29,V,9398,Male,clvr_cost_0.05_intro_0.2_3
336,30,V,9454,Male,clvr_cost_0.05_intro_0.2_3
337,31,V,9592,Male,clvr_cost_0.05_intro_0.2_3
338,32,V,9364,Male,clvr_cost_0.05_intro_0.2_3
339,33,V,9656,Male,clvr_cost_0.05_intro_0.2_3
340,34,V,9208,Male,clvr_cost_0.05_intro_0.2_3
341,35,V,9502,Male,clvr_cost_0.05_intro_0.2_3
342,36,V,9276,Male,clvr_cost_0.05_intro_0.2_3
343,37,V,9292,Male,clvr_cost_0.05_intro_0.2_3
344,38,V,9378,Male,clvr_cost_0.05_intro_0.2_3
345,39,V,9164,Male,clvr_cost_0.05_intro_0.2_3
346,40,V,9502,Male,clvr_cost_0.05_intro_0.2_3
347,41,V,9388,Male,clvr_cost_0.05_intro_0.2_3
348,42,V,9338,Male,clvr_cost_0.05_intro_0.2_3
349,43,V,9282,Male,clvr_cost_0.05_intro_0.2_3
350,44,V,9404,Male,clvr_cost_0.05_intro_0.2_3
351,45,V,9318,Male,clvr_cost_0.05_intro_0.2_3
352,46,V,9316,Male,clvr_cost_0.05_intro_0.2_3
353,47,V,9398,Male,clvr_cost_0.05_intro_0.2_3
354,48,V,9502,Male,clvr_cost_0.05_intro_0.2_3
355,49,V,9642,Male,clvr_cost_0.05_intro_0.2_3
356,50,V,9622,Male,clvr_cost_0.05_intro_0.2_3
357,0,W,10000,Male,clvr_cost_0.05_intro_0.2_3
358,1,W,7310,Male,clvr_cost_0.05_intro_0.2_3
359,2,W,6443,Male,clvr_cost_0.05_intro_0.2_3
360,3,W,5451,Male,clvr_cost_0.05_intro_0.2_3
361,4,W,3872,Male,clvr_cost_0.05_intro_0.2_3
362,5,W,2209,Male,clvr_cost_0.05_intro_0.2_3
363,6,W,830,Male,clvr_cost_0.05_intro_0.2_3
364,7,W,151,Male,clvr_cost_0.05_intro_0.2_3
365,8,W,11,Male,clvr_cost_0.05_intro_0.2_3
366,9,W,1,Male,clvr_cost_0.05_intro_0.2_3
367,10,W,0,Male,clvr_cost_0.05_intro_0.2_3
368,11,W,0,Male,clvr_cost_0.05_intro_0.2_3
369,12,W,0,Male,clvr_cost_0.05_intro_0.2_3
370,13,W,0,Male,clvr_cost_0.05_intro_0.2_3
371,14,W,0,Male,clvr_cost_0.05_intro_0.2_3
372,15,W,0,Male,clvr_cost_0.05_intro_0.2_3
373,16,W,0,Male,clvr_cost_0.05_intro_0.2_3
374,17,W,0,Male,clvr_cost_0.05_intro_0.2_3
375,18,W,0,Male,clvr_cost_0.05_intro_0.2_3
376,19,W,0,Male,clvr_cost_0.05_intro_0.2_3
377,20,W,0,Male,clvr_cost_0.05_intro_0.2_3
378,21,W,0,Male,clvr_cost_0.05_intro_0.2_3
379,22,W,0,Male,clvr_cost_0.05_intro_0.2_3
380,23,W,0,Male,clvr_cost_0.05_intro_0.2_3
381,24,W,0,Male,clvr_cost_0.05_intro_0.2_3
382,25,W,0,Male,clvr_cost_0.05_intro_0.2_3
383,26,W,0,Male,clvr_cost_0.05_intro_0.2_3
384,27,W,0,Male,clvr_cost_0.05_intro_0.2_3
385,28,W,0,Male,clvr_cost_0.05_intro_0.2_3
386,29,W,0,Male,clvr_cost_0.05_intro_0.2_3
387,30,W,0,Male,clvr_cost_0.05_intro_0.2_3
388,31,W,0,Male,clvr_cost_0.05_intro_0.2_3
389,32,W,0,Male,clvr_cost_0.05_intro_0.2_3
390,33,W,0,Male,clvr_cost_0.05_intro_0.2_3
391,34,W,0,Male,clvr_cost_0.05_intro_0.2_3
392,35,W,0,Male,clvr_cost_0.05_intro_0.2_3
393,36,W,0,Male,clvr_cost_0.05_intro_0.2_3
394,37,W,0,Male,clvr_cost_0.05_intro_0.2_3
395,38,W,0,Male,clvr_cost_0.05_intro_0.2_3
396,39,W,0,Male,clvr_cost_0.05_intro_0.2_3
397,40,W,0,Male,clvr_cost_0.05_intro_0.2_3
398,41,W,0,Male,clvr_cost_0.05_intro_0.2_3
399,42,W,0,Male,clvr_cost_0.05_intro_0.2_3
400,43,W,0,Male,clvr_cost_0.05_intro_0.2_3
401,44,W,0,Male,clvr_cost_0.05_intro_0.2_3
402,45,W,0,Male,clvr_cost_0.05_intro_0.2_3
403,46,W,0,Male,clvr_cost_0.05_intro_0.2_3
404,47,W,0,Male,clvr_cost_0.05_intro_0.2_3
405,48,W,0,Male,clvr_cost_0.05_intro_0.2_3
406,49,W,0,Male,clvr_cost_0.05_intro_0.2_3
407,50,W,0,Male,clvr_cost_0.05_intro_0.2_3
,Generation,Allele,Count,Sex,Run
0,0,C,0,Female,clvr_cost_0.05_intro_0.2_4
1,1,C,1251,Female,clvr_cost_0.05_intro_0.2_4
2,2,C,1769,Female,clvr_cost_0.05_intro_0.2_4
3,3,C,2419,Female,clvr_cost_0.05_intro_0.2_4
4,4,C,3447,Female,clvr_cost_0.05_intro_0.2_4
5,5,C,4523,Female,clvr_cost_0.05_intro_0.2_4
6,6,C,6041,Female,clvr_cost_0.05_intro_0.2_4
7,7,C,7949,Female,clvr_cost_0.05_intro_0.2_4
8,8,C,9008,Female,clvr_cost_0.05_intro_0.2_4
9,9,C,9272,Female,clvr_cost_0.05_intro_0.2_4
10,10,C,9332,Female,clvr_cost_0.05_intro_0.2_4
11,11,C,9354,Female,clvr_cost_0.05_intro_0.2_4
12,12,C,9202,Female,clvr_cost_0.05_intro_0.2_4
13,13,C,9282,Female,clvr_cost_0.05_intro_0.2_4
14,14,C,9032,Female,clvr_cost_0.05_intro_0.2_4
15,15,C,8972,Female,clvr_cost_0.05_intro_0.2_4
16,16,C,9194,Female,clvr_cost_0.05_intro_0.2_4
17,17,C,9118,Female,clvr_cost_0.05_intro_0.2_4
18,18,C,9122,Female,clvr_cost_0.05_intro_0.2_4
19,19,C,9080,Female,clvr_cost_0.05_intro_0.2_4
20,20,C,9276,Female,clvr_cost_0.05_intro_0.2_4
21,21,C,9230,Female,clvr_cost_0.05_intro_0.2_4
22,22,C,9312,Female,clvr_cost_0.05_intro_0.2_4
23,23,C,9322,Female,clvr_cost_0.05_intro_0.2_4
24,24,C,9268,Female,clvr_cost_0.05_intro_0.2_4
25,25,C,9254,Female,clvr_cost_0.05_intro_0.2_4
26,26,C,9282,Female,clvr_cost_0.05_intro_0.2_4
27,27,C,9118,Female,clvr_cost_0.05_intro_0.2_4
28,28,C,9480,Female,clvr_cost_0.05_intro_0.2_4
29,29,C,9384,Female,clvr_cost_0.05_intro_0.2_4
30,30,C,9218,Female,clvr_cost_0.05_intro_0.2_4
31,31,C,9556,Female,clvr_cost_0.05_intro_0.2_4
32,32,C,9192,Female,clvr_cost_0.05_intro_0.2_4
33,33,C,9454,Female,clvr_cost_0.05_intro_0.2_4
34,34,C,9412,Female,clvr_cost_0.05_intro_0.2_4
35,35,C,9336,Female,clvr_cost_0.05_intro_0.2_4
36,36,C,9224,Female,clvr_cost_0.05_intro_0.2_4
37,37,C,9268,Female,clvr_cost_0.05_intro_0.2_4
38,38,C,9504,Female,clvr_cost_0.05_intro_0.2_4
39,39,C,9638,Female,clvr_cost_0.05_intro_0.2_4
40,40,C,9396,Female,clvr_cost_0.05_intro_0.2_4
41,41,C,9258,Female,clvr_cost_0.05_intro_0.2_4
42,42,C,9544,Female,clvr_cost_0.05_intro_0.2_4
43,43,C,9348,Female,clvr_cost_0.05_intro_0.2_4
44,44,C,9364,Female,clvr_cost_0.05_intro_0.2_4
45,45,C,9196,Female,clvr_cost_0.05_intro_0.2_4
46,46,C,9408,Female,clvr_cost_0.05_intro_0.2_4
47,47,C,9442,Female,clvr_cost_0.05_intro_0.2_4
48,48,C,9356,Female,clvr_cost_0.05_intro_0.2_4
49,49,C,9606,Female,clvr_cost_0.05_intro_0.2_4
50,50,C,9380,Female,clvr_cost_0.05_intro_0.2_4
51,0,A,10000,Female,clvr_cost_0.05_intro_0.2_4
52,1,A,7323,Female,clvr_cost_0.05_intro_0.2_4
53,2,A,6293,Female,clvr_cost_0.05_intro_0.2_4
54,3,A,5167,Female,clvr_cost_0.05_intro_0.2_4
55,4,A,3673,Female,clvr_cost_0.05_intro_0.2_4
56,5,A,2043,Female,clvr_cost_0.05_intro_0.2_4
57,6,A,823,Female,clvr_cost_0.05_intro_0.2_4
58,7,A,197,Female,clvr_cost_0.05_intro_0.2_4
59,8,A,16,Female,clvr_cost_0.05_intro_0.2_4
60,9,A,0,Female,clvr_cost_0.05_intro_0.2_4
61,10,A,0,Female,clvr_cost_0.05_intro_0.2_4
62,11,A,0,Female,clvr_cost_0.05_intro_0.2_4
63,12,A,0,Female,clvr_cost_0.05_intro_0.2_4
64,13,A,0,Female,clvr_cost_0.05_intro_0.2_4
65,14,A,0,Female,clvr_cost_0.05_intro_0.2_4
66,15,A,0,Female,clvr_cost_0.05_intro_0.2_4
67,16,A,0,Female,clvr_cost_0.05_intro_0.2_4
68,17,A,0,Female,clvr_cost_0.05_intro_0.2_4
69,18,A,0,Female,clvr_cost_0.05_intro_0.2_4
70,19,A,0,Female,clvr_cost_0.05_intro_0.2_4
71,20,A,0,Female,clvr_cost_0.05_intro_0.2_4
72,21,A,0,Female,clvr_cost_0.05_intro_0.2_4
73,22,A,0,Female,clvr_cost_0.05_intro_0.2_4
74,23,A,0,Female,clvr_cost_0.05_intro_0.2_4
75,24,A,0,Female,clvr_cost_0.05_intro_0.2_4
76,25,A,0,Female,clvr_cost_0.05_intro_0.2_4
77,26,A,0,Female,clvr_cost_0.05_intro_0.2_4
78,27,A,0,Female,clvr_cost_0.05_intro_0.2_4
79,28,A,0,Female,clvr_cost_0.05_intro_0.2_4
80,29,A,0,Female,clvr_cost_0.05_intro_0.2_4
81,30,A,0,Female,clvr_cost_0.05_intro_0.2_4
82,31,A,0,Female,clvr_cost_0.05_intro_0.2_4
83,32,A,0,Female,clvr_cost_0.05_intro_0.2_4
84,33,A,0,Female,clvr_cost_0.05_intro_0.2_4
85,34,A,0,Female,clvr_cost_0.05_intro_0.2_4
86,35,A,0,Female,clvr_cost_0.05_intro_0.2_4
87,36,A,0,Female,clvr_cost_0.05_intro_0.2_4
88,37,A,0,Female,clvr_cost_0.05_intro_0.2_4
89,38,A,0,Female,clvr_cost_0.05_intro_0.2_4
90,39,A,0,Female,clvr_cost_0.05_intro_0.2_4
91,40,A,0,Female,clvr_cost_0.05_intro_0.2_4
92,41,A,0,Female,clvr_cost_0.05_intro_0.2_4
93,42,A,0,Female,clvr_cost_0.05_intro_0.2_4
94,43,A,0,Female,clvr_cost_0.05_intro_0.2_4
95,44,A,0,Female,clvr_cost_0.05_intro_0.2_4
96,45,A,0,Female,clvr_cost_0.05_intro_0.2_4
97,46,A,0,Female,clvr_cost_0.05_intro_0.2_4
98,47,A,0,Female,clvr_cost_0.05_intro_0.2_4
99,48,A,0,Female,clvr_cost_0.05_intro_0.2_4
100,49,A,0,Female,clvr_cost_0.05_intro_0.2_4
101,50,A,0,Female,clvr_cost_0.05_intro_0.2_4
102,0,V,0,Female,clvr_cost_0.05_intro_0.2_4
103,1,V,1251,Female,clvr_cost_0.05_intro_0.2_4
104,2,V,1808,Female,clvr_cost_0.05_intro_0.2_4
105,3,V,2460,Female,clvr_cost_0.05_intro_0.2_4
106,4,V,3517,Female,clvr_cost_0.05_intro_0.2_4
107,5,V,4597,Female,clvr_cost_0.05_intro_0.2_4
108,6,V,6097,Female,clvr_cost_0.05_intro_0.2_4
109,7,V,7977,Female,clvr_cost_0.05_intro_0.2_4
110,8,V,9012,Female,clvr_cost_0.05_intro_0.2_4
111,9,V,9272,Female,clvr_cost_0.05_intro_0.2_4
112,10,V,9332,Female,clvr_cost_0.05_intro_0.2_4
113,11,V,9354,Female,clvr_cost_0.05_intro_0.2_4
114,12,V,9202,Female,clvr_cost_0.05_intro_0.2_4
115,13,V,9282,Female,clvr_cost_0.05_intro_0.2_4
116,14,V,9032,Female,clvr_cost_0.05_intro_0.2_4
117,15,V,8972,Female,clvr_cost_0.05_intro_0.2_4
118,16,V,9194,Female,clvr_cost_0.05_intro_0.2_4
119,17,V,9118,Female,clvr_cost_0.05_intro_0.2_4
120,18,V,9122,Female,clvr_cost_0.05_intro_0.2_4
121,19,V,9080,Female,clvr_cost_0.05_intro_0.2_4
122,20,V,9276,Female,clvr_cost_0.05_intro_0.2_4
123,21,V,9230,Female,clvr_cost_0.05_intro_0.2_4
124,22,V,9312,Female,clvr_cost_0.05_intro_0.2_4
125,23,V,9322,Female,clvr_cost_0.05_intro_0.2_4
126,24,V,9268,Female,clvr_cost_0.05_intro_0.2_4
127,25,V,9254,Female,clvr_cost_0.05_intro_0.2_4
128,26,V,9282,Female,clvr_cost_0.05_intro_0.2_4
129,27,V,9118,Female,clvr_cost_0.05_intro_0.2_4
130,28,V,9480,Female,clvr_cost_0.05_intro_0.2_4
131,29,V,9384,Female,clvr_cost_0.05_intro_0.2_4
132,30,V,9218,Female,clvr_cost_0.05_intro_0.2_4
133,31,V,9556,Female,clvr_cost_0.05_intro_0.2_4
134,32,V,9192,Female,clvr_cost_0.05_intro_0.2_4
135,33,V,9454,Female,clvr_cost_0.05_intro_0.2_4
136,34,V,9412,Female,clvr_cost_0.05_intro_0.2_4
137,35,V,9336,Female,clvr_cost_0.05_intro_0.2_4
138,36,V,9224,Female,clvr_cost_0.05_intro_0.2_4
139,37,V,9268,Female,clvr_cost_0.05_intro_0.2_4
140,38,V,9504,Female,clvr_cost_0.05_intro_0.2_4
141,39,V,9638,Female,clvr_cost_0.05_intro_0.2_4
142,40,V,9396,Female,clvr_cost_0.05_intro_0.2_4
143,41,V,9258,Female,clvr_cost_0.05_intro_0.2_4
144,42,V,9544,Female,clvr_cost_0.05_intro_0.2_4
145,43,V,9348,Female,clvr_cost_0.05_intro_0.2_4
146,44,V,9364,Female,clvr_cost_0.05_intro_0.2_4
147,45,V,9196,Female,clvr_cost_0.05_intro_0.2_4
148,46,V,9408,Female,clvr_cost_0.05_intro_0.2_4
149,47,V,9442,Female,clvr_cost_0.05_intro_0.2_4
150,48,V,9356,Female,clvr_cost_0.05_intro_0.2_4
151,49,V,9606,Female,clvr_cost_0.05_intro_0.2_4
152,50,V,9380,Female,clvr_cost_0.05_intro_0.2_4
153,0,W,10000,Female,clvr_cost_0.05_intro_0.2_4
154,1,W,7323,Female,clvr_cost_0.05_intro_0.2_4
155,2,W,6254,Female,clvr_cost_0.05_intro_0.2_4
156,3,W,5126,Female,clvr_cost_0.05_intro_0.2_4
157,4,W,3603,Female,clvr_cost_0.05_intro_0.2_4
158,5,W,1969,Female,clvr_cost_0.05_intro_0.2_4
159,6,W,767,Female,clvr_cost_0.05_intro_0.2_4
160,7,W,169,Female,clvr_cost_0.05_intro_0.2_4
161,8,W,12,Female,clvr_cost_0.05_intro_0.2_4
162,9,W,0,Female,clvr_cost_0.05_intro_0.2_4
163,10,W,0,Female,clvr_cost_0.05_intro_0.2_4
164,11,W,0,Female,clvr_cost_0.05_intro_0.2_4
165,12,W,0,Female,clvr_cost_0.05_intro_0.2_4
166,13,W,0,Female,clvr_cost_0.05_intro_0.2_4
167,14,W,0,Female,clvr_cost_0.05_intro_0.2_4
168,15,W,0,Female,clvr_cost_0.05_intro_0.2_4
169,16,W,0,Female,clvr_cost_0.05_intro_0.2_4
170,17,W,0,Female,clvr_cost_0.05_intro_0.2_4
171,18,W,0,Female,clvr_cost_0.05_intro_0.2_4
172,19,W,0,Female,clvr_cost_0.05_intro_0.2_4
173,20,W,0,Female,clvr_cost_0.05_intro_0.2_4
174,21,W,0,Female,clvr_cost_0.05_intro_0.2_4
175,22,W,0,Female,clvr_cost_0.05_intro_0.2_4
176,23,W,0,Female,clvr_cost_0.05_intro_0.2_4
177,24,W,0,Female,clvr_cost_0.05_intro_0.2_4
178,25,W,0,Female,clvr_cost_0.05_intro_0.2_4
179,26,W,0,Female,clvr_cost_0.05_intro_0.2_4
180,27,W,0,Female,clvr_cost_0.05_intro_0.2_4
181,28,W,0,Female,clvr_cost_0.05_intro_0.2_4
182,29,W,0,Female,clvr_cost_0.05_intro_0.2_4
183,30,W,0,Female,clvr_cost_0.05_intro_0.2_4
184,31,W,0,Female,clvr_cost_0.05_intro_0.2_4
185,32,W,0,Female,clvr_cost_0.05_intro_0.2_4
186,33,W,0,Female,clvr_cost_0.05_intro_0.2_4
187,34,W,0,Female,clvr_cost_0.05_intro_0.2_4
188,35,W,0,Female,clvr_cost_0.05_intro_0.2_4
189,36,W,0,Female,clvr_cost_0.05_intro_0.2_4
190,37,W,0,Female,clvr_cost_0.05_intro_0.2_4
191,38,W,0,Female,clvr_cost_0.05_intro_0.2_4
192,39,W,0,Female,clvr_cost_0.05_intro_0.2_4
193,40,W,0,Female,clvr_cost_0.05_intro_0.2_4
194,41,W,0,Female,clvr_cost_0.05_intro_0.2_4
195,42,W,0,Female,clvr_cost_0.05_intro_0.2_4
196,43,W,0,Female,clvr_cost_0.05_intro_0.2_4
197,44,W,0,Female,clvr_cost_0.05_intro_0.2_4
198,45,W,0,Female,clvr_cost_0.05_intro_0.2_4
199,46,W,0,Female,clvr_cost_0.05_intro_0.2_4
200,47,W,0,Female,clvr_cost_0.05_intro_0.2_4
201,48,W,0,Female,clvr_cost_0.05_intro_0.2_4
202,49,W,0,Female,clvr_cost_0.05_intro_0.2_4
203,50,W,0,Female,clvr_cost_0.05_intro_0.2_4
204,0,C,4000,Male,clvr_cost_0.05_intro_0.2_4
205,1,C,1273,Male,clvr_cost_0.05_intro_0.2_4
206,2,C,1844,Male,clvr_cost_0.05_intro_0.2_4
207,3,C,2485,Male,clvr_cost_0.05_intro_0.2_4
208,4,C,3401,Male,clvr_cost_0.05_intro_0.2_4
209,5,C,4527,Male,clvr_cost_0.05_intro_0.2_4
210,6,C,6088,Male,clvr_cost_0.05_intro_0.2_4
211,7,C,7998,Male,clvr_cost_0.05_intro_0.2_4
212,8,C,9048,Male,clvr_cost_0.05_intro_0.2_4
213,9,C,9388,Male,clvr_cost_0.05_intro_0.2_4
214,10,C,9370,Male,clvr_cost_0.05_intro_0.2_4
215,11,C,9616,Male,clvr_cost_0.05_intro_0.2_4
216,12,C,9344,Male,clvr_cost_0.05_intro_0.2_4
217,13,C,9312,Male,clvr_cost_0.05_intro_0.2_4
218,14,C,9326,Male,clvr_cost_0.05_intro_0.2_4
219,15,C,9330,Male,clvr_cost_0.05_intro_0.2_4
220,16,C,9334,Male,clvr_cost_0.05_intro_0.2_4
221,17,C,9226,Male,clvr_cost_0.05_intro_0.2_4
222,18,C,9282,Male,clvr_cost_0.05_intro_0.2_4
223,19,C,9100,Male,clvr_cost_0.05_intro_0.2_4
224,20,C,9484,Male,clvr_cost_0.05_intro_0.2_4
225,21,C,9514,Male,clvr_cost_0.05_intro_0.2_4
226,22,C,9352,Male,clvr_cost_0.05_intro_0.2_4
227,23,C,9564,Male,clvr_cost_0.05_intro_0.2_4
228,24,C,9488,Male,clvr_cost_0.05_intro_0.2_4
229,25,C,9352,Male,clvr_cost_0.05_intro_0.2_4
230,26,C,9496,Male,clvr_cost_0.05_intro_0.2_4
231,27,C,9120,Male,clvr_cost_0.05_intro_0.2_4
232,28,C,9534,Male,clvr_cost_0.05_intro_0.2_4
233,29,C,9492,Male,clvr_cost_0.05_intro_0.2_4
234,30,C,9418,Male,clvr_cost_0.05_intro_0.2_4
235,31,C,9570,Male,clvr_cost_0.05_intro_0.2_4
236,32,C,9352,Male,clvr_cost_0.05_intro_0.2_4
237,33,C,9612,Male,clvr_cost_0.05_intro_0.2_4
238,34,C,9474,Male,clvr_cost_0.05_intro_0.2_4
239,35,C,9498,Male,clvr_cost_0.05_intro_0.2_4
240,36,C,9500,Male,clvr_cost_0.05_intro_0.2_4
241,37,C,9414,Male,clvr_cost_0.05_intro_0.2_4
242,38,C,9518,Male,clvr_cost_0.05_intro_0.2_4
243,39,C,9732,Male,clvr_cost_0.05_intro_0.2_4
244,40,C,9456,Male,clvr_cost_0.05_intro_0.2_4
245,41,C,9298,Male,clvr_cost_0.05_intro_0.2_4
246,42,C,9630,Male,clvr_cost_0.05_intro_0.2_4
247,43,C,9492,Male,clvr_cost_0.05_intro_0.2_4
248,44,C,9410,Male,clvr_cost_0.05_intro_0.2_4
249,45,C,9510,Male,clvr_cost_0.05_intro_0.2_4
250,46,C,9408,Male,clvr_cost_0.05_intro_0.2_4
251,47,C,9544,Male,clvr_cost_0.05_intro_0.2_4
252,48,C,9390,Male,clvr_cost_0.05_intro_0.2_4
253,49,C,9716,Male,clvr_cost_0.05_intro_0.2_4
254,50,C,9496,Male,clvr_cost_0.05_intro_0.2_4
255,0,A,10000,Male,clvr_cost_0.05_intro_0.2_4
256,1,A,7445,Male,clvr_cost_0.05_intro_0.2_4
257,2,A,6626,Male,clvr_cost_0.05_intro_0.2_4
258,3,A,5177,Male,clvr_cost_0.05_intro_0.2_4
259,4,A,3793,Male,clvr_cost_0.05_intro_0.2_4
260,5,A,2113,Male,clvr_cost_0.05_intro_0.2_4
261,6,A,866,Male,clvr_cost_0.05_intro_0.2_4
262,7,A,178,Male,clvr_cost_0.05_intro_0.2_4
263,8,A,10,Male,clvr_cost_0.05_intro_0.2_4
264,9,A,0,Male,clvr_cost_0.05_intro_0.2_4
265,10,A,0,Male,clvr_cost_0.05_intro_0.2_4
266,11,A,0,Male,clvr_cost_0.05_intro_0.2_4
267,12,A,0,Male,clvr_cost_0.05_intro_0.2_4
268,13,A,0,Male,clvr_cost_0.05_intro_0.2_4
269,14,A,0,Male,clvr_cost_0.05_intro_0.2_4
270,15,A,0,Male,clvr_cost_0.05_intro_0.2_4
271,16,A,0,Male,clvr_cost_0.05_intro_0.2_4
272,17,A,0,Male,clvr_cost_0.05_intro_0.2_4
273,18,A,0,Male,clvr_cost_0.05_intro_0.2_4
274,19,A,0,Male,clvr_cost_0.05_intro_0.2_4
275,20,A,0,Male,clvr_cost_0.05_intro_0.2_4
276,21,A,0,Male,clvr_cost_0.05_intro_0.2_4
277,22,A,0,Male,clvr_cost_0.05_intro_0.2_4
278,23,A,0,Male,clvr_cost_0.05_intro_0.2_4
279,24,A,0,Male,clvr_cost_0.05_intro_0.2_4
280,25,A,0,Male,clvr_cost_0.05_intro_0.2_4
281,26,A,0,Male,clvr_cost_0.05_intro_0.2_4
282,27,A,0,Male,clvr_cost_0.05_intro_0.2_4
283,28,A,0,Male,clvr_cost_0.05_intro_0.2_4
284,29,A,0,Male,clvr_cost_0.05_intro_0.2_4
285,30,A,0,Male,clvr_cost_0.05_intro_0.2_4
286,31,A,0,Male,clvr_cost_0.05_intro_0.2_4
287,32,A,0,Male,clvr_cost_0.05_intro_0.2_4
288,33,A,0,Male,clvr_cost_0.05_intro_0.2_4
289,34,A,0,Male,clvr_cost_0.05_intro_0.2_4
290,35,A,0,Male,clvr_cost_0.05_intro_0.2_4
291,36,A,0,Male,clvr_cost_0.05_intro_0.2_4
292,37,A,0,Male,clvr_cost_0.05_intro_0.2_4
293,38,A,0,Male,clvr_cost_0.05_intro_0.2_4
294,39,A,0,Male,clvr_cost_0.05_intro_0.2_4
295,40,A,0,Male,clvr_cost_0.05_intro_0.2_4
296,41,A,0,Male,clvr_cost_0.05_intro_0.2_4
297,42,A,0,Male,clvr_cost_0.05_intro_0.2_4
298,43,A,0,Male,clvr_cost_0.05_intro_0.2_4
299,44,A,0,Male,clvr_cost_0.05_intro_0.2_4
300,45,A,0,Male,clvr_cost_0.05_intro_0.2_4
301,46,A,0,Male,clvr_cost_0.05_intro_0.2_4
302,47,A,0,Male,clvr_cost_0.05_intro_0.2_4
303,48,A,0,Male,clvr_cost_0.05_intro_0.2_4
304,49,A,0,Male,clvr_cost_0.05_intro_0.2_4
305,50,A,0,Male,clvr_cost_0.05_intro_0.2_4
306,0,V,4000,Male,clvr_cost_0.05_intro_0.2_4
307,1,V,1273,Male,clvr_cost_0.05_intro_0.2_4
308,2,V,1891,Male,clvr_cost_0.05_intro_0.2_4
309,3,V,2532,Male,clvr_cost_0.05_intro_0.2_4
310,4,V,3473,Male,clvr_cost_0.05_intro_0.2_4
311,5,V,4603,Male,clvr_cost_0.05_intro_0.2_4
312,6,V,6156,Male,clvr_cost_0.05_intro_0.2_4
313,7,V,8021,Male,clvr_cost_0.05_intro_0.2_4
314,8,V,9052,Male,clvr_cost_0.05_intro_0.2_4
315,9,V,9388,Male,clvr_cost_0.05_intro_0.2_4
316,10,V,9370,Male,clvr_cost_0.05_intro_0.2_4
317,11,V,9616,Male,clvr_cost_0.05_intro_0.2_4
318,12,V,9344,Male,clvr_cost_0.05_intro_0.2_4
319,13,V,9312,Male,clvr_cost_0.05_intro_0.2_4
320,14,V,9326,Male,clvr_cost_0.05_intro_0.2_4
321,15,V,9330,Male,clvr_cost_0.05_intro_0.2_4
322,16,V,9334,Male,clvr_cost_0.05_intro_0.2_4
323,17,V,9226,Male,clvr_cost_0.05_intro_0.2_4
324,18,V,9282,Male,clvr_cost_0.05_intro_0.2_4
325,19,V,9100,Male,clvr_cost_0.05_intro_0.2_4
326,20,V,9484,Male,clvr_cost_0.05_intro_0.2_4
327,21,V,9514,Male,clvr_cost_0.05_intro_0.2_4
328,22,V,9352,Male,clvr_cost_0.05_intro_0.2_4
329,23,V,9564,Male,clvr_cost_0.05_intro_0.2_4
330,24,V,9488,Male,clvr_cost_0.05_intro_0.2_4
331,25,V,9352,Male,clvr_cost_0.05_intro_0.2_4
332,26,V,9496,Male,clvr_cost_0.05_intro_0.2_4
333,27,V,9120,Male,clvr_cost_0.05_intro_0.2_4
334,28,V,9534,Male,clvr_cost_0.05_intro_0.2_4
335,29,V,9492,Male,clvr_cost_0.05_intro_0.2_4
336,30,V,9418,Male,clvr_cost_0.05_intro_0.2_4
337,31,V,9570,Male,clvr_cost_0.05_intro_0.2_4
338,32,V,9352,Male,clvr_cost_0.05_intro_0.2_4
339,33,V,9612,Male,clvr_cost_0.05_intro_0.2_4
340,34,V,9474,Male,clvr_cost_0.05_intro_0.2_4
341,35,V,9498,Male,clvr_cost_0.05_intro_0.2_4
342,36,V,9500,Male,clvr_cost_0.05_intro_0.2_4
343,37,V,9414,Male,clvr_cost_0.05_intro_0.2_4
344,38,V,9518,Male,clvr_cost_0.05_intro_0.2_4
345,39,V,9732,Male,clvr_cost_0.05_intro_0.2_4
346,40,V,9456,Male,clvr_cost_0.05_intro_0.2_4
347,41,V,9298,Male,clvr_cost_0.05_intro_0.2_4
348,42,V,9630,Male,clvr_cost_0.05_intro_0.2_4
349,43,V,9492,Male,clvr_cost_0.05_intro_0.2_4
350,44,V,9410,Male,clvr_cost_0.05_intro_0.2_4
351,45,V,9510,Male,clvr_cost_0.05_intro_0.2_4
352,46,V,9408,Male,clvr_cost_0.05_intro_0.2_4
353,47,V,9544,Male,clvr_cost_0.05_intro_0.2_4
354,48,V,9390,Male,clvr_cost_0.05_intro_0.2_4
355,49,V,9716,Male,clvr_cost_0.05_intro_0.2_4
356,50,V,9496,Male,clvr_cost_0.05_intro_0.2_4
357,0,W,10000,Male,clvr_cost_0.05_intro_0.2_4
358,1,W,7445,Male,clvr_cost_0.05_intro_0.2_4
359,2,W,6579,Male,clvr_cost_0.05_intro_0.2_4
360,3,W,5130,Male,clvr_cost_0.05_intro_0.2_4
361,4,W,3721,Male,clvr_cost_0.05_intro_0.2_4
362,5,W,2037,Male,clvr_cost_0.05_intro_0.2_4
363,6,W,798,Male,clvr_cost_0.05_intro_0.2_4
364,7,W,155,Male,clvr_cost_0.05_intro_0.2_4
365,8,W,6,Male,clvr_cost_0.05_intro_0.2_4
366,9,W,0,Male,clvr_cost_0.05_intro_0.2_4
367,10,W,0,Male,clvr_cost_0.05_intro_0.2_4
368,11,W,0,Male,clvr_cost_0.05_intro_0.2_4
369,12,W,0,Male,clvr_cost_0.05_intro_0.2_4
370,13,W,0,Male,clvr_cost_0.05_intro_0.2_4
371,14,W,0,Male,clvr_cost_0.05_intro_0.2_4
372,15,W,0,Male,clvr_cost_0.05_intro_0.2_4
373,16,W,0,Male,clvr_cost_0.05_intro_0.2_4
374,17,W,0,Male,clvr_cost_0.05_intro_0.2_4
375,18,W,0,Male,clvr_cost_0.05_intro_0.2_4
376,19,W,0,Male,clvr_cost_0.05_intro_0.2_4
377,20,W,0,Male,clvr_cost_0.05_intro_0.2_4
378,21,W,0,Male,clvr_cost_0.05_intro_0.2_4
379,22,W,0,Male,clvr_cost_0.05_intro_0.2_4
380,23,W,0,Male,clvr_cost_0.05_intro_0.2_4
381,24,W,0,Male,clvr_cost_0.05_intro_0.2_4
382,25,W,0,Male,clvr_cost_0.05_intro_0.2_4
383,26,W,0,Male,clvr_cost_0.05_intro_0.2_4
384,27,W,0,Male,clvr_cost_0.05_intro_0.2_4
385,28,W,0,Male,clvr_cost_0.05_intro_0.2_4
386,29,W,0,Male,clvr_cost_0.05_intro_0.2_4
387,30,W,0,Male,clvr_cost_0.05_intro_0.2_4
388,31,W,0,Male,clvr_cost_0.05_intro_0.2_4
389,32,W,0,Male,clvr_cost_0.05_intro_0.2_4
390,33,W,0,Male,clvr_cost_0.05_intro_0.2_4
391,34,W,0,Male,clvr_cost_0.05_intro_0.2_4
392,35,W,0,Male,clvr_cost_0.05_intro_0.2_4
393,36,W,0,Male,clvr_cost_0.05_intro_0.2_4
394,37,W,0,Male,clvr_cost_0.05_intro_0.2_4
395,38,W,0,Male,clvr_cost_0.05_intro_0.2_4
396,39,W,0,Male,clvr_cost_0.05_intro_0.2_4
397,40,W,0,Male,clvr_cost_0.05_intro_0.2_4
398,41,W,0,Male,clvr_cost_0.05_intro_0.2_4
399,42,W,0,Male,clvr_cost_0.05_intro_0.2_4
400,43,W,0,Male,clvr_cost_0.05_intro_0.2_4
401,44,W,0,Male,clvr_cost_0.05_intro_0.2_4
402,45,W,0,Male,clvr_cost_0.05_intro_0.2_4
403,46,W,0,Male,clvr_cost_0.05_intro_0.2_4
404,47,W,0,Male,clvr_cost_0.05_intro_0.2_4
405,48,W,0,Male,clvr_cost_0.05_intro_0.2_4
406,49,W,0,Male,clvr_cost_0.05_intro_0.2_4
407,50,W,0,Male,clvr_cost_0.05_intro_0.2_4
,Generation,Allele,Count,Sex,Run
0,0,C,0,Female,clvr_cost_0.05_intro_0.2_5
1,1,C,1238,Female,clvr_cost_0.05_intro_0.2_5
2,2,C,1750,Female,clvr_cost_0.05_intro_0.2_5
3,3,C,2358,Female,clvr_cost_0.05_intro_0.2_5
4,4,C,3249,Female,clvr_cost_0.05_intro_0.2_5
5,5,C,4513,Female,clvr_cost_0.05_intro_0.2_5
6,6,C,5653,Female,clvr_cost_0.05_intro_0.2_5
7,7,C,7447,Female,clvr_cost_0.05_intro_0.2_5
8,8,C,8657,Female,clvr_cost_0.05_intro_0.2_5
9,9,C,9247,Female,clvr_cost_0.05_intro_0.2_5
10,10,C,9444,Female,clvr_cost_0.05_intro_0.2_5
11,11,C,9350,Female,clvr_cost_0.05_intro_0.2_5
12,12,C,9296,Female,clvr_cost_0.05_intro_0.2_5
13,13,C,9358,Female,clvr_cost_0.05_intro_0.2_5
14,14,C,9432,Female,clvr_cost_0.05_intro_0.2_5
15,15,C,9262,Female,clvr_cost_0.05_intro_0.2_5
16,16,C,9386,Female,clvr_cost_0.05_intro_0.2_5
17,17,C,9254,Female,clvr_cost_0.05_intro_0.2_5
18,18,C,9124,Female,clvr_cost_0.05_intro_0.2_5
19,19,C,9006,Female,clvr_cost_0.05_intro_0.2_5
20,20,C,9252,Female,clvr_cost_0.05_intro_0.2_5
21,21,C,9536,Female,clvr_cost_0.05_intro_0.2_5
22,22,C,9364,Female,clvr_cost_0.05_intro_0.2_5
23,23,C,9308,Female,clvr_cost_0.05_intro_0.2_5
24,24,C,9440,Female,clvr_cost_0.05_intro_0.2_5
25,25,C,9376,Female,clvr_cost_0.05_intro_0.2_5
26,26,C,9512,Female,clvr_cost_0.05_intro_0.2_5
27,27,C,9500,Female,clvr_cost_0.05_intro_0.2_5
28,28,C,9428,Female,clvr_cost_0.05_intro_0.2_5
29,29,C,9230,Female,clvr_cost_0.05_intro_0.2_5
30,30,C,9184,Female,clvr_cost_0.05_intro_0.2_5
31,31,C,9524,Female,clvr_cost_0.05_intro_0.2_5
32,32,C,9262,Female,clvr_cost_0.05_intro_0.2_5
33,33,C,9412,Female,clvr_cost_0.05_intro_0.2_5
34,34,C,9484,Female,clvr_cost_0.05_intro_0.2_5
35,35,C,9328,Female,clvr_cost_0.05_intro_0.2_5
36,36,C,9156,Female,clvr_cost_0.05_intro_0.2_5
37,37,C,9224,Female,clvr_cost_0.05_intro_0.2_5
38,38,C,9210,Female,clvr_cost_0.05_intro_0.2_5
39,39,C,8986,Female,clvr_cost_0.05_intro_0.2_5
40,40,C,8906,Female,clvr_cost_0.05_intro_0.2_5
41,41,C,9372,Female,clvr_cost_0.05_intro_0.2_5
42,42,C,9320,Female,clvr_cost_0.05_intro_0.2_5
43,43,C,8962,Female,clvr_cost_0.05_intro_0.2_5
44,44,C,8990,Female,clvr_cost_0.05_intro_0.2_5
45,45,C,9180,Female,clvr_cost_0.05_intro_0.2_5
46,46,C,9264,Female,clvr_cost_0.05_intro_0.2_5
47,47,C,9056,Female,clvr_cost_0.05_intro_0.2_5
48,48,C,9238,Female,clvr_cost_0.05_intro_0.2_5
49,49,C,9498,Female,clvr_cost_0.05_intro_0.2_5
50,50,C,9346,Female,clvr_cost_0.05_intro_0.2_5
51,0,A,10000,Female,clvr_cost_0.05_intro_0.2_5
52,1,A,7248,Female,clvr_cost_0.05_intro_0.2_5
53,2,A,6402,Female,clvr_cost_0.05_intro_0.2_5
54,3,A,5114,Female,clvr_cost_0.05_intro_0.2_5
55,4,A,3655,Female,clvr_cost_0.05_intro_0.2_5
56,5,A,2393,Female,clvr_cost_0.05_intro_0.2_5
57,6,A,907,Female,clvr_cost_0.05_intro_0.2_5
58,7,A,267,Female,clvr_cost_0.05_intro_0.2_5
59,8,A,25,Female,clvr_cost_0.05_intro_0.2_5
60,9,A,1,Female,clvr_cost_0.05_intro_0.2_5
61,10,A,0,Female,clvr_cost_0.05_intro_0.2_5
62,11,A,0,Female,clvr_cost_0.05_intro_0.2_5
63,12,A,0,Female,clvr_cost_0.05_intro_0.2_5
64,13,A,0,Female,clvr_cost_0.05_intro_0.2_5
65,14,A,0,Female,clvr_cost_0.05_intro_0.2_5
66,15,A,0,Female,clvr_cost_0.05_intro_0.2_5
67,16,A,0,Female,clvr_cost_0.05_intro_0.2_5
68,17,A,0,Female,clvr_cost_0.05_intro_0.2_5
69,18,A,0,Female,clvr_cost_0.05_intro_0.2_5
70,19,A,0,Female,clvr_cost_0.05_intro_0.2_5
71,20,A,0,Female,clvr_cost_0.05_intro_0.2_5
72,21,A,0,Female,clvr_cost_0.05_intro_0.2_5
73,22,A,0,Female,clvr_cost_0.05_intro_0.2_5
74,23,A,0,Female,clvr_cost_0.05_intro_0.2_5
75,24,A,0,Female,clvr_cost_0.05_intro_0.2_5
76,25,A,0,Female,clvr_cost_0.05_intro_0.2_5
77,26,A,0,Female,clvr_cost_0.05_intro_0.2_5
78,27,A,0,Female,clvr_cost_0.05_intro_0.2_5
79,28,A,0,Female,clvr_cost_0.05_intro_0.2_5
80,29,A,0,Female,clvr_cost_0.05_intro_0.2_5
81,30,A,0,Female,clvr_cost_0.05_intro_0.2_5
82,31,A,0,Female,clvr_cost_0.05_intro_0.2_5
83,32,A,0,Female,clvr_cost_0.05_intro_0.2_5
84,33,A,0,Female,clvr_cost_0.05_intro_0.2_5
85,34,A,0,Female,clvr_cost_0.05_intro_0.2_5
86,35,A,0,Female,clvr_cost_0.05_intro_0.2_5
87,36,A,0,Female,clvr_cost_0.05_intro_0.2_5
88,37,A,0,Female,clvr_cost_0.05_intro_0.2_5
89,38,A,0,Female,clvr_cost_0.05_intro_0.2_5
90,39,A,0,Female,clvr_cost_0.05_intro_0.2_5
91,40,A,0,Female,clvr_cost_0.05_intro_0.2_5
92,41,A,0,Female,clvr_cost_0.05_intro_0.2_5
93,42,A,0,Female,clvr_cost_0.05_intro_0.2_5
94,43,A,0,Female,clvr_cost_0.05_intro_0.2_5
95,44,A,0,Female,clvr_cost_0.05_intro_0.2_5
96,45,A,0,Female,clvr_cost_0.05_intro_0.2_5
97,46,A,0,Female,clvr_cost_0.05_intro_0.2_5
98,47,A,0,Female,clvr_cost_0.05_intro_0.2_5
99,48,A,0,Female,clvr_cost_0.05_intro_0.2_5
100,49,A,0,Female,clvr_cost_0.05_intro_0.2_5
101,50,A,0,Female,clvr_cost_0.05_intro_0.2_5
102,0,V,0,Female,clvr_cost_0.05_intro_0.2_5
103,1,V,1238,Female,clvr_cost_0.05_intro_0.2_5
104,2,V,1798,Female,clvr_cost_0.05_intro_0.2_5
105,3,V,2408,Female,clvr_cost_0.05_intro_0.2_5
106,4,V,3306,Female,clvr_cost_0.05_intro_0.2_5
107,5,V,4606,Female,clvr_cost_0.05_intro_0.2_5
108,6,V,5723,Female,clvr_cost_0.05_intro_0.2_5
109,7,V,7474,Female,clvr_cost_0.05_intro_0.2_5
110,8,V,8674,Female,clvr_cost_0.05_intro_0.2_5
111,9,V,9248,Female,clvr_cost_0.05_intro_0.2_5
112,10,V,9444,Female,clvr_cost_0.05_intro_0.2_5
113,11,V,9350,Female,clvr_cost_0.05_intro_0.2_5
114,12,V,9296,Female,clvr_cost_0.05_intro_0.2_5
115,13,V,9358,Female,clvr_cost_0.05_intro_0.2_5
116,14,V,9432,Female,clvr_cost_0.05_intro_0.2_5
117,15,V,9262,Female,clvr_cost_0.05_intro_0.2_5
118,16,V,9386,Female,clvr_cost_0.05_intro_0.2_5
119,17,V,9254,Female,clvr_cost_0.05_intro_0.2_5
120,18,V,9124,Female,clvr_cost_0.05_intro_0.2_5
121,19,V,9006,Female,clvr_cost_0.05_intro_0.2_5
122,20,V,9252,Female,clvr_cost_0.05_intro_0.2_5
123,21,V,9536,Female,clvr_cost_0.05_intro_0.2_5
124,22,V,9364,Female,clvr_cost_0.05_intro_0.2_5
125,23,V,9308,Female,clvr_cost_0.05_intro_0.2_5
126,24,V,9440,Female,clvr_cost_0.05_intro_0.2_5
127,25,V,9376,Female,clvr_cost_0.05_intro_0.2_5
128,26,V,9512,Female,clvr_cost_0.05_intro_0.2_5
129,27,V,9500,Female,clvr_cost_0.05_intro_0.2_5
130,28,V,9428,Female,clvr_cost_0.05_intro_0.2_5
131,29,V,9230,Female,clvr_cost_0.05_intro_0.2_5
132,30,V,9184,Female,clvr_cost_0.05_intro_0.2_5
133,31,V,9524,Female,clvr_cost_0.05_intro_0.2_5
134,32,V,9262,Female,clvr_cost_0.05_intro_0.2_5
135,33,V,9412,Female,clvr_cost_0.05_intro_0.2_5
136,34,V,9484,Female,clvr_cost_0.05_intro_0.2_5
137,35,V,9328,Female,clvr_cost_0.05_intro_0.2_5
138,36,V,9156,Female,clvr_cost_0.05_intro_0.2_5
139,37,V,9224,Female,clvr_cost_0.05_intro_0.2_5
140,38,V,9210,Female,clvr_cost_0.05_intro_0.2_5
141,39,V,8986,Female,clvr_cost_0.05_intro_0.2_5
142,40,V,8906,Female,clvr_cost_0.05_intro_0.2_5
143,41,V,9372,Female,clvr_cost_0.05_intro_0.2_5
144,42,V,9320,Female,clvr_cost_0.05_intro_0.2_5
145,43,V,8962,Female,clvr_cost_0.05_intro_0.2_5
146,44,V,8990,Female,clvr_cost_0.05_intro_0.2_5
147,45,V,9180,Female,clvr_cost_0.05_intro_0.2_5
148,46,V,9264,Female,clvr_cost_0.05_intro_0.2_5
149,47,V,9056,Female,clvr_cost_0.05_intro_0.2_5
150,48,V,9238,Female,clvr_cost_0.05_intro_0.2_5
151,49,V,9498,Female,clvr_cost_0.05_intro_0.2_5
152,50,V,9346,Female,clvr_cost_0.05_intro_0.2_5
153,0,W,10000,Female,clvr_cost_0.05_intro_0.2_5
154,1,W,7248,Female,clvr_cost_0.05_intro_0.2_5
155,2,W,6354,Female,clvr_cost_0.05_intro_0.2_5
156,3,W,5064,Female,clvr_cost_0.05_intro_0.2_5
157,4,W,3598,Female,clvr_cost_0.05_intro_0.2_5
158,5,W,2300,Female,clvr_cost_0.05_intro_0.2_5
159,6,W,837,Female,clvr_cost_0.05_intro_0.2_5
160,7,W,240,Female,clvr_cost_0.05_intro_0.2_5
161,8,W,8,Female,clvr_cost_0.05_intro_0.2_5
162,9,W,0,Female,clvr_cost_0.05_intro_0.2_5
163,10,W,0,Female,clvr_cost_0.05_intro_0.2_5
164,11,W,0,Female,clvr_cost_0.05_intro_0.2_5
165,12,W,0,Female,clvr_cost_0.05_intro_0.2_5
166,13,W,0,Female,clvr_cost_0.05_intro_0.2_5
167,14,W,0,Female,clvr_cost_0.05_intro_0.2_5
168,15,W,0,Female,clvr_cost_0.05_intro_0.2_5
169,16,W,0,Female,clvr_cost_0.05_intro_0.2_5
170,17,W,0,Female,clvr_cost_0.05_intro_0.2_5
171,18,W,0,Female,clvr_cost_0.05_intro_0.2_5
172,19,W,0,Female,clvr_cost_0.05_intro_0.2_5
173,20,W,0,Female,clvr_cost_0.05_intro_0.2_5
174,21,W,0,Female,clvr_cost_0.05_intro_0.2_5
175,22,W,0,Female,clvr_cost_0.05_intro_0.2_5
176,23,W,0,Female,clvr_cost_0.05_intro_0.2_5
177,24,W,0,Female,clvr_cost_0.05_intro_0.2_5
178,25,W,0,Female,clvr_cost_0.05_intro_0.2_5
179,26,W,0,Female,clvr_cost_0.05_intro_0.2_5
180,27,W,0,Female,clvr_cost_0.05_intro_0.2_5
181,28,W,0,Female,clvr_cost_0.05_intro_0.2_5
182,29,W,0,Female,clvr_cost_0.05_intro_0.2_5
183,30,W,0,Female,clvr_cost_0.05_intro_0.2_5
184,31,W,0,Female,clvr_cost_0.05_intro_0.2_5
185,32,W,0,Female,clvr_cost_0.05_intro_0.2_5
186,33,W,0,Female,clvr_cost_0.05_intro_0.2_5
187,34,W,0,Female,clvr_cost_0.05_intro_0.2_5
188,35,W,0,Female,clvr_cost_0.05_intro_0.2_5
189,36,W,0,Female,clvr_cost_0.05_intro_0.2_5
190,37,W,0,Female,clvr_cost_0.05_intro_0.2_5
191,38,W,0,Female,clvr_cost_0.05_intro_0.2_5
192,39,W,0,Female,clvr_cost_0.05_intro_0.2_5
193,40,W,0,Female,clvr_cost_0.05_intro_0.2_5
194,41,W,0,Female,clvr_cost_0.05_intro_0.2_5
195,42,W,0,Female,clvr_cost_0.05_intro_0.2_5
196,43,W,0,Female,clvr_cost_0.05_intro_0.2_5
197,44,W,0,Female,clvr_cost_0.05_intro_0.2_5
198,45,W,0,Female,clvr_cost_0.05_intro_0.2_5
199,46,W,0,Female,clvr_cost_0.05_intro_0.2_5
200,47,W,0,Female,clvr_cost_0.05_intro_0.2_5
201,48,W,0,Female,clvr_cost_0.05_intro_0.2_5
202,49,W,0,Female,clvr_cost_0.05_intro_0.2_5
203,50,W,0,Female,clvr_cost_0.05_intro_0.2_5
204,0,C,4000,Male,clvr_cost_0.05_intro_0.2_5
205,1,C,1264,Male,clvr_cost_0.05_intro_0.2_5
206,2,C,1776,Male,clvr_cost_0.05_intro_0.2_5
207,3,C,2482,Male,clvr_cost_0.05_intro_0.2_5
208,4,C,3201,Male,clvr_cost_0.05_intro_0.2_5
209,5,C,4545,Male,clvr_cost_0.05_intro_0.2_5
210,6,C,5807,Male,clvr_cost_0.05_intro_0.2_5
211,7,C,7552,Male,clvr_cost_0.05_intro_0.2_5
212,8,C,8728,Male,clvr_cost_0.05_intro_0.2_5
213,9,C,9357,Male,clvr_cost_0.05_intro_0.2_5
214,10,C,9448,Male,clvr_cost_0.05_intro_0.2_5
215,11,C,9510,Male,clvr_cost_0.05_intro_0.2_5
216,12,C,9382,Male,clvr_cost_0.05_intro_0.2_5
217,13,C,9362,Male,clvr_cost_0.05_intro_0.2_5
218,14,C,9460,Male,clvr_cost_0.05_intro_0.2_5
219,15,C,9456,Male,clvr_cost_0.05_intro_0.2_5
220,16,C,9462,Male,clvr_cost_0.05_intro_0.2_5
221,17,C,9450,Male,clvr_cost_0.05_intro_0.2_5
222,18,C,9454,Male,clvr_cost_0.05_intro_0.2_5
223,19,C,9290,Male,clvr_cost_0.05_intro_0.2_5
224,20,C,9334,Male,clvr_cost_0.05_intro_0.2_5
225,21,C,9600,Male,clvr_cost_0.05_intro_0.2_5
226,22,C,9568,Male,clvr_cost_0.05_intro_0.2_5
227,23,C,9398,Male,clvr_cost_0.05_intro_0.2_5
228,24,C,9466,Male,clvr_cost_0.05_intro_0.2_5
229,25,C,9586,Male,clvr_cost_0.05_intro_0.2_5
230,26,C,9558,Male,clvr_cost_0.05_intro_0.2_5
231,27,C,9504,Male,clvr_cost_0.05_intro_0.2_5
232,28,C,9502,Male,clvr_cost_0.05_intro_0.2_5
233,29,C,9394,Male,clvr_cost_0.05_intro_0.2_5
234,30,C,9262,Male,clvr_cost_0.05_intro_0.2_5
235,31,C,9646,Male,clvr_cost_0.05_intro_0.2_5
236,32,C,9428,Male,clvr_cost_0.05_intro_0.2_5
237,33,C,9664,Male,clvr_cost_0.05_intro_0.2_5
238,34,C,9500,Male,clvr_cost_0.05_intro_0.2_5
239,35,C,9422,Male,clvr_cost_0.05_intro_0.2_5
240,36,C,9328,Male,clvr_cost_0.05_intro_0.2_5
241,37,C,9428,Male,clvr_cost_0.05_intro_0.2_5
242,38,C,9590,Male,clvr_cost_0.05_intro_0.2_5
243,39,C,9580,Male,clvr_cost_0.05_intro_0.2_5
244,40,C,9078,Male,clvr_cost_0.05_intro_0.2_5
245,41,C,9408,Male,clvr_cost_0.05_intro_0.2_5
246,42,C,9460,Male,clvr_cost_0.05_intro_0.2_5
247,43,C,9396,Male,clvr_cost_0.05_intro_0.2_5
248,44,C,9374,Male,clvr_cost_0.05_intro_0.2_5
249,45,C,9470,Male,clvr_cost_0.05_intro_0.2_5
250,46,C,9420,Male,clvr_cost_0.05_intro_0.2_5
251,47,C,9626,Male,clvr_cost_0.05_intro_0.2_5
252,48,C,9294,Male,clvr_cost_0.05_intro_0.2_5
253,49,C,9706,Male,clvr_cost_0.05_intro_0.2_5
254,50,C,9378,Male,clvr_cost_0.05_intro_0.2_5
255,0,A,10000,Male,clvr_cost_0.05_intro_0.2_5
256,1,A,7392,Male,clvr_cost_0.05_intro_0.2_5
257,2,A,6574,Male,clvr_cost_0.05_intro_0.2_5
258,3,A,5376,Male,clvr_cost_0.05_intro_0.2_5
259,4,A,3791,Male,clvr_cost_0.05_intro_0.2_5
260,5,A,2365,Male,clvr_cost_0.05_intro_0.2_5
261,6,A,1021,Male,clvr_cost_0.05_intro_0.2_5
262,7,A,244,Male,clvr_cost_0.05_intro_0.2_5
263,8,A,20,Male,clvr_cost_0.05_intro_0.2_5
264,9,A,1,Male,clvr_cost_0.05_intro_0.2_5
265,10,A,0,Male,clvr_cost_0.05_intro_0.2_5
266,11,A,0,Male,clvr_cost_0.05_intro_0.2_5
267,12,A,0,Male,clvr_cost_0.05_intro_0.2_5
268,13,A,0,Male,clvr_cost_0.05_intro_0.2_5
269,14,A,0,Male,clvr_cost_0.05_intro_0.2_5
270,15,A,0,Male,clvr_cost_0.05_intro_0.2_5
271,16,A,0,Male,clvr_cost_0.05_intro_0.2_5
272,17,A,0,Male,clvr_cost_0.05_intro_0.2_5
273,18,A,0,Male,clvr_cost_0.05_intro_0.2_5
274,19,A,0,Male,clvr_cost_0.05_intro_0.2_5
275,20,A,0,Male,clvr_cost_0.05_intro_0.2_5
276,21,A,0,Male,clvr_cost_0.05_intro_0.2_5
277,22,A,0,Male,clvr_cost_0.05_intro_0.2_5
278,23,A,0,Male,clvr_cost_0.05_intro_0.2_5
279,24,A,0,Male,clvr_cost_0.05_intro_0.2_5
280,25,A,0,Male,clvr_cost_0.05_intro_0.2_5
281,26,A,0,Male,clvr_cost_0.05_intro_0.2_5
282,27,A,0,Male,clvr_cost_0.05_intro_0.2_5
283,28,A,0,Male,clvr_cost_0.05_intro_0.2_5
284,29,A,0,Male,clvr_cost_0.05_intro_0.2_5
285,30,A,0,Male,clvr_cost_0.05_intro_0.2_5
286,31,A,0,Male,clvr_cost_0.05_intro_0.2_5
287,32,A,0,Male,clvr_cost_0.05_intro_0.2_5
288,33,A,0,Male,clvr_cost_0.05_intro_0.2_5
289,34,A,0,Male,clvr_cost_0.05_intro_0.2_5
290,35,A,0,Male,clvr_cost_0.05_intro_0.2_5
291,36,A,0,Male,clvr_cost_0.05_intro_0.2_5
292,37,A,0,Male,clvr_cost_0.05_intro_0.2_5
293,38,A,0,Male,clvr_cost_0.05_intro_0.2_5
294,39,A,0,Male,clvr_cost_0.05_intro_0.2_5
295,40,A,0,Male,clvr_cost_0.05_intro_0.2_5
296,41,A,0,Male,clvr_cost_0.05_intro_0.2_5
297,42,A,0,Male,clvr_cost_0.05_intro_0.2_5
298,43,A,0,Male,clvr_cost_0.05_intro_0.2_5
299,44,A,0,Male,clvr_cost_0.05_intro_0.2_5
300,45,A,0,Male,clvr_cost_0.05_intro_0.2_5
301,46,A,0,Male,clvr_cost_0.05_intro_0.2_5
302,47,A,0,Male,clvr_cost_0.05_intro_0.2_5
303,48,A,0,Male,clvr_cost_0.05_intro_0.2_5
304,49,A,0,Male,clvr_cost_0.05_intro_0.2_5
305,50,A,0,Male,clvr_cost_0.05_intro_0.2_5
306,0,V,4000,Male,clvr_cost_0.05_intro_0.2_5
307,1,V,1264,Male,clvr_cost_0.05_intro_0.2_5
308,2,V,1827,Male,clvr_cost_0.05_intro_0.2_5
309,3,V,2521,Male,clvr_cost_0.05_intro_0.2_5
310,4,V,3269,Male,clvr_cost_0.05_intro_0.2_5
311,5,V,4606,Male,clvr_cost_0.05_intro_0.2_5
312,6,V,5881,Male,clvr_cost_0.05_intro_0.2_5
313,7,V,7585,Male,clvr_cost_0.05_intro_0.2_5
314,8,V,8738,Male,clvr_cost_0.05_intro_0.2_5
315,9,V,9357,Male,clvr_cost_0.05_intro_0.2_5
316,10,V,9448,Male,clvr_cost_0.05_intro_0.2_5
317,11,V,9510,Male,clvr_cost_0.05_intro_0.2_5
318,12,V,9382,Male,clvr_cost_0.05_intro_0.2_5
319,13,V,9362,Male,clvr_cost_0.05_intro_0.2_5
320,14,V,9460,Male,clvr_cost_0.05_intro_0.2_5
321,15,V,9456,Male,clvr_cost_0.05_intro_0.2_5
322,16,V,9462,Male,clvr_cost_0.05_intro_0.2_5
323,17,V,9450,Male,clvr_cost_0.05_intro_0.2_5
324,18,V,9454,Male,clvr_cost_0.05_intro_0.2_5
325,19,V,9290,Male,clvr_cost_0.05_intro_0.2_5
326,20,V,9334,Male,clvr_cost_0.05_intro_0.2_5
327,21,V,9600,Male,clvr_cost_0.05_intro_0.2_5
328,22,V,9568,Male,clvr_cost_0.05_intro_0.2_5
329,23,V,9398,Male,clvr_cost_0.05_intro_0.2_5
330,24,V,9466,Male,clvr_cost_0.05_intro_0.2_5
331,25,V,9586,Male,clvr_cost_0.05_intro_0.2_5
332,26,V,9558,Male,clvr_cost_0.05_intro_0.2_5
333,27,V,9504,Male,clvr_cost_0.05_intro_0.2_5
334,28,V,9502,Male,clvr_cost_0.05_intro_0.2_5
335,29,V,9394,Male,clvr_cost_0.05_intro_0.2_5
336,30,V,9262,Male,clvr_cost_0.05_intro_0.2_5
337,31,V,9646,Male,clvr_cost_0.05_intro_0.2_5
338,32,V,9428,Male,clvr_cost_0.05_intro_0.2_5
339,33,V,9664,Male,clvr_cost_0.05_intro_0.2_5
340,34,V,9500,Male,clvr_cost_0.05_intro_0.2_5
341,35,V,9422,Male,clvr_cost_0.05_intro_0.2_5
342,36,V,9328,Male,clvr_cost_0.05_intro_0.2_5
343,37,V,9428,Male,clvr_cost_0.05_intro_0.2_5
344,38,V,9590,Male,clvr_cost_0.05_intro_0.2_5
345,39,V,9580,Male,clvr_cost_0.05_intro_0.2_5
346,40,V,9078,Male,clvr_cost_0.05_intro_0.2_5
347,41,V,9408,Male,clvr_cost_0.05_intro_0.2_5
348,42,V,9460,Male,clvr_cost_0.05_intro_0.2_5
349,43,V,9396,Male,clvr_cost_0.05_intro_0.2_5
350,44,V,9374,Male,clvr_cost_0.05_intro_0.2_5
351,45,V,9470,Male,clvr_cost_0.05_intro_0.2_5
352,46,V,9420,Male,clvr_cost_0.05_intro_0.2_5
353,47,V,9626,Male,clvr_cost_0.05_intro_0.2_5
354,48,V,9294,Male,clvr_cost_0.05_intro_0.2_5
355,49,V,9706,Male,clvr_cost_0.05_intro_0.2_5
356,50,V,9378,Male,clvr_cost_0.05_intro_0.2_5
357,0,W,10000,Male,clvr_cost_0.05_intro_0.2_5
358,1,W,7392,Male,clvr_cost_0.05_intro_0.2_5
359,2,W,6523,Male,clvr_cost_0.05_intro_0.2_5
360,3,W,5337,Male,clvr_cost_0.05_intro_0.2_5
361,4,W,3723,Male,clvr_cost_0.05_intro_0.2_5
362,5,W,2304,Male,clvr_cost_0.05_intro_0.2_5
363,6,W,947,Male,clvr_cost_0.05_intro_0.2_5
364,7,W,211,Male,clvr_cost_0.05_intro_0.2_5
365,8,W,10,Male,clvr_cost_0.05_intro_0.2_5
366,9,W,1,Male,clvr_cost_0.05_intro_0.2_5
367,10,W,0,Male,clvr_cost_0.05_intro_0.2_5
368,11,W,0,Male,clvr_cost_0.05_intro_0.2_5
369,12,W,0,Male,clvr_cost_0.05_intro_0.2_5
370,13,W,0,Male,clvr_cost_0.05_intro_0.2_5
371,14,W,0,Male,clvr_cost_0.05_intro_0.2_5
372,15,W,0,Male,clvr_cost_0.05_intro_0.2_5
373,16,W,0,Male,clvr_cost_0.05_intro_0.2_5
374,17,W,0,Male,clvr_cost_0.05_intro_0.2_5
375,18,W,0,Male,clvr_cost_0.05_intro_0.2_5
376,19,W,0,Male,clvr_cost_0.05_intro_0.2_5
377,20,W,0,Male,clvr_cost_0.05_intro_0.2_5
378,21,W,0,Male,clvr_cost_0.05_intro_0.2_5
379,22,W,0,Male,clvr_cost_0.05_intro_0.2_5
380,23,W,0,Male,clvr_cost_0.05_intro_0.2_5
381,24,W,0,Male,clvr_cost_0.05_intro_0.2_5
382,25,W,0,Male,clvr_cost_0.05_intro_0.2_5
383,26,W,0,Male,clvr_cost_0.05_intro_0.2_5
384,27,W,0,Male,clvr_cost_0.05_intro_0.2_5
385,28,W,0,Male,clvr_cost_0.05_intro_0.2_5
386,29,W,0,Male,clvr_cost_0.05_intro_0.2_5
387,30,W,0,Male,clvr_cost_0.05_intro_0.2_5
388,31,W,0,Male,clvr_cost_0.05_intro_0.2_5
389,32,W,0,Male,clvr_cost_0.05_intro_0.2_5
390,33,W,0,Male,clvr_cost_0.05_intro_0.2_5
391,34,W,0,Male,clvr_cost_0.05_intro_0.2_5
392,35,W,0,Male,clvr_cost_0.05_intro_0.2_5
393,36,W,0,Male,clvr_cost_0.05_intro_0.2_5
394,37,W,0,Male,clvr_cost_0.05_intro_0.2_5
395,38,W,0,Male,clvr_cost_0.05_intro_0.2_5
396,39,W,0,Male,clvr_cost_0.05_intro_0.2_5
397,40,W,0,Male,clvr_cost_0.05_intro_0.2_5
398,41,W,0,Male,clvr_cost_0.05_intro_0.2_5
399,42,W,0,Male,clvr_cost_0.05_intro_0.2_5
400,43,W,0,Male,clvr_cost_0.05_intro_0.2_5
401,44,W,0,Male,clvr_cost_0.05_intro_0.2_5
402,45,W,0,Male,clvr_cost_0.05_intro_0.2_5
403,46,W,0,Male,clvr_cost_0.05_intro_0.2_5
404,47,W,0,Male,clvr_cost_0.05_intro_0.2_5
405,48,W,0,Male,clvr_cost_0.05_intro_0.2_5
406,49,W,0,Male,clvr_cost_0.05_intro_0.2_5
407,50,W,0,Male,clvr_cost_0.05_intro_0.2_5
,Generation,Allele,Count,Sex,Run
0,0,C,0,Female,clvr_cost_0.05_intro_0.2_6
1,1,C,1229,Female,clvr_cost_0.05_intro_0.2_6
2,2,C,1749,Female,clvr_cost_0.05_intro_0.2_6
3,3,C,2469,Female,clvr_cost_0.05_intro_0.2_6
4,4,C,3522,Female,clvr_cost_0.05_intro_0.2_6
5,5,C,4468,Female,clvr_cost_0.05_intro_0.2_6
6,6,C,6035,Female,clvr_cost_0.05_intro_0.2_6
7,7,C,7764,Female,clvr_cost_0.05_intro_0.2_6
8,8,C,8820,Female,clvr_cost_0.05_intro_0.2_6
9,9,C,9175,Female,clvr_cost_0.05_intro_0.2_6
10,10,C,9118,Female,clvr_cost_0.05_intro_0.2_6
11,11,C,9298,Female,clvr_cost_0.05_intro_0.2_6
12,12,C,9120,Female,clvr_cost_0.05_intro_0.2_6
13,13,C,9088,Female,clvr_cost_0.05_intro_0.2_6
14,14,C,9222,Female,clvr_cost_0.05_intro_0.2_6
15,15,C,9144,Female,clvr_cost_0.05_intro_0.2_6
16,16,C,8910,Female,clvr_cost_0.05_intro_0.2_6
17,17,C,9100,Female,clvr_cost_0.05_intro_0.2_6
18,18,C,9174,Female,clvr_cost_0.05_intro_0.2_6
19,19,C,9254,Female,clvr_cost_0.05_intro_0.2_6
20,20,C,9528,Female,clvr_cost_0.05_intro_0.2_6
21,21,C,9212,Female,clvr_cost_0.05_intro_0.2_6
22,22,C,9166,Female,clvr_cost_0.05_intro_0.2_6
23,23,C,9440,Female,clvr_cost_0.05_intro_0.2_6
24,24,C,9466,Female,clvr_cost_0.05_intro_0.2_6
25,25,C,9530,Female,clvr_cost_0.05_intro_0.2_6
26,26,C,9452,Female,clvr_cost_0.05_intro_0.2_6
27,27,C,9402,Female,clvr_cost_0.05_intro_0.2_6
28,28,C,9568,Female,clvr_cost_0.05_intro_0.2_6
29,29,C,9260,Female,clvr_cost_0.05_intro_0.2_6
30,30,C,9332,Female,clvr_cost_0.05_intro_0.2_6
31,31,C,9606,Female,clvr_cost_0.05_intro_0.2_6
32,32,C,9152,Female,clvr_cost_0.05_intro_0.2_6
33,33,C,9350,Female,clvr_cost_0.05_intro_0.2_6
34,34,C,9290,Female,clvr_cost_0.05_intro_0.2_6
35,35,C,9188,Female,clvr_cost_0.05_intro_0.2_6
36,36,C,9350,Female,clvr_cost_0.05_intro_0.2_6
37,37,C,9354,Female,clvr_cost_0.05_intro_0.2_6
38,38,C,9364,Female,clvr_cost_0.05_intro_0.2_6
39,39,C,9302,Female,clvr_cost_0.05_intro_0.2_6
40,40,C,9350,Female,clvr_cost_0.05_intro_0.2_6
41,41,C,9412,Female,clvr_cost_0.05_intro_0.2_6
42,42,C,9260,Female,clvr_cost_0.05_intro_0.2_6
43,43,C,9198,Female,clvr_cost_0.05_intro_0.2_6
44,44,C,9552,Female,clvr_cost_0.05_intro_0.2_6
45,45,C,9460,Female,clvr_cost_0.05_intro_0.2_6
46,46,C,9246,Female,clvr_cost_0.05_intro_0.2_6
47,47,C,9350,Female,clvr_cost_0.05_intro_0.2_6
48,48,C,9040,Female,clvr_cost_0.05_intro_0.2_6
49,49,C,9264,Female,clvr_cost_0.05_intro_0.2_6
50,50,C,9334,Female,clvr_cost_0.05_intro_0.2_6
51,0,A,10000,Female,clvr_cost_0.05_intro_0.2_6
52,1,A,7265,Female,clvr_cost_0.05_intro_0.2_6
53,2,A,6363,Female,clvr_cost_0.05_intro_0.2_6
54,3,A,5219,Female,clvr_cost_0.05_intro_0.2_6
55,4,A,3856,Female,clvr_cost_0.05_intro_0.2_6
56,5,A,2284,Female,clvr_cost_0.05_intro_0.2_6
57,6,A,955,Female,clvr_cost_0.05_intro_0.2_6
58,7,A,222,Female,clvr_cost_0.05_intro_0.2_6
59,8,A,18,Female,clvr_cost_0.05_intro_0.2_6
60,9,A,3,Female,clvr_cost_0.05_intro_0.2_6
61,10,A,0,Female,clvr_cost_0.05_intro_0.2_6
62,11,A,0,Female,clvr_cost_0.05_intro_0.2_6
63,12,A,0,Female,clvr_cost_0.05_intro_0.2_6
64,13,A,0,Female,clvr_cost_0.05_intro_0.2_6
65,14,A,0,Female,clvr_cost_0.05_intro_0.2_6
66,15,A,0,Female,clvr_cost_0.05_intro_0.2_6
67,16,A,0,Female,clvr_cost_0.05_intro_0.2_6
68,17,A,0,Female,clvr_cost_0.05_intro_0.2_6
69,18,A,0,Female,clvr_cost_0.05_intro_0.2_6
70,19,A,0,Female,clvr_cost_0.05_intro_0.2_6
71,20,A,0,Female,clvr_cost_0.05_intro_0.2_6
72,21,A,0,Female,clvr_cost_0.05_intro_0.2_6
73,22,A,0,Female,clvr_cost_0.05_intro_0.2_6
74,23,A,0,Female,clvr_cost_0.05_intro_0.2_6
75,24,A,0,Female,clvr_cost_0.05_intro_0.2_6
76,25,A,0,Female,clvr_cost_0.05_intro_0.2_6
77,26,A,0,Female,clvr_cost_0.05_intro_0.2_6
78,27,A,0,Female,clvr_cost_0.05_intro_0.2_6
79,28,A,0,Female,clvr_cost_0.05_intro_0.2_6
80,29,A,0,Female,clvr_cost_0.05_intro_0.2_6
81,30,A,0,Female,clvr_cost_0.05_intro_0.2_6
82,31,A,0,Female,clvr_cost_0.05_intro_0.2_6
83,32,A,0,Female,clvr_cost_0.05_intro_0.2_6
84,33,A,0,Female,clvr_cost_0.05_intro_0.2_6
85,34,A,0,Female,clvr_cost_0.05_intro_0.2_6
86,35,A,0,Female,clvr_cost_0.05_intro_0.2_6
87,36,A,0,Female,clvr_cost_0.05_intro_0.2_6
88,37,A,0,Female,clvr_cost_0.05_intro_0.2_6
89,38,A,0,Female,clvr_cost_0.05_intro_0.2_6
90,39,A,0,Female,clvr_cost_0.05_intro_0.2_6
91,40,A,0,Female,clvr_cost_0.05_intro_0.2_6
92,41,A,0,Female,clvr_cost_0.05_intro_0.2_6
93,42,A,0,Female,clvr_cost_0.05_intro_0.2_6
94,43,A,0,Female,clvr_cost_0.05_intro_0.2_6
95,44,A,0,Female,clvr_cost_0.05_intro_0.2_6
96,45,A,0,Female,clvr_cost_0.05_intro_0.2_6
97,46,A,0,Female,clvr_cost_0.05_intro_0.2_6
98,47,A,0,Female,clvr_cost_0.05_intro_0.2_6
99,48,A,0,Female,clvr_cost_0.05_intro_0.2_6
100,49,A,0,Female,clvr_cost_0.05_intro_0.2_6
101,50,A,0,Female,clvr_cost_0.05_intro_0.2_6
102,0,V,0,Female,clvr_cost_0.05_intro_0.2_6
103,1,V,1229,Female,clvr_cost_0.05_intro_0.2_6
104,2,V,1791,Female,clvr_cost_0.05_intro_0.2_6
105,3,V,2522,Female,clvr_cost_0.05_intro_0.2_6
106,4,V,3602,Female,clvr_cost_0.05_intro_0.2_6
107,5,V,4548,Female,clvr_cost_0.05_intro_0.2_6
108,6,V,6106,Female,clvr_cost_0.05_intro_0.2_6
109,7,V,7808,Female,clvr_cost_0.05_intro_0.2_6
110,8,V,8828,Female,clvr_cost_0.05_intro_0.2_6
111,9,V,9177,Female,clvr_cost_0.05_intro_0.2_6
112,10,V,9118,Female,clvr_cost_0.05_intro_0.2_6
113,11,V,9298,Female,clvr_cost_0.05_intro_0.2_6
114,12,V,9120,Female,clvr_cost_0.05_intro_0.2_6
115,13,V,9088,Female,clvr_cost_0.05_intro_0.2_6
116,14,V,9222,Female,clvr_cost_0.05_intro_0.2_6
117,15,V,9144,Female,clvr_cost_0.05_intro_0.2_6
118,16,V,8910,Female,clvr_cost_0.05_intro_0.2_6
119,17,V,9100,Female,clvr_cost_0.05_intro_0.2_6
120,18,V,9174,Female,clvr_cost_0.05_intro_0.2_6
121,19,V,9254,Female,clvr_cost_0.05_intro_0.2_6
122,20,V,9528,Female,clvr_cost_0.05_intro_0.2_6
123,21,V,9212,Female,clvr_cost_0.05_intro_0.2_6
124,22,V,9166,Female,clvr_cost_0.05_intro_0.2_6
125,23,V,9440,Female,clvr_cost_0.05_intro_0.2_6
126,24,V,9466,Female,clvr_cost_0.05_intro_0.2_6
127,25,V,9530,Female,clvr_cost_0.05_intro_0.2_6
128,26,V,9452,Female,clvr_cost_0.05_intro_0.2_6
129,27,V,9402,Female,clvr_cost_0.05_intro_0.2_6
130,28,V,9568,Female,clvr_cost_0.05_intro_0.2_6
131,29,V,9260,Female,clvr_cost_0.05_intro_0.2_6
132,30,V,9332,Female,clvr_cost_0.05_intro_0.2_6
133,31,V,9606,Female,clvr_cost_0.05_intro_0.2_6
134,32,V,9152,Female,clvr_cost_0.05_intro_0.2_6
135,33,V,9350,Female,clvr_cost_0.05_intro_0.2_6
136,34,V,9290,Female,clvr_cost_0.05_intro_0.2_6
137,35,V,9188,Female,clvr_cost_0.05_intro_0.2_6
138,36,V,9350,Female,clvr_cost_0.05_intro_0.2_6
139,37,V,9354,Female,clvr_cost_0.05_intro_0.2_6
140,38,V,9364,Female,clvr_cost_0.05_intro_0.2_6
141,39,V,9302,Female,clvr_cost_0.05_intro_0.2_6
142,40,V,9350,Female,clvr_cost_0.05_intro_0.2_6
143,41,V,9412,Female,clvr_cost_0.05_intro_0.2_6
144,42,V,9260,Female,clvr_cost_0.05_intro_0.2_6
145,43,V,9198,Female,clvr_cost_0.05_intro_0.2_6
146,44,V,9552,Female,clvr_cost_0.05_intro_0.2_6
147,45,V,9460,Female,clvr_cost_0.05_intro_0.2_6
148,46,V,9246,Female,clvr_cost_0.05_intro_0.2_6
149,47,V,9350,Female,clvr_cost_0.05_intro_0.2_6
150,48,V,9040,Female,clvr_cost_0.05_intro_0.2_6
151,49,V,9264,Female,clvr_cost_0.05_intro_0.2_6
152,50,V,9334,Female,clvr_cost_0.05_intro_0.2_6
153,0,W,10000,Female,clvr_cost_0.05_intro_0.2_6
154,1,W,7265,Female,clvr_cost_0.05_intro_0.2_6
155,2,W,6321,Female,clvr_cost_0.05_intro_0.2_6
156,3,W,5166,Female,clvr_cost_0.05_intro_0.2_6
157,4,W,3776,Female,clvr_cost_0.05_intro_0.2_6
158,5,W,2204,Female,clvr_cost_0.05_intro_0.2_6
159,6,W,884,Female,clvr_cost_0.05_intro_0.2_6
160,7,W,178,Female,clvr_cost_0.05_intro_0.2_6
161,8,W,10,Female,clvr_cost_0.05_intro_0.2_6
162,9,W,1,Female,clvr_cost_0.05_intro_0.2_6
163,10,W,0,Female,clvr_cost_0.05_intro_0.2_6
164,11,W,0,Female,clvr_cost_0.05_intro_0.2_6
165,12,W,0,Female,clvr_cost_0.05_intro_0.2_6
166,13,W,0,Female,clvr_cost_0.05_intro_0.2_6
167,14,W,0,Female,clvr_cost_0.05_intro_0.2_6
168,15,W,0,Female,clvr_cost_0.05_intro_0.2_6
169,16,W,0,Female,clvr_cost_0.05_intro_0.2_6
170,17,W,0,Female,clvr_cost_0.05_intro_0.2_6
171,18,W,0,Female,clvr_cost_0.05_intro_0.2_6
172,19,W,0,Female,clvr_cost_0.05_intro_0.2_6
173,20,W,0,Female,clvr_cost_0.05_intro_0.2_6
174,21,W,0,Female,clvr_cost_0.05_intro_0.2_6
175,22,W,0,Female,clvr_cost_0.05_intro_0.2_6
176,23,W,0,Female,clvr_cost_0.05_intro_0.2_6
177,24,W,0,Female,clvr_cost_0.05_intro_0.2_6
178,25,W,0,Female,clvr_cost_0.05_intro_0.2_6
179,26,W,0,Female,clvr_cost_0.05_intro_0.2_6
180,27,W,0,Female,clvr_cost_0.05_intro_0.2_6
181,28,W,0,Female,clvr_cost_0.05_intro_0.2_6
182,29,W,0,Female,clvr_cost_0.05_intro_0.2_6
183,30,W,0,Female,clvr_cost_0.05_intro_0.2_6
184,31,W,0,Female,clvr_cost_0.05_intro_0.2_6
185,32,W,0,Female,clvr_cost_0.05_intro_0.2_6
186,33,W,0,Female,clvr_cost_0.05_intro_0.2_6
187,34,W,0,Female,clvr_cost_0.05_intro_0.2_6
188,35,W,0,Female,clvr_cost_0.05_intro_0.2_6
189,36,W,0,Female,clvr_cost_0.05_intro_0.2_6
190,37,W,0,Female,clvr_cost_0.05_intro_0.2_6
191,38,W,0,Female,clvr_cost_0.05_intro_0.2_6
192,39,W,0,Female,clvr_cost_0.05_intro_0.2_6
193,40,W,0,Female,clvr_cost_0.05_intro_0.2_6
194,41,W,0,Female,clvr_cost_0.05_intro_0.2_6
195,42,W,0,Female,clvr_cost_0.05_intro_0.2_6
196,43,W,0,Female,clvr_cost_0.05_intro_0.2_6
197,44,W,0,Female,clvr_cost_0.05_intro_0.2_6
198,45,W,0,Female,clvr_cost_0.05_intro_0.2_6
199,46,W,0,Female,clvr_cost_0.05_intro_0.2_6
200,47,W,0,Female,clvr_cost_0.05_intro_0.2_6
201,48,W,0,Female,clvr_cost_0.05_intro_0.2_6
202,49,W,0,Female,clvr_cost_0.05_intro_0.2_6
203,50,W,0,Female,clvr_cost_0.05_intro_0.2_6
204,0,C,4000,Male,clvr_cost_0.05_intro_0.2_6
205,1,C,1249,Male,clvr_cost_0.05_intro_0.2_6
206,2,C,1785,Male,clvr_cost_0.05_intro_0.2_6
207,3,C,2491,Male,clvr_cost_0.05_intro_0.2_6
208,4,C,3445,Male,clvr_cost_0.05_intro_0.2_6
209,5,C,4563,Male,clvr_cost_0.05_intro_0.2_6
210,6,C,6091,Male,clvr_cost_0.05_intro_0.2_6
211,7,C,7845,Male,clvr_cost_0.05_intro_0.2_6
212,8,C,8832,Male,clvr_cost_0.05_intro_0.2_6
213,9,C,9268,Male,clvr_cost_0.05_intro_0.2_6
214,10,C,9450,Male,clvr_cost_0.05_intro_0.2_6
215,11,C,9420,Male,clvr_cost_0.05_intro_0.2_6
216,12,C,9296,Male,clvr_cost_0.05_intro_0.2_6
217,13,C,9400,Male,clvr_cost_0.05_intro_0.2_6
218,14,C,9556,Male,clvr_cost_0.05_intro_0.2_6
219,15,C,9468,Male,clvr_cost_0.05_intro_0.2_6
220,16,C,9308,Male,clvr_cost_0.05_intro_0.2_6
221,17,C,9316,Male,clvr_cost_0.05_intro_0.2_6
222,18,C,9340,Male,clvr_cost_0.05_intro_0.2_6
223,19,C,9274,Male,clvr_cost_0.05_intro_0.2_6
224,20,C,9558,Male,clvr_cost_0.05_intro_0.2_6
225,21,C,9500,Male,clvr_cost_0.05_intro_0.2_6
226,22,C,9230,Male,clvr_cost_0.05_intro_0.2_6
227,23,C,9518,Male,clvr_cost_0.05_intro_0.2_6
228,24,C,9576,Male,clvr_cost_0.05_intro_0.2_6
229,25,C,9594,Male,clvr_cost_0.05_intro_0.2_6
230,26,C,9470,Male,clvr_cost_0.05_intro_0.2_6
231,27,C,9452,Male,clvr_cost_0.05_intro_0.2_6
232,28,C,9592,Male,clvr_cost_0.05_intro_0.2_6
233,29,C,9384,Male,clvr_cost_0.05_intro_0.2_6
234,30,C,9652,Male,clvr_cost_0.05_intro_0.2_6
235,31,C,9618,Male,clvr_cost_0.05_intro_0.2_6
236,32,C,9434,Male,clvr_cost_0.05_intro_0.2_6
237,33,C,9380,Male,clvr_cost_0.05_intro_0.2_6
238,34,C,9498,Male,clvr_cost_0.05_intro_0.2_6
239,35,C,9380,Male,clvr_cost_0.05_intro_0.2_6
240,36,C,9602,Male,clvr_cost_0.05_intro_0.2_6
241,37,C,9366,Male,clvr_cost_0.05_intro_0.2_6
242,38,C,9380,Male,clvr_cost_0.05_intro_0.2_6
243,39,C,9636,Male,clvr_cost_0.05_intro_0.2_6
244,40,C,9402,Male,clvr_cost_0.05_intro_0.2_6
245,41,C,9468,Male,clvr_cost_0.05_intro_0.2_6
246,42,C,9392,Male,clvr_cost_0.05_intro_0.2_6
247,43,C,9252,Male,clvr_cost_0.05_intro_0.2_6
248,44,C,9590,Male,clvr_cost_0.05_intro_0.2_6
249,45,C,9702,Male,clvr_cost_0.05_intro_0.2_6
250,46,C,9324,Male,clvr_cost_0.05_intro_0.2_6
251,47,C,9516,Male,clvr_cost_0.05_intro_0.2_6
252,48,C,9306,Male,clvr_cost_0.05_intro_0.2_6
253,49,C,9264,Male,clvr_cost_0.05_intro_0.2_6
254,50,C,9350,Male,clvr_cost_0.05_intro_0.2_6
255,0,A,10000,Male,clvr_cost_0.05_intro_0.2_6
256,1,A,7455,Male,clvr_cost_0.05_intro_0.2_6
257,2,A,6399,Male,clvr_cost_0.05_intro_0.2_6
258,3,A,5333,Male,clvr_cost_0.05_intro_0.2_6
259,4,A,3987,Male,clvr_cost_0.05_intro_0.2_6
260,5,A,2225,Male,clvr_cost_0.05_intro_0.2_6
261,6,A,963,Male,clvr_cost_0.05_intro_0.2_6
262,7,A,219,Male,clvr_cost_0.05_intro_0.2_6
263,8,A,24,Male,clvr_cost_0.05_intro_0.2_6
264,9,A,0,Male,clvr_cost_0.05_intro_0.2_6
265,10,A,0,Male,clvr_cost_0.05_intro_0.2_6
266,11,A,0,Male,clvr_cost_0.05_intro_0.2_6
267,12,A,0,Male,clvr_cost_0.05_intro_0.2_6
268,13,A,0,Male,clvr_cost_0.05_intro_0.2_6
269,14,A,0,Male,clvr_cost_0.05_intro_0.2_6
270,15,A,0,Male,clvr_cost_0.05_intro_0.2_6
271,16,A,0,Male,clvr_cost_0.05_intro_0.2_6
272,17,A,0,Male,clvr_cost_0.05_intro_0.2_6
273,18,A,0,Male,clvr_cost_0.05_intro_0.2_6
274,19,A,0,Male,clvr_cost_0.05_intro_0.2_6
275,20,A,0,Male,clvr_cost_0.05_intro_0.2_6
276,21,A,0,Male,clvr_cost_0.05_intro_0.2_6
277,22,A,0,Male,clvr_cost_0.05_intro_0.2_6
278,23,A,0,Male,clvr_cost_0.05_intro_0.2_6
279,24,A,0,Male,clvr_cost_0.05_intro_0.2_6
280,25,A,0,Male,clvr_cost_0.05_intro_0.2_6
281,26,A,0,Male,clvr_cost_0.05_intro_0.2_6
282,27,A,0,Male,clvr_cost_0.05_intro_0.2_6
283,28,A,0,Male,clvr_cost_0.05_intro_0.2_6
284,29,A,0,Male,clvr_cost_0.05_intro_0.2_6
285,30,A,0,Male,clvr_cost_0.05_intro_0.2_6
286,31,A,0,Male,clvr_cost_0.05_intro_0.2_6
287,32,A,0,Male,clvr_cost_0.05_intro_0.2_6
288,33,A,0,Male,clvr_cost_0.05_intro_0.2_6
289,34,A,0,Male,clvr_cost_0.05_intro_0.2_6
290,35,A,0,Male,clvr_cost_0.05_intro_0.2_6
291,36,A,0,Male,clvr_cost_0.05_intro_0.2_6
292,37,A,0,Male,clvr_cost_0.05_intro_0.2_6
293,38,A,0,Male,clvr_cost_0.05_intro_0.2_6
294,39,A,0,Male,clvr_cost_0.05_intro_0.2_6
295,40,A,0,Male,clvr_cost_0.05_intro_0.2_6
296,41,A,0,Male,clvr_cost_0.05_intro_0.2_6
297,42,A,0,Male,clvr_cost_0.05_intro_0.2_6
298,43,A,0,Male,clvr_cost_0.05_intro_0.2_6
299,44,A,0,Male,clvr_cost_0.05_intro_0.2_6
300,45,A,0,Male,clvr_cost_0.05_intro_0.2_6
301,46,A,0,Male,clvr_cost_0.05_intro_0.2_6
302,47,A,0,Male,clvr_cost_0.05_intro_0.2_6
303,48,A,0,Male,clvr_cost_0.05_intro_0.2_6
304,49,A,0,Male,clvr_cost_0.05_intro_0.2_6
305,50,A,0,Male,clvr_cost_0.05_intro_0.2_6
306,0,V,4000,Male,clvr_cost_0.05_intro_0.2_6
307,1,V,1249,Male,clvr_cost_0.05_intro_0.2_6
308,2,V,1830,Male,clvr_cost_0.05_intro_0.2_6
309,3,V,2531,Male,clvr_cost_0.05_intro_0.2_6
310,4,V,3510,Male,clvr_cost_0.05_intro_0.2_6
311,5,V,4637,Male,clvr_cost_0.05_intro_0.2_6
312,6,V,6158,Male,clvr_cost_0.05_intro_0.2_6
313,7,V,7884,Male,clvr_cost_0.05_intro_0.2_6
314,8,V,8849,Male,clvr_cost_0.05_intro_0.2_6
315,9,V,9268,Male,clvr_cost_0.05_intro_0.2_6
316,10,V,9450,Male,clvr_cost_0.05_intro_0.2_6
317,11,V,9420,Male,clvr_cost_0.05_intro_0.2_6
318,12,V,9296,Male,clvr_cost_0.05_intro_0.2_6
319,13,V,9400,Male,clvr_cost_0.05_intro_0.2_6
320,14,V,9556,Male,clvr_cost_0.05_intro_0.2_6
321,15,V,9468,Male,clvr_cost_0.05_intro_0.2_6
322,16,V,9308,Male,clvr_cost_0.05_intro_0.2_6
323,17,V,9316,Male,clvr_cost_0.05_intro_0.2_6
324,18,V,9340,Male,clvr_cost_0.05_intro_0.2_6
325,19,V,9274,Male,clvr_cost_0.05_intro_0.2_6
326,20,V,9558,Male,clvr_cost_0.05_intro_0.2_6
327,21,V,9500,Male,clvr_cost_0.05_intro_0.2_6
328,22,V,9230,Male,clvr_cost_0.05_intro_0.2_6
329,23,V,9518,Male,clvr_cost_0.05_intro_0.2_6
330,24,V,9576,Male,clvr_cost_0.05_intro_0.2_6
331,25,V,9594,Male,clvr_cost_0.05_intro_0.2_6
332,26,V,9470,Male,clvr_cost_0.05_intro_0.2_6
333,27,V,9452,Male,clvr_cost_0.05_intro_0.2_6
334,28,V,9592,Male,clvr_cost_0.05_intro_0.2_6
335,29,V,9384,Male,clvr_cost_0.05_intro_0.2_6
336,30,V,9652,Male,clvr_cost_0.05_intro_0.2_6
337,31,V,9618,Male,clvr_cost_0.05_intro_0.2_6
338,32,V,9434,Male,clvr_cost_0.05_intro_0.2_6
339,33,V,9380,Male,clvr_cost_0.05_intro_0.2_6
340,34,V,9498,Male,clvr_cost_0.05_intro_0.2_6
341,35,V,9380,Male,clvr_cost_0.05_intro_0.2_6
342,36,V,9602,Male,clvr_cost_0.05_intro_0.2_6
343,37,V,9366,Male,clvr_cost_0.05_intro_0.2_6
344,38,V,9380,Male,clvr_cost_0.05_intro_0.2_6
345,39,V,9636,Male,clvr_cost_0.05_intro_0.2_6
346,40,V,9402,Male,clvr_cost_0.05_intro_0.2_6
347,41,V,9468,Male,clvr_cost_0.05_intro_0.2_6
348,42,V,9392,Male,clvr_cost_0.05_intro_0.2_6
349,43,V,9252,Male,clvr_cost_0.05_intro_0.2_6
350,44,V,9590,Male,clvr_cost_0.05_intro_0.2_6
351,45,V,9702,Male,clvr_cost_0.05_intro_0.2_6
352,46,V,9324,Male,clvr_cost_0.05_intro_0.2_6
353,47,V,9516,Male,clvr_cost_0.05_intro_0.2_6
354,48,V,9306,Male,clvr_cost_0.05_intro_0.2_6
355,49,V,9264,Male,clvr_cost_0.05_intro_0.2_6
356,50,V,9350,Male,clvr_cost_0.05_intro_0.2_6
357,0,W,10000,Male,clvr_cost_0.05_intro_0.2_6
358,1,W,7455,Male,clvr_cost_0.05_intro_0.2_6
359,2,W,6354,Male,clvr_cost_0.05_intro_0.2_6
360,3,W,5293,Male,clvr_cost_0.05_intro_0.2_6
361,4,W,3922,Male,clvr_cost_0.05_intro_0.2_6
362,5,W,2151,Male,clvr_cost_0.05_intro_0.2_6
363,6,W,896,Male,clvr_cost_0.05_intro_0.2_6
364,7,W,180,Male,clvr_cost_0.05_intro_0.2_6
365,8,W,7,Male,clvr_cost_0.05_intro_0.2_6
366,9,W,0,Male,clvr_cost_0.05_intro_0.2_6
367,10,W,0,Male,clvr_cost_0.05_intro_0.2_6
368,11,W,0,Male,clvr_cost_0.05_intro_0.2_6
369,12,W,0,Male,clvr_cost_0.05_intro_0.2_6
370,13,W,0,Male,clvr_cost_0.05_intro_0.2_6
371,14,W,0,Male,clvr_cost_0.05_intro_0.2_6
372,15,W,0,Male,clvr_cost_0.05_intro_0.2_6
373,16,W,0,Male,clvr_cost_0.05_intro_0.2_6
374,17,W,0,Male,clvr_cost_0.05_intro_0.2_6
375,18,W,0,Male,clvr_cost_0.05_intro_0.2_6
376,19,W,0,Male,clvr_cost_0.05_intro_0.2_6
377,20,W,0,Male,clvr_cost_0.05_intro_0.2_6
378,21,W,0,Male,clvr_cost_0.05_intro_0.2_6
379,22,W,0,Male,clvr_cost_0.05_intro_0.2_6
380,23,W,0,Male,clvr_cost_0.05_intro_0.2_6
381,24,W,0,Male,clvr_cost_0.05_intro_0.2_6
382,25,W,0,Male,clvr_cost_0.05_intro_0.2_6
383,26,W,0,Male,clvr_cost_0.05_intro_0.2_6
384,27,W,0,Male,clvr_cost_0.05_intro_0.2_6
385,28,W,0,Male,clvr_cost_0.05_intro_0.2_6
386,29,W,0,Male,clvr_cost_0.05_intro_0.2_6
387,30,W,0,Male,clvr_cost_0.05_intro_0.2_6
388,31,W,0,Male,clvr_cost_0.05_intro_0.2_6
389,32,W,0,Male,clvr_cost_0.05_intro_0.2_6
390,33,W,0,Male,clvr_cost_0.05_intro_0.2_6
391,34,W,0,Male,clvr_cost_0.05_intro_0.2_6
392,35,W,0,Male,clvr_cost_0.05_intro_0.2_6
393,36,W,0,Male,clvr_cost_0.05_intro_0.2_6
394,37,W,0,Male,clvr_cost_0.05_intro_0.2_6
395,38,W,0,Male,clvr_cost_0.05_intro_0.2_6
396,39,W,0,Male,clvr_cost_0.05_intro_0.2_6
397,40,W,0,Male,clvr_cost_0.05_intro_0.2_6
398,41,W,0,Male,clvr_cost_0.05_intro_0.2_6
399,42,W,0,Male,clvr_cost_0.05_intro_0.2_6
400,43,W,0,Male,clvr_cost_0.05_intro_0.2_6
401,44,W,0,Male,clvr_cost_0.05_intro_0.2_6
402,45,W,0,Male,clvr_cost_0.05_intro_0.2_6
403,46,W,0,Male,clvr_cost_0.05_intro_0.2_6
404,47,W,0,Male,clvr_cost_0.05_intro_0.2_6
405,48,W,0,Male,clvr_cost_0.05_intro_0.2_6
406,49,W,0,Male,clvr_cost_0.05_intro_0.2_6
407,50,W,0,Male,clvr_cost_0.05_intro_0.2_6
,Generation,Allele,Count,Sex,Run
0,0,C,0,Female,clvr_cost_0.05_intro_0.2_7
1,1,C,1237,Female,clvr_cost_0.05_intro_0.2_7
2,2,C,1781,Female,clvr_cost_0.05_intro_0.2_7
3,3,C,2390,Female,clvr_cost_0.05_intro_0.2_7
4,4,C,3422,Female,clvr_cost_0.05_intro_0.2_7
5,5,C,4453,Female,clvr_cost_0.05_intro_0.2_7
6,6,C,5917,Female,clvr_cost_0.05_intro_0.2_7
7,7,C,7431,Female,clvr_cost_0.05_intro_0.2_7
8,8,C,8723,Female,clvr_cost_0.05_intro_0.2_7
9,9,C,8996,Female,clvr_cost_0.05_intro_0.2_7
10,10,C,9158,Female,clvr_cost_0.05_intro_0.2_7
11,11,C,9132,Female,clvr_cost_0.05_intro_0.2_7
12,12,C,9356,Female,clvr_cost_0.05_intro_0.2_7
13,13,C,9262,Female,clvr_cost_0.05_intro_0.2_7
14,14,C,9364,Female,clvr_cost_0.05_intro_0.2_7
15,15,C,9444,Female,clvr_cost_0.05_intro_0.2_7
16,16,C,9422,Female,clvr_cost_0.05_intro_0.2_7
17,17,C,9450,Female,clvr_cost_0.05_intro_0.2_7
18,18,C,9432,Female,clvr_cost_0.05_intro_0.2_7
19,19,C,9196,Female,clvr_cost_0.05_intro_0.2_7
20,20,C,9318,Female,clvr_cost_0.05_intro_0.2_7
21,21,C,9122,Female,clvr_cost_0.05_intro_0.2_7
22,22,C,9034,Female,clvr_cost_0.05_intro_0.2_7
23,23,C,9226,Female,clvr_cost_0.05_intro_0.2_7
24,24,C,9042,Female,clvr_cost_0.05_intro_0.2_7
25,25,C,9162,Female,clvr_cost_0.05_intro_0.2_7
26,26,C,9116,Female,clvr_cost_0.05_intro_0.2_7
27,27,C,9218,Female,clvr_cost_0.05_intro_0.2_7
28,28,C,9350,Female,clvr_cost_0.05_intro_0.2_7
29,29,C,9202,Female,clvr_cost_0.05_intro_0.2_7
30,30,C,9356,Female,clvr_cost_0.05_intro_0.2_7
31,31,C,9202,Female,clvr_cost_0.05_intro_0.2_7
32,32,C,9300,Female,clvr_cost_0.05_intro_0.2_7
33,33,C,9374,Female,clvr_cost_0.05_intro_0.2_7
34,34,C,9086,Female,clvr_cost_0.05_intro_0.2_7
35,35,C,9138,Female,clvr_cost_0.05_intro_0.2_7
36,36,C,9364,Female,clvr_cost_0.05_intro_0.2_7
37,37,C,9184,Female,clvr_cost_0.05_intro_0.2_7
38,38,C,9192,Female,clvr_cost_0.05_intro_0.2_7
39,39,C,9060,Female,clvr_cost_0.05_intro_0.2_7
40,40,C,9058,Female,clvr_cost_0.05_intro_0.2_7
41,41,C,9228,Female,clvr_cost_0.05_intro_0.2_7
42,42,C,9426,Female,clvr_cost_0.05_intro_0.2_7
43,43,C,9388,Female,clvr_cost_0.05_intro_0.2_7
44,44,C,9180,Female,clvr_cost_0.05_intro_0.2_7
45,45,C,9294,Female,clvr_cost_0.05_intro_0.2_7
46,46,C,9394,Female,clvr_cost_0.05_intro_0.2_7
47,47,C,9358,Female,clvr_cost_0.05_intro_0.2_7
48,48,C,9306,Female,clvr_cost_0.05_intro_0.2_7
49,49,C,9214,Female,clvr_cost_0.05_intro_0.2_7
50,50,C,9530,Female,clvr_cost_0.05_intro_0.2_7
51,0,A,10000,Female,clvr_cost_0.05_intro_0.2_7
52,1,A,7489,Female,clvr_cost_0.05_intro_0.2_7
53,2,A,6583,Female,clvr_cost_0.05_intro_0.2_7
54,3,A,5342,Female,clvr_cost_0.05_intro_0.2_7
55,4,A,3960,Female,clvr_cost_0.05_intro_0.2_7
56,5,A,2361,Female,clvr_cost_0.05_intro_0.2_7
57,6,A,1067,Female,clvr_cost_0.05_intro_0.2_7
58,7,A,219,Female,clvr_cost_0.05_intro_0.2_7
59,8,A,23,Female,clvr_cost_0.05_intro_0.2_7
60,9,A,2,Female,clvr_cost_0.05_intro_0.2_7
61,10,A,0,Female,clvr_cost_0.05_intro_0.2_7
62,11,A,0,Female,clvr_cost_0.05_intro_0.2_7
63,12,A,0,Female,clvr_cost_0.05_intro_0.2_7
64,13,A,0,Female,clvr_cost_0.05_intro_0.2_7
65,14,A,0,Female,clvr_cost_0.05_intro_0.2_7
66,15,A,0,Female,clvr_cost_0.05_intro_0.2_7
67,16,A,0,Female,clvr_cost_0.05_intro_0.2_7
68,17,A,0,Female,clvr_cost_0.05_intro_0.2_7
69,18,A,0,Female,clvr_cost_0.05_intro_0.2_7
70,19,A,0,Female,clvr_cost_0.05_intro_0.2_7
71,20,A,0,Female,clvr_cost_0.05_intro_0.2_7
72,21,A,0,Female,clvr_cost_0.05_intro_0.2_7
73,22,A,0,Female,clvr_cost_0.05_intro_0.2_7
74,23,A,0,Female,clvr_cost_0.05_intro_0.2_7
75,24,A,0,Female,clvr_cost_0.05_intro_0.2_7
76,25,A,0,Female,clvr_cost_0.05_intro_0.2_7
77,26,A,0,Female,clvr_cost_0.05_intro_0.2_7
78,27,A,0,Female,clvr_cost_0.05_intro_0.2_7
79,28,A,0,Female,clvr_cost_0.05_intro_0.2_7
80,29,A,0,Female,clvr_cost_0.05_intro_0.2_7
81,30,A,0,Female,clvr_cost_0.05_intro_0.2_7
82,31,A,0,Female,clvr_cost_0.05_intro_0.2_7
83,32,A,0,Female,clvr_cost_0.05_intro_0.2_7
84,33,A,0,Female,clvr_cost_0.05_intro_0.2_7
85,34,A,0,Female,clvr_cost_0.05_intro_0.2_7
86,35,A,0,Female,clvr_cost_0.05_intro_0.2_7
87,36,A,0,Female,clvr_cost_0.05_intro_0.2_7
88,37,A,0,Female,clvr_cost_0.05_intro_0.2_7
89,38,A,0,Female,clvr_cost_0.05_intro_0.2_7
90,39,A,0,Female,clvr_cost_0.05_intro_0.2_7
91,40,A,0,Female,clvr_cost_0.05_intro_0.2_7
92,41,A,0,Female,clvr_cost_0.05_intro_0.2_7
93,42,A,0,Female,clvr_cost_0.05_intro_0.2_7
94,43,A,0,Female,clvr_cost_0.05_intro_0.2_7
95,44,A,0,Female,clvr_cost_0.05_intro_0.2_7
96,45,A,0,Female,clvr_cost_0.05_intro_0.2_7
97,46,A,0,Female,clvr_cost_0.05_intro_0.2_7
98,47,A,0,Female,clvr_cost_0.05_intro_0.2_7
99,48,A,0,Female,clvr_cost_0.05_intro_0.2_7
100,49,A,0,Female,clvr_cost_0.05_intro_0.2_7
101,50,A,0,Female,clvr_cost_0.05_intro_0.2_7
102,0,V,0,Female,clvr_cost_0.05_intro_0.2_7
103,1,V,1237,Female,clvr_cost_0.05_intro_0.2_7
104,2,V,1827,Female,clvr_cost_0.05_intro_0.2_7
105,3,V,2463,Female,clvr_cost_0.05_intro_0.2_7
106,4,V,3486,Female,clvr_cost_0.05_intro_0.2_7
107,5,V,4523,Female,clvr_cost_0.05_intro_0.2_7
108,6,V,5973,Female,clvr_cost_0.05_intro_0.2_7
109,7,V,7464,Female,clvr_cost_0.05_intro_0.2_7
110,8,V,8729,Female,clvr_cost_0.05_intro_0.2_7
111,9,V,8996,Female,clvr_cost_0.05_intro_0.2_7
112,10,V,9158,Female,clvr_cost_0.05_intro_0.2_7
113,11,V,9132,Female,clvr_cost_0.05_intro_0.2_7
114,12,V,9356,Female,clvr_cost_0.05_intro_0.2_7
115,13,V,9262,Female,clvr_cost_0.05_intro_0.2_7
116,14,V,9364,Female,clvr_cost_0.05_intro_0.2_7
117,15,V,9444,Female,clvr_cost_0.05_intro_0.2_7
118,16,V,9422,Female,clvr_cost_0.05_intro_0.2_7
119,17,V,9450,Female,clvr_cost_0.05_intro_0.2_7
120,18,V,9432,Female,clvr_cost_0.05_intro_0.2_7
121,19,V,9196,Female,clvr_cost_0.05_intro_0.2_7
122,20,V,9318,Female,clvr_cost_0.05_intro_0.2_7
123,21,V,9122,Female,clvr_cost_0.05_intro_0.2_7
124,22,V,9034,Female,clvr_cost_0.05_intro_0.2_7
125,23,V,9226,Female,clvr_cost_0.05_intro_0.2_7
126,24,V,9042,Female,clvr_cost_0.05_intro_0.2_7
127,25,V,9162,Female,clvr_cost_0.05_intro_0.2_7
128,26,V,9116,Female,clvr_cost_0.05_intro_0.2_7
129,27,V,9218,Female,clvr_cost_0.05_intro_0.2_7
130,28,V,9350,Female,clvr_cost_0.05_intro_0.2_7
131,29,V,9202,Female,clvr_cost_0.05_intro_0.2_7
132,30,V,9356,Female,clvr_cost_0.05_intro_0.2_7
133,31,V,9202,Female,clvr_cost_0.05_intro_0.2_7
134,32,V,9300,Female,clvr_cost_0.05_intro_0.2_7
135,33,V,9374,Female,clvr_cost_0.05_intro_0.2_7
136,34,V,9086,Female,clvr_cost_0.05_intro_0.2_7
137,35,V,9138,Female,clvr_cost_0.05_intro_0.2_7
138,36,V,9364,Female,clvr_cost_0.05_intro_0.2_7
139,37,V,9184,Female,clvr_cost_0.05_intro_0.2_7
140,38,V,9192,Female,clvr_cost_0.05_intro_0.2_7
141,39,V,9060,Female,clvr_cost_0.05_intro_0.2_7
142,40,V,9058,Female,clvr_cost_0.05_intro_0.2_7
143,41,V,9228,Female,clvr_cost_0.05_intro_0.2_7
144,42,V,9426,Female,clvr_cost_0.05_intro_0.2_7
145,43,V,9388,Female,clvr_cost_0.05_intro_0.2_7
146,44,V,9180,Female,clvr_cost_0.05_intro_0.2_7
147,45,V,9294,Female,clvr_cost_0.05_intro_0.2_7
148,46,V,9394,Female,clvr_cost_0.05_intro_0.2_7
149,47,V,9358,Female,clvr_cost_0.05_intro_0.2_7
150,48,V,9306,Female,clvr_cost_0.05_intro_0.2_7
151,49,V,9214,Female,clvr_cost_0.05_intro_0.2_7
152,50,V,9530,Female,clvr_cost_0.05_intro_0.2_7
153,0,W,10000,Female,clvr_cost_0.05_intro_0.2_7
154,1,W,7489,Female,clvr_cost_0.05_intro_0.2_7
155,2,W,6537,Female,clvr_cost_0.05_intro_0.2_7
156,3,W,5269,Female,clvr_cost_0.05_intro_0.2_7
157,4,W,3896,Female,clvr_cost_0.05_intro_0.2_7
158,5,W,2291,Female,clvr_cost_0.05_intro_0.2_7
159,6,W,1011,Female,clvr_cost_0.05_intro_0.2_7
160,7,W,186,Female,clvr_cost_0.05_intro_0.2_7
161,8,W,17,Female,clvr_cost_0.05_intro_0.2_7
162,9,W,2,Female,clvr_cost_0.05_intro_0.2_7
163,10,W,0,Female,clvr_cost_0.05_intro_0.2_7
164,11,W,0,Female,clvr_cost_0.05_intro_0.2_7
165,12,W,0,Female,clvr_cost_0.05_intro_0.2_7
166,13,W,0,Female,clvr_cost_0.05_intro_0.2_7
167,14,W,0,Female,clvr_cost_0.05_intro_0.2_7
168,15,W,0,Female,clvr_cost_0.05_intro_0.2_7
169,16,W,0,Female,clvr_cost_0.05_intro_0.2_7
170,17,W,0,Female,clvr_cost_0.05_intro_0.2_7
171,18,W,0,Female,clvr_cost_0.05_intro_0.2_7
172,19,W,0,Female,clvr_cost_0.05_intro_0.2_7
173,20,W,0,Female,clvr_cost_0.05_intro_0.2_7
174,21,W,0,Female,clvr_cost_0.05_intro_0.2_7
175,22,W,0,Female,clvr_cost_0.05_intro_0.2_7
176,23,W,0,Female,clvr_cost_0.05_intro_0.2_7
177,24,W,0,Female,clvr_cost_0.05_intro_0.2_7
178,25,W,0,Female,clvr_cost_0.05_intro_0.2_7
179,26,W,0,Female,clvr_cost_0.05_intro_0.2_7
180,27,W,0,Female,clvr_cost_0.05_intro_0.2_7
181,28,W,0,Female,clvr_cost_0.05_intro_0.2_7
182,29,W,0,Female,clvr_cost_0.05_intro_0.2_7
183,30,W,0,Female,clvr_cost_0.05_intro_0.2_7
184,31,W,0,Female,clvr_cost_0.05_intro_0.2_7
185,32,W,0,Female,clvr_cost_0.05_intro_0.2_7
186,33,W,0,Female,clvr_cost_0.05_intro_0.2_7
187,34,W,0,Female,clvr_cost_0.05_intro_0.2_7
188,35,W,0,Female,clvr_cost_0.05_intro_0.2_7
189,36,W,0,Female,clvr_cost_0.05_intro_0.2_7
190,37,W,0,Female,clvr_cost_0.05_intro_0.2_7
191,38,W,0,Female,clvr_cost_0.05_intro_0.2_7
192,39,W,0,Female,clvr_cost_0.05_intro_0.2_7
193,40,W,0,Female,clvr_cost_0.05_intro_0.2_7
194,41,W,0,Female,clvr_cost_0.05_intro_0.2_7
195,42,W,0,Female,clvr_cost_0.05_intro_0.2_7
196,43,W,0,Female,clvr_cost_0.05_intro_0.2_7
197,44,W,0,Female,clvr_cost_0.05_intro_0.2_7
198,45,W,0,Female,clvr_cost_0.05_intro_0.2_7
199,46,W,0,Female,clvr_cost_0.05_intro_0.2_7
200,47,W,0,Female,clvr_cost_0.05_intro_0.2_7
201,48,W,0,Female,clvr_cost_0.05_intro_0.2_7
202,49,W,0,Female,clvr_cost_0.05_intro_0.2_7
203,50,W,0,Female,clvr_cost_0.05_intro_0.2_7
204,0,C,4000,Male,clvr_cost_0.05_intro_0.2_7
205,1,C,1241,Male,clvr_cost_0.05_intro_0.2_7
206,2,C,1866,Male,clvr_cost_0.05_intro_0.2_7
207,3,C,2574,Male,clvr_cost_0.05_intro_0.2_7
208,4,C,3419,Male,clvr_cost_0.05_intro_0.2_7
209,5,C,4528,Male,clvr_cost_0.05_intro_0.2_7
210,6,C,5970,Male,clvr_cost_0.05_intro_0.2_7
211,7,C,7492,Male,clvr_cost_0.05_intro_0.2_7
212,8,C,8980,Male,clvr_cost_0.05_intro_0.2_7
213,9,C,9242,Male,clvr_cost_0.05_intro_0.2_7
214,10,C,9284,Male,clvr_cost_0.05_intro_0.2_7
215,11,C,9438,Male,clvr_cost_0.05_intro_0.2_7
216,12,C,9412,Male,clvr_cost_0.05_intro_0.2_7
217,13,C,9344,Male,clvr_cost_0.05_intro_0.2_7
218,14,C,9384,Male,clvr_cost_0.05_intro_0.2_7
219,15,C,9552,Male,clvr_cost_0.05_intro_0.2_7
220,16,C,9454,Male,clvr_cost_0.05_intro_0.2_7
221,17,C,9560,Male,clvr_cost_0.05_intro_0.2_7
222,18,C,9508,Male,clvr_cost_0.05_intro_0.2_7
223,19,C,9384,Male,clvr_cost_0.05_intro_0.2_7
224,20,C,9334,Male,clvr_cost_0.05_intro_0.2_7
225,21,C,9418,Male,clvr_cost_0.05_intro_0.2_7
226,22,C,9334,Male,clvr_cost_0.05_intro_0.2_7
227,23,C,9284,Male,clvr_cost_0.05_intro_0.2_7
228,24,C,9242,Male,clvr_cost_0.05_intro_0.2_7
229,25,C,9378,Male,clvr_cost_0.05_intro_0.2_7
230,26,C,9272,Male,clvr_cost_0.05_intro_0.2_7
231,27,C,9526,Male,clvr_cost_0.05_intro_0.2_7
232,28,C,9410,Male,clvr_cost_0.05_intro_0.2_7
233,29,C,9428,Male,clvr_cost_0.05_intro_0.2_7
234,30,C,9410,Male,clvr_cost_0.05_intro_0.2_7
235,31,C,9356,Male,clvr_cost_0.05_intro_0.2_7
236,32,C,9348,Male,clvr_cost_0.05_intro_0.2_7
237,33,C,9462,Male,clvr_cost_0.05_intro_0.2_7
238,34,C,9224,Male,clvr_cost_0.05_intro_0.2_7
239,35,C,9152,Male,clvr_cost_0.05_intro_0.2_7
240,36,C,9464,Male,clvr_cost_0.05_intro_0.2_7
241,37,C,9358,Male,clvr_cost_0.05_intro_0.2_7
242,38,C,9430,Male,clvr_cost_0.05_intro_0.2_7
243,39,C,9306,Male,clvr_cost_0.05_intro_0.2_7
244,40,C,9344,Male,clvr_cost_0.05_intro_0.2_7
245,41,C,9280,Male,clvr_cost_0.05_intro_0.2_7
246,42,C,9450,Male,clvr_cost_0.05_intro_0.2_7
247,43,C,9538,Male,clvr_cost_0.05_intro_0.2_7
248,44,C,9474,Male,clvr_cost_0.05_intro_0.2_7
249,45,C,9316,Male,clvr_cost_0.05_intro_0.2_7
250,46,C,9464,Male,clvr_cost_0.05_intro_0.2_7
251,47,C,9384,Male,clvr_cost_0.05_intro_0.2_7
252,48,C,9544,Male,clvr_cost_0.05_intro_0.2_7
253,49,C,9436,Male,clvr_cost_0.05_intro_0.2_7
254,50,C,9638,Male,clvr_cost_0.05_intro_0.2_7
255,0,A,10000,Male,clvr_cost_0.05_intro_0.2_7
256,1,A,7509,Male,clvr_cost_0.05_intro_0.2_7
257,2,A,6648,Male,clvr_cost_0.05_intro_0.2_7
258,3,A,5428,Male,clvr_cost_0.05_intro_0.2_7
259,4,A,3995,Male,clvr_cost_0.05_intro_0.2_7
260,5,A,2358,Male,clvr_cost_0.05_intro_0.2_7
261,6,A,1048,Male,clvr_cost_0.05_intro_0.2_7
262,7,A,218,Male,clvr_cost_0.05_intro_0.2_7
263,8,A,18,Male,clvr_cost_0.05_intro_0.2_7
264,9,A,4,Male,clvr_cost_0.05_intro_0.2_7
265,10,A,0,Male,clvr_cost_0.05_intro_0.2_7
266,11,A,0,Male,clvr_cost_0.05_intro_0.2_7
267,12,A,0,Male,clvr_cost_0.05_intro_0.2_7
268,13,A,0,Male,clvr_cost_0.05_intro_0.2_7
269,14,A,0,Male,clvr_cost_0.05_intro_0.2_7
270,15,A,0,Male,clvr_cost_0.05_intro_0.2_7
271,16,A,0,Male,clvr_cost_0.05_intro_0.2_7
272,17,A,0,Male,clvr_cost_0.05_intro_0.2_7
273,18,A,0,Male,clvr_cost_0.05_intro_0.2_7
274,19,A,0,Male,clvr_cost_0.05_intro_0.2_7
275,20,A,0,Male,clvr_cost_0.05_intro_0.2_7
276,21,A,0,Male,clvr_cost_0.05_intro_0.2_7
277,22,A,0,Male,clvr_cost_0.05_intro_0.2_7
278,23,A,0,Male,clvr_cost_0.05_intro_0.2_7
279,24,A,0,Male,clvr_cost_0.05_intro_0.2_7
280,25,A,0,Male,clvr_cost_0.05_intro_0.2_7
281,26,A,0,Male,clvr_cost_0.05_intro_0.2_7
282,27,A,0,Male,clvr_cost_0.05_intro_0.2_7
283,28,A,0,Male,clvr_cost_0.05_intro_0.2_7
284,29,A,0,Male,clvr_cost_0.05_intro_0.2_7
285,30,A,0,Male,clvr_cost_0.05_intro_0.2_7
286,31,A,0,Male,clvr_cost_0.05_intro_0.2_7
287,32,A,0,Male,clvr_cost_0.05_intro_0.2_7
288,33,A,0,Male,clvr_cost_0.05_intro_0.2_7
289,34,A,0,Male,clvr_cost_0.05_intro_0.2_7
290,35,A,0,Male,clvr_cost_0.05_intro_0.2_7
291,36,A,0,Male,clvr_cost_0.05_intro_0.2_7
292,37,A,0,Male,clvr_cost_0.05_intro_0.2_7
293,38,A,0,Male,clvr_cost_0.05_intro_0.2_7
294,39,A,0,Male,clvr_cost_0.05_intro_0.2_7
295,40,A,0,Male,clvr_cost_0.05_intro_0.2_7
296,41,A,0,Male,clvr_cost_0.05_intro_0.2_7
297,42,A,0,Male,clvr_cost_0.05_intro_0.2_7
298,43,A,0,Male,clvr_cost_0.05_intro_0.2_7
299,44,A,0,Male,clvr_cost_0.05_intro_0.2_7
300,45,A,0,Male,clvr_cost_0.05_intro_0.2_7
301,46,A,0,Male,clvr_cost_0.05_intro_0.2_7
302,47,A,0,Male,clvr_cost_0.05_intro_0.2_7
303,48,A,0,Male,clvr_cost_0.05_intro_0.2_7
304,49,A,0,Male,clvr_cost_0.05_intro_0.2_7
305,50,A,0,Male,clvr_cost_0.05_intro_0.2_7
306,0,V,4000,Male,clvr_cost_0.05_intro_0.2_7
307,1,V,1241,Male,clvr_cost_0.05_intro_0.2_7
308,2,V,1910,Male,clvr_cost_0.05_intro_0.2_7
309,3,V,2627,Male,clvr_cost_0.05_intro_0.2_7
310,4,V,3489,Male,clvr_cost_0.05_intro_0.2_7
311,5,V,4598,Male,clvr_cost_0.05_intro_0.2_7
312,6,V,6037,Male,clvr_cost_0.05_intro_0.2_7
313,7,V,7535,Male,clvr_cost_0.05_intro_0.2_7
314,8,V,8988,Male,clvr_cost_0.05_intro_0.2_7
315,9,V,9246,Male,clvr_cost_0.05_intro_0.2_7
316,10,V,9284,Male,clvr_cost_0.05_intro_0.2_7
317,11,V,9438,Male,clvr_cost_0.05_intro_0.2_7
318,12,V,9412,Male,clvr_cost_0.05_intro_0.2_7
319,13,V,9344,Male,clvr_cost_0.05_intro_0.2_7
320,14,V,9384,Male,clvr_cost_0.05_intro_0.2_7
321,15,V,9552,Male,clvr_cost_0.05_intro_0.2_7
322,16,V,9454,Male,clvr_cost_0.05_intro_0.2_7
323,17,V,9560,Male,clvr_cost_0.05_intro_0.2_7
324,18,V,9508,Male,clvr_cost_0.05_intro_0.2_7
325,19,V,9384,Male,clvr_cost_0.05_intro_0.2_7
326,20,V,9334,Male,clvr_cost_0.05_intro_0.2_7
327,21,V,9418,Male,clvr_cost_0.05_intro_0.2_7
328,22,V,9334,Male,clvr_cost_0.05_intro_0.2_7
329,23,V,9284,Male,clvr_cost_0.05_intro_0.2_7
330,24,V,9242,Male,clvr_cost_0.05_intro_0.2_7
331,25,V,9378,Male,clvr_cost_0.05_intro_0.2_7
332,26,V,9272,Male,clvr_cost_0.05_intro_0.2_7
333,27,V,9526,Male,clvr_cost_0.05_intro_0.2_7
334,28,V,9410,Male,clvr_cost_0.05_intro_0.2_7
335,29,V,9428,Male,clvr_cost_0.05_intro_0.2_7
336,30,V,9410,Male,clvr_cost_0.05_intro_0.2_7
337,31,V,9356,Male,clvr_cost_0.05_intro_0.2_7
338,32,V,9348,Male,clvr_cost_0.05_intro_0.2_7
339,33,V,9462,Male,clvr_cost_0.05_intro_0.2_7
340,34,V,9224,Male,clvr_cost_0.05_intro_0.2_7
341,35,V,9152,Male,clvr_cost_0.05_intro_0.2_7
342,36,V,9464,Male,clvr_cost_0.05_intro_0.2_7
343,37,V,9358,Male,clvr_cost_0.05_intro_0.2_7
344,38,V,9430,Male,clvr_cost_0.05_intro_0.2_7
345,39,V,9306,Male,clvr_cost_0.05_intro_0.2_7
346,40,V,9344,Male,clvr_cost_0.05_intro_0.2_7
347,41,V,9280,Male,clvr_cost_0.05_intro_0.2_7
348,42,V,9450,Male,clvr_cost_0.05_intro_0.2_7
349,43,V,9538,Male,clvr_cost_0.05_intro_0.2_7
350,44,V,9474,Male,clvr_cost_0.05_intro_0.2_7
351,45,V,9316,Male,clvr_cost_0.05_intro_0.2_7
352,46,V,9464,Male,clvr_cost_0.05_intro_0.2_7
353,47,V,9384,Male,clvr_cost_0.05_intro_0.2_7
354,48,V,9544,Male,clvr_cost_0.05_intro_0.2_7
355,49,V,9436,Male,clvr_cost_0.05_intro_0.2_7
356,50,V,9638,Male,clvr_cost_0.05_intro_0.2_7
357,0,W,10000,Male,clvr_cost_0.05_intro_0.2_7
358,1,W,7509,Male,clvr_cost_0.05_intro_0.2_7
359,2,W,6604,Male,clvr_cost_0.05_intro_0.2_7
360,3,W,5375,Male,clvr_cost_0.05_intro_0.2_7
361,4,W,3925,Male,clvr_cost_0.05_intro_0.2_7
362,5,W,2288,Male,clvr_cost_0.05_intro_0.2_7
363,6,W,981,Male,clvr_cost_0.05_intro_0.2_7
364,7,W,175,Male,clvr_cost_0.05_intro_0.2_7
365,8,W,10,Male,clvr_cost_0.05_intro_0.2_7
366,9,W,0,Male,clvr_cost_0.05_intro_0.2_7
367,10,W,0,Male,clvr_cost_0.05_intro_0.2_7
368,11,W,0,Male,clvr_cost_0.05_intro_0.2_7
369,12,W,0,Male,clvr_cost_0.05_intro_0.2_7
370,13,W,0,Male,clvr_cost_0.05_intro_0.2_7
371,14,W,0,Male,clvr_cost_0.05_intro_0.2_7
372,15,W,0,Male,clvr_cost_0.05_intro_0.2_7
373,16,W,0,Male,clvr_cost_0.05_intro_0.2_7
374,17,W,0,Male,clvr_cost_0.05_intro_0.2_7
375,18,W,0,Male,clvr_cost_0.05_intro_0.2_7
376,19,W,0,Male,clvr_cost_0.05_intro_0.2_7
377,20,W,0,Male,clvr_cost_0.05_intro_0.2_7
378,21,W,0,Male,clvr_cost_0.05_intro_0.2_7
379,22,W,0,Male,clvr_cost_0.05_intro_0.2_7
380,23,W,0,Male,clvr_cost_0.05_intro_0.2_7
381,24,W,0,Male,clvr_cost_0.05_intro_0.2_7
382,25,W,0,Male,clvr_cost_0.05_intro_0.2_7
383,26,W,0,Male,clvr_cost_0.05_intro_0.2_7
384,27,W,0,Male,clvr_cost_0.05_intro_0.2_7
385,28,W,0,Male,clvr_cost_0.05_intro_0.2_7
386,29,W,0,Male,clvr_cost_0.05_intro_0.2_7
387,30,W,0,Male,clvr_cost_0.05_intro_0.2_7
388,31,W,0,Male,clvr_cost_0.05_intro_0.2_7
389,32,W,0,Male,clvr_cost_0.05_intro_0.2_7
390,33,W,0,Male,clvr_cost_0.05_intro_0.2_7
391,34,W,0,Male,clvr_cost_0.05_intro_0.2_7
392,35,W,0,Male,clvr_cost_0.05_intro_0.2_7
393,36,W,0,Male,clvr_cost_0.05_intro_0.2_7
394,37,W,0,Male,clvr_cost_0.05_intro_0.2_7
395,38,W,0,Male,clvr_cost_0.05_intro_0.2_7
396,39,W,0,Male,clvr_cost_0.05_intro_0.2_7
397,40,W,0,Male,clvr_cost_0.05_intro_0.2_7
398,41,W,0,Male,clvr_cost_0.05_intro_0.2_7
399,42,W,0,Male,clvr_cost_0.05_intro_0.2_7
400,43,W,0,Male,clvr_cost_0.05_intro_0.2_7
401,44,W,0,Male,clvr_cost_0.05_intro_0.2_7
402,45,W,0,Male,clvr_cost_0.05_intro_0.2_7
403,46,W,0,Male,clvr_cost_0.05_intro_0.2_7
404,47,W,0,Male,clvr_cost_0.05_intro_0.2_7
405,48,W,0,Male,clvr_cost_0.05_intro_0.2_7
406,49,W,0,Male,clvr_cost_0.05_intro_0.2_7
407,50,W,0,Male,clvr_cost_0.05_intro_0.2_7
,Generation,Allele,Count,Sex,Run
0,0,C,0,Female,clvr_cost_0.05_intro_0.2_8
1,1,C,1191,Female,clvr_cost_0.05_intro_0.2_8
2,2,C,1670,Female,clvr_cost_0.05_intro_0.2_8
3,3,C,2403,Female,clvr_cost_0.05_intro_0.2_8
4,4,C,3259,Female,clvr_cost_0.05_intro_0.2_8
5,5,C,4134,Female,clvr_cost_0.05_intro_0.2_8
6,6,C,5444,Female,clvr_cost_0.05_intro_0.2_8
7,7,C,7347,Female,clvr_cost_0.05_intro_0.2_8
8,8,C,8577,Female,clvr_cost_0.05_intro_0.2_8
9,9,C,9130,Female,clvr_cost_0.05_intro_0.2_8
10,10,C,9218,Female,clvr_cost_0.05_intro_0.2_8
11,11,C,9136,Female,clvr_cost_0.05_intro_0.2_8
12,12,C,9330,Female,clvr_cost_0.05_intro_0.2_8
13,13,C,9530,Female,clvr_cost_0.05_intro_0.2_8
14,14,C,9368,Female,clvr_cost_0.05_intro_0.2_8
15,15,C,9510,Female,clvr_cost_0.05_intro_0.2_8
16,16,C,9332,Female,clvr_cost_0.05_intro_0.2_8
17,17,C,9210,Female,clvr_cost_0.05_intro_0.2_8
18,18,C,9336,Female,clvr_cost_0.05_intro_0.2_8
19,19,C,9552,Female,clvr_cost_0.05_intro_0.2_8
20,20,C,9400,Female,clvr_cost_0.05_intro_0.2_8
21,21,C,9340,Female,clvr_cost_0.05_intro_0.2_8
22,22,C,9044,Female,clvr_cost_0.05_intro_0.2_8
23,23,C,9168,Female,clvr_cost_0.05_intro_0.2_8
24,24,C,9310,Female,clvr_cost_0.05_intro_0.2_8
25,25,C,9246,Female,clvr_cost_0.05_intro_0.2_8
26,26,C,9374,Female,clvr_cost_0.05_intro_0.2_8
27,27,C,9104,Female,clvr_cost_0.05_intro_0.2_8
28,28,C,9016,Female,clvr_cost_0.05_intro_0.2_8
29,29,C,9266,Female,clvr_cost_0.05_intro_0.2_8
30,30,C,9474,Female,clvr_cost_0.05_intro_0.2_8
31,31,C,9204,Female,clvr_cost_0.05_intro_0.2_8
32,32,C,9352,Female,clvr_cost_0.05_intro_0.2_8
33,33,C,9334,Female,clvr_cost_0.05_intro_0.2_8
34,34,C,9258,Female,clvr_cost_0.05_intro_0.2_8
35,35,C,9060,Female,clvr_cost_0.05_intro_0.2_8
36,36,C,9208,Female,clvr_cost_0.05_intro_0.2_8
37,37,C,9234,Female,clvr_cost_0.05_intro_0.2_8
38,38,C,9262,Female,clvr_cost_0.05_intro_0.2_8
39,39,C,9404,Female,clvr_cost_0.05_intro_0.2_8
40,40,C,9346,Female,clvr_cost_0.05_intro_0.2_8
41,41,C,9178,Female,clvr_cost_0.05_intro_0.2_8
42,42,C,9348,Female,clvr_cost_0.05_intro_0.2_8
43,43,C,9504,Female,clvr_cost_0.05_intro_0.2_8
44,44,C,9500,Female,clvr_cost_0.05_intro_0.2_8
45,45,C,9368,Female,clvr_cost_0.05_intro_0.2_8
46,46,C,9288,Female,clvr_cost_0.05_intro_0.2_8
47,47,C,9350,Female,clvr_cost_0.05_intro_0.2_8
48,48,C,9524,Female,clvr_cost_0.05_intro_0.2_8
49,49,C,9348,Female,clvr_cost_0.05_intro_0.2_8
50,50,C,9336,Female,clvr_cost_0.05_intro_0.2_8
51,0,A,10000,Female,clvr_cost_0.05_intro_0.2_8
52,1,A,7275,Female,clvr_cost_0.05_intro_0.2_8
53,2,A,6744,Female,clvr_cost_0.05_intro_0.2_8
54,3,A,5675,Female,clvr_cost_0.05_intro_0.2_8
55,4,A,4141,Female,clvr_cost_0.05_intro_0.2_8
56,5,A,2534,Female,clvr_cost_0.05_intro_0.2_8
57,6,A,1106,Female,clvr_cost_0.05_intro_0.2_8
58,7,A,301,Female,clvr_cost_0.05_intro_0.2_8
59,8,A,35,Female,clvr_cost_0.05_intro_0.2_8
60,9,A,4,Female,clvr_cost_0.05_intro_0.2_8
61,10,A,0,Female,clvr_cost_0.05_intro_0.2_8
62,11,A,0,Female,clvr_cost_0.05_intro_0.2_8
63,12,A,0,Female,clvr_cost_0.05_intro_0.2_8
64,13,A,0,Female,clvr_cost_0.05_intro_0.2_8
65,14,A,0,Female,clvr_cost_0.05_intro_0.2_8
66,15,A,0,Female,clvr_cost_0.05_intro_0.2_8
67,16,A,0,Female,clvr_cost_0.05_intro_0.2_8
68,17,A,0,Female,clvr_cost_0.05_intro_0.2_8
69,18,A,0,Female,clvr_cost_0.05_intro_0.2_8
70,19,A,0,Female,clvr_cost_0.05_intro_0.2_8
71,20,A,0,Female,clvr_cost_0.05_intro_0.2_8
72,21,A,0,Female,clvr_cost_0.05_intro_0.2_8
73,22,A,0,Female,clvr_cost_0.05_intro_0.2_8
74,23,A,0,Female,clvr_cost_0.05_intro_0.2_8
75,24,A,0,Female,clvr_cost_0.05_intro_0.2_8
76,25,A,0,Female,clvr_cost_0.05_intro_0.2_8
77,26,A,0,Female,clvr_cost_0.05_intro_0.2_8
78,27,A,0,Female,clvr_cost_0.05_intro_0.2_8
79,28,A,0,Female,clvr_cost_0.05_intro_0.2_8
80,29,A,0,Female,clvr_cost_0.05_intro_0.2_8
81,30,A,0,Female,clvr_cost_0.05_intro_0.2_8
82,31,A,0,Female,clvr_cost_0.05_intro_0.2_8
83,32,A,0,Female,clvr_cost_0.05_intro_0.2_8
84,33,A,0,Female,clvr_cost_0.05_intro_0.2_8
85,34,A,0,Female,clvr_cost_0.05_intro_0.2_8
86,35,A,0,Female,clvr_cost_0.05_intro_0.2_8
87,36,A,0,Female,clvr_cost_0.05_intro_0.2_8
88,37,A,0,Female,clvr_cost_0.05_intro_0.2_8
89,38,A,0,Female,clvr_cost_0.05_intro_0.2_8
90,39,A,0,Female,clvr_cost_0.05_intro_0.2_8
91,40,A,0,Female,clvr_cost_0.05_intro_0.2_8
92,41,A,0,Female,clvr_cost_0.05_intro_0.2_8
93,42,A,0,Female,clvr_cost_0.05_intro_0.2_8
94,43,A,0,Female,clvr_cost_0.05_intro_0.2_8
95,44,A,0,Female,clvr_cost_0.05_intro_0.2_8
96,45,A,0,Female,clvr_cost_0.05_intro_0.2_8
97,46,A,0,Female,clvr_cost_0.05_intro_0.2_8
98,47,A,0,Female,clvr_cost_0.05_intro_0.2_8
99,48,A,0,Female,clvr_cost_0.05_intro_0.2_8
100,49,A,0,Female,clvr_cost_0.05_intro_0.2_8
101,50,A,0,Female,clvr_cost_0.05_intro_0.2_8
102,0,V,0,Female,clvr_cost_0.05_intro_0.2_8
103,1,V,1191,Female,clvr_cost_0.05_intro_0.2_8
104,2,V,1728,Female,clvr_cost_0.05_intro_0.2_8
105,3,V,2460,Female,clvr_cost_0.05_intro_0.2_8
106,4,V,3327,Female,clvr_cost_0.05_intro_0.2_8
107,5,V,4205,Female,clvr_cost_0.05_intro_0.2_8
108,6,V,5493,Female,clvr_cost_0.05_intro_0.2_8
109,7,V,7393,Female,clvr_cost_0.05_intro_0.2_8
110,8,V,8592,Female,clvr_cost_0.05_intro_0.2_8
111,9,V,9133,Female,clvr_cost_0.05_intro_0.2_8
112,10,V,9218,Female,clvr_cost_0.05_intro_0.2_8
113,11,V,9136,Female,clvr_cost_0.05_intro_0.2_8
114,12,V,9330,Female,clvr_cost_0.05_intro_0.2_8
115,13,V,9530,Female,clvr_cost_0.05_intro_0.2_8
116,14,V,9368,Female,clvr_cost_0.05_intro_0.2_8
117,15,V,9510,Female,clvr_cost_0.05_intro_0.2_8
118,16,V,9332,Female,clvr_cost_0.05_intro_0.2_8
119,17,V,9210,Female,clvr_cost_0.05_intro_0.2_8
120,18,V,9336,Female,clvr_cost_0.05_intro_0.2_8
121,19,V,9552,Female,clvr_cost_0.05_intro_0.2_8
122,20,V,9400,Female,clvr_cost_0.05_intro_0.2_8
123,21,V,9340,Female,clvr_cost_0.05_intro_0.2_8
124,22,V,9044,Female,clvr_cost_0.05_intro_0.2_8
125,23,V,9168,Female,clvr_cost_0.05_intro_0.2_8
126,24,V,9310,Female,clvr_cost_0.05_intro_0.2_8
127,25,V,9246,Female,clvr_cost_0.05_intro_0.2_8
128,26,V,9374,Female,clvr_cost_0.05_intro_0.2_8
129,27,V,9104,Female,clvr_cost_0.05_intro_0.2_8
130,28,V,9016,Female,clvr_cost_0.05_intro_0.2_8
131,29,V,9266,Female,clvr_cost_0.05_intro_0.2_8
132,30,V,9474,Female,clvr_cost_0.05_intro_0.2_8
133,31,V,9204,Female,clvr_cost_0.05_intro_0.2_8
134,32,V,9352,Female,clvr_cost_0.05_intro_0.2_8
135,33,V,9334,Female,clvr_cost_0.05_intro_0.2_8
136,34,V,9258,Female,clvr_cost_0.05_intro_0.2_8
137,35,V,9060,Female,clvr_cost_0.05_intro_0.2_8
138,36,V,9208,Female,clvr_cost_0.05_intro_0.2_8
139,37,V,9234,Female,clvr_cost_0.05_intro_0.2_8
140,38,V,9262,Female,clvr_cost_0.05_intro_0.2_8
141,39,V,9404,Female,clvr_cost_0.05_intro_0.2_8
142,40,V,9346,Female,clvr_cost_0.05_intro_0.2_8
143,41,V,9178,Female,clvr_cost_0.05_intro_0.2_8
144,42,V,9348,Female,clvr_cost_0.05_intro_0.2_8
145,43,V,9504,Female,clvr_cost_0.05_intro_0.2_8
146,44,V,9500,Female,clvr_cost_0.05_intro_0.2_8
147,45,V,9368,Female,clvr_cost_0.05_intro_0.2_8
148,46,V,9288,Female,clvr_cost_0.05_intro_0.2_8
149,47,V,9350,Female,clvr_cost_0.05_intro_0.2_8
150,48,V,9524,Female,clvr_cost_0.05_intro_0.2_8
151,49,V,9348,Female,clvr_cost_0.05_intro_0.2_8
152,50,V,9336,Female,clvr_cost_0.05_intro_0.2_8
153,0,W,10000,Female,clvr_cost_0.05_intro_0.2_8
154,1,W,7275,Female,clvr_cost_0.05_intro_0.2_8
155,2,W,6686,Female,clvr_cost_0.05_intro_0.2_8
156,3,W,5618,Female,clvr_cost_0.05_intro_0.2_8
157,4,W,4073,Female,clvr_cost_0.05_intro_0.2_8
158,5,W,2463,Female,clvr_cost_0.05_intro_0.2_8
159,6,W,1057,Female,clvr_cost_0.05_intro_0.2_8
160,7,W,255,Female,clvr_cost_0.05_intro_0.2_8
161,8,W,20,Female,clvr_cost_0.05_intro_0.2_8
162,9,W,1,Female,clvr_cost_0.05_intro_0.2_8
163,10,W,0,Female,clvr_cost_0.05_intro_0.2_8
164,11,W,0,Female,clvr_cost_0.05_intro_0.2_8
165,12,W,0,Female,clvr_cost_0.05_intro_0.2_8
166,13,W,0,Female,clvr_cost_0.05_intro_0.2_8
167,14,W,0,Female,clvr_cost_0.05_intro_0.2_8
168,15,W,0,Female,clvr_cost_0.05_intro_0.2_8
169,16,W,0,Female,clvr_cost_0.05_intro_0.2_8
170,17,W,0,Female,clvr_cost_0.05_intro_0.2_8
171,18,W,0,Female,clvr_cost_0.05_intro_0.2_8
172,19,W,0,Female,clvr_cost_0.05_intro_0.2_8
173,20,W,0,Female,clvr_cost_0.05_intro_0.2_8
174,21,W,0,Female,clvr_cost_0.05_intro_0.2_8
175,22,W,0,Female,clvr_cost_0.05_intro_0.2_8
176,23,W,0,Female,clvr_cost_0.05_intro_0.2_8
177,24,W,0,Female,clvr_cost_0.05_intro_0.2_8
178,25,W,0,Female,clvr_cost_0.05_intro_0.2_8
179,26,W,0,Female,clvr_cost_0.05_intro_0.2_8
180,27,W,0,Female,clvr_cost_0.05_intro_0.2_8
181,28,W,0,Female,clvr_cost_0.05_intro_0.2_8
182,29,W,0,Female,clvr_cost_0.05_intro_0.2_8
183,30,W,0,Female,clvr_cost_0.05_intro_0.2_8
184,31,W,0,Female,clvr_cost_0.05_intro_0.2_8
185,32,W,0,Female,clvr_cost_0.05_intro_0.2_8
186,33,W,0,Female,clvr_cost_0.05_intro_0.2_8
187,34,W,0,Female,clvr_cost_0.05_intro_0.2_8
188,35,W,0,Female,clvr_cost_0.05_intro_0.2_8
189,36,W,0,Female,clvr_cost_0.05_intro_0.2_8
190,37,W,0,Female,clvr_cost_0.05_intro_0.2_8
191,38,W,0,Female,clvr_cost_0.05_intro_0.2_8
192,39,W,0,Female,clvr_cost_0.05_intro_0.2_8
193,40,W,0,Female,clvr_cost_0.05_intro_0.2_8
194,41,W,0,Female,clvr_cost_0.05_intro_0.2_8
195,42,W,0,Female,clvr_cost_0.05_intro_0.2_8
196,43,W,0,Female,clvr_cost_0.05_intro_0.2_8
197,44,W,0,Female,clvr_cost_0.05_intro_0.2_8
198,45,W,0,Female,clvr_cost_0.05_intro_0.2_8
199,46,W,0,Female,clvr_cost_0.05_intro_0.2_8
200,47,W,0,Female,clvr_cost_0.05_intro_0.2_8
201,48,W,0,Female,clvr_cost_0.05_intro_0.2_8
202,49,W,0,Female,clvr_cost_0.05_intro_0.2_8
203,50,W,0,Female,clvr_cost_0.05_intro_0.2_8
204,0,C,4000,Male,clvr_cost_0.05_intro_0.2_8
205,1,C,1175,Male,clvr_cost_0.05_intro_0.2_8
206,2,C,1788,Male,clvr_cost_0.05_intro_0.2_8
207,3,C,2472,Male,clvr_cost_0.05_intro_0.2_8
208,4,C,3400,Male,clvr_cost_0.05_intro_0.2_8
209,5,C,4430,Male,clvr_cost_0.05_intro_0.2_8
210,6,C,5485,Male,clvr_cost_0.05_intro_0.2_8
211,7,C,7463,Male,clvr_cost_0.05_intro_0.2_8
212,8,C,8689,Male,clvr_cost_0.05_intro_0.2_8
213,9,C,9221,Male,clvr_cost_0.05_intro_0.2_8
214,10,C,9465,Male,clvr_cost_0.05_intro_0.2_8
215,11,C,9264,Male,clvr_cost_0.05_intro_0.2_8
216,12,C,9394,Male,clvr_cost_0.05_intro_0.2_8
217,13,C,9578,Male,clvr_cost_0.05_intro_0.2_8
218,14,C,9478,Male,clvr_cost_0.05_intro_0.2_8
219,15,C,9532,Male,clvr_cost_0.05_intro_0.2_8
220,16,C,9552,Male,clvr_cost_0.05_intro_0.2_8
221,17,C,9610,Male,clvr_cost_0.05_intro_0.2_8
222,18,C,9378,Male,clvr_cost_0.05_intro_0.2_8
223,19,C,9606,Male,clvr_cost_0.05_intro_0.2_8
224,20,C,9410,Male,clvr_cost_0.05_intro_0.2_8
225,21,C,9400,Male,clvr_cost_0.05_intro_0.2_8
226,22,C,9364,Male,clvr_cost_0.05_intro_0.2_8
227,23,C,9174,Male,clvr_cost_0.05_intro_0.2_8
228,24,C,9456,Male,clvr_cost_0.05_intro_0.2_8
229,25,C,9466,Male,clvr_cost_0.05_intro_0.2_8
230,26,C,9414,Male,clvr_cost_0.05_intro_0.2_8
231,27,C,9386,Male,clvr_cost_0.05_intro_0.2_8
232,28,C,9084,Male,clvr_cost_0.05_intro_0.2_8
233,29,C,9390,Male,clvr_cost_0.05_intro_0.2_8
234,30,C,9540,Male,clvr_cost_0.05_intro_0.2_8
235,31,C,9478,Male,clvr_cost_0.05_intro_0.2_8
236,32,C,9408,Male,clvr_cost_0.05_intro_0.2_8
237,33,C,9490,Male,clvr_cost_0.05_intro_0.2_8
238,34,C,9328,Male,clvr_cost_0.05_intro_0.2_8
239,35,C,9262,Male,clvr_cost_0.05_intro_0.2_8
240,36,C,9302,Male,clvr_cost_0.05_intro_0.2_8
241,37,C,9766,Male,clvr_cost_0.05_intro_0.2_8
242,38,C,9400,Male,clvr_cost_0.05_intro_0.2_8
243,39,C,9558,Male,clvr_cost_0.05_intro_0.2_8
244,40,C,9548,Male,clvr_cost_0.05_intro_0.2_8
245,41,C,9234,Male,clvr_cost_0.05_intro_0.2_8
246,42,C,9356,Male,clvr_cost_0.05_intro_0.2_8
247,43,C,9556,Male,clvr_cost_0.05_intro_0.2_8
248,44,C,9564,Male,clvr_cost_0.05_intro_0.2_8
249,45,C,9488,Male,clvr_cost_0.05_intro_0.2_8
250,46,C,9448,Male,clvr_cost_0.05_intro_0.2_8
251,47,C,9352,Male,clvr_cost_0.05_intro_0.2_8
252,48,C,9546,Male,clvr_cost_0.05_intro_0.2_8
253,49,C,9362,Male,clvr_cost_0.05_intro_0.2_8
254,50,C,9474,Male,clvr_cost_0.05_intro_0.2_8
255,0,A,10000,Male,clvr_cost_0.05_intro_0.2_8
256,1,A,7337,Male,clvr_cost_0.05_intro_0.2_8
257,2,A,6746,Male,clvr_cost_0.05_intro_0.2_8
258,3,A,5622,Male,clvr_cost_0.05_intro_0.2_8
259,4,A,4204,Male,clvr_cost_0.05_intro_0.2_8
260,5,A,2622,Male,clvr_cost_0.05_intro_0.2_8
261,6,A,1077,Male,clvr_cost_0.05_intro_0.2_8
262,7,A,325,Male,clvr_cost_0.05_intro_0.2_8
263,8,A,41,Male,clvr_cost_0.05_intro_0.2_8
264,9,A,1,Male,clvr_cost_0.05_intro_0.2_8
265,10,A,1,Male,clvr_cost_0.05_intro_0.2_8
266,11,A,0,Male,clvr_cost_0.05_intro_0.2_8
267,12,A,0,Male,clvr_cost_0.05_intro_0.2_8
268,13,A,0,Male,clvr_cost_0.05_intro_0.2_8
269,14,A,0,Male,clvr_cost_0.05_intro_0.2_8
270,15,A,0,Male,clvr_cost_0.05_intro_0.2_8
271,16,A,0,Male,clvr_cost_0.05_intro_0.2_8
272,17,A,0,Male,clvr_cost_0.05_intro_0.2_8
273,18,A,0,Male,clvr_cost_0.05_intro_0.2_8
274,19,A,0,Male,clvr_cost_0.05_intro_0.2_8
275,20,A,0,Male,clvr_cost_0.05_intro_0.2_8
276,21,A,0,Male,clvr_cost_0.05_intro_0.2_8
277,22,A,0,Male,clvr_cost_0.05_intro_0.2_8
278,23,A,0,Male,clvr_cost_0.05_intro_0.2_8
279,24,A,0,Male,clvr_cost_0.05_intro_0.2_8
280,25,A,0,Male,clvr_cost_0.05_intro_0.2_8
281,26,A,0,Male,clvr_cost_0.05_intro_0.2_8
282,27,A,0,Male,clvr_cost_0.05_intro_0.2_8
283,28,A,0,Male,clvr_cost_0.05_intro_0.2_8
284,29,A,0,Male,clvr_cost_0.05_intro_0.2_8
285,30,A,0,Male,clvr_cost_0.05_intro_0.2_8
286,31,A,0,Male,clvr_cost_0.05_intro_0.2_8
287,32,A,0,Male,clvr_cost_0.05_intro_0.2_8
288,33,A,0,Male,clvr_cost_0.05_intro_0.2_8
289,34,A,0,Male,clvr_cost_0.05_intro_0.2_8
290,35,A,0,Male,clvr_cost_0.05_intro_0.2_8
291,36,A,0,Male,clvr_cost_0.05_intro_0.2_8
292,37,A,0,Male,clvr_cost_0.05_intro_0.2_8
293,38,A,0,Male,clvr_cost_0.05_intro_0.2_8
294,39,A,0,Male,clvr_cost_0.05_intro_0.2_8
295,40,A,0,Male,clvr_cost_0.05_intro_0.2_8
296,41,A,0,Male,clvr_cost_0.05_intro_0.2_8
297,42,A,0,Male,clvr_cost_0.05_intro_0.2_8
298,43,A,0,Male,clvr_cost_0.05_intro_0.2_8
299,44,A,0,Male,clvr_cost_0.05_intro_0.2_8
300,45,A,0,Male,clvr_cost_0.05_intro_0.2_8
301,46,A,0,Male,clvr_cost_0.05_intro_0.2_8
302,47,A,0,Male,clvr_cost_0.05_intro_0.2_8
303,48,A,0,Male,clvr_cost_0.05_intro_0.2_8
304,49,A,0,Male,clvr_cost_0.05_intro_0.2_8
305,50,A,0,Male,clvr_cost_0.05_intro_0.2_8
306,0,V,4000,Male,clvr_cost_0.05_intro_0.2_8
307,1,V,1175,Male,clvr_cost_0.05_intro_0.2_8
308,2,V,1832,Male,clvr_cost_0.05_intro_0.2_8
309,3,V,2516,Male,clvr_cost_0.05_intro_0.2_8
310,4,V,3458,Male,clvr_cost_0.05_intro_0.2_8
311,5,V,4491,Male,clvr_cost_0.05_intro_0.2_8
312,6,V,5554,Male,clvr_cost_0.05_intro_0.2_8
313,7,V,7517,Male,clvr_cost_0.05_intro_0.2_8
314,8,V,8701,Male,clvr_cost_0.05_intro_0.2_8
315,9,V,9222,Male,clvr_cost_0.05_intro_0.2_8
316,10,V,9465,Male,clvr_cost_0.05_intro_0.2_8
317,11,V,9264,Male,clvr_cost_0.05_intro_0.2_8
318,12,V,9394,Male,clvr_cost_0.05_intro_0.2_8
319,13,V,9578,Male,clvr_cost_0.05_intro_0.2_8
320,14,V,9478,Male,clvr_cost_0.05_intro_0.2_8
321,15,V,9532,Male,clvr_cost_0.05_intro_0.2_8
322,16,V,9552,Male,clvr_cost_0.05_intro_0.2_8
323,17,V,9610,Male,clvr_cost_0.05_intro_0.2_8
324,18,V,9378,Male,clvr_cost_0.05_intro_0.2_8
325,19,V,9606,Male,clvr_cost_0.05_intro_0.2_8
326,20,V,9410,Male,clvr_cost_0.05_intro_0.2_8
327,21,V,9400,Male,clvr_cost_0.05_intro_0.2_8
328,22,V,9364,Male,clvr_cost_0.05_intro_0.2_8
329,23,V,9174,Male,clvr_cost_0.05_intro_0.2_8
330,24,V,9456,Male,clvr_cost_0.05_intro_0.2_8
331,25,V,9466,Male,clvr_cost_0.05_intro_0.2_8
332,26,V,9414,Male,clvr_cost_0.05_intro_0.2_8
333,27,V,9386,Male,clvr_cost_0.05_intro_0.2_8
334,28,V,9084,Male,clvr_cost_0.05_intro_0.2_8
335,29,V,9390,Male,clvr_cost_0.05_intro_0.2_8
336,30,V,9540,Male,clvr_cost_0.05_intro_0.2_8
337,31,V,9478,Male,clvr_cost_0.05_intro_0.2_8
338,32,V,9408,Male,clvr_cost_0.05_intro_0.2_8
339,33,V,9490,Male,clvr_cost_0.05_intro_0.2_8
340,34,V,9328,Male,clvr_cost_0.05_intro_0.2_8
341,35,V,9262,Male,clvr_cost_0.05_intro_0.2_8
342,36,V,9302,Male,clvr_cost_0.05_intro_0.2_8
343,37,V,9766,Male,clvr_cost_0.05_intro_0.2_8
344,38,V,9400,Male,clvr_cost_0.05_intro_0.2_8
345,39,V,9558,Male,clvr_cost_0.05_intro_0.2_8
346,40,V,9548,Male,clvr_cost_0.05_intro_0.2_8
347,41,V,9234,Male,clvr_cost_0.05_intro_0.2_8
348,42,V,9356,Male,clvr_cost_0.05_intro_0.2_8
349,43,V,9556,Male,clvr_cost_0.05_intro_0.2_8
350,44,V,9564,Male,clvr_cost_0.05_intro_0.2_8
351,45,V,9488,Male,clvr_cost_0.05_intro_0.2_8
352,46,V,9448,Male,clvr_cost_0.05_intro_0.2_8
353,47,V,9352,Male,clvr_cost_0.05_intro_0.2_8
354,48,V,9546,Male,clvr_cost_0.05_intro_0.2_8
355,49,V,9362,Male,clvr_cost_0.05_intro_0.2_8
356,50,V,9474,Male,clvr_cost_0.05_intro_0.2_8
357,0,W,10000,Male,clvr_cost_0.05_intro_0.2_8
358,1,W,7337,Male,clvr_cost_0.05_intro_0.2_8
359,2,W,6702,Male,clvr_cost_0.05_intro_0.2_8
360,3,W,5578,Male,clvr_cost_0.05_intro_0.2_8
361,4,W,4146,Male,clvr_cost_0.05_intro_0.2_8
362,5,W,2561,Male,clvr_cost_0.05_intro_0.2_8
363,6,W,1008,Male,clvr_cost_0.05_intro_0.2_8
364,7,W,271,Male,clvr_cost_0.05_intro_0.2_8
365,8,W,29,Male,clvr_cost_0.05_intro_0.2_8
366,9,W,0,Male,clvr_cost_0.05_intro_0.2_8
367,10,W,1,Male,clvr_cost_0.05_intro_0.2_8
368,11,W,0,Male,clvr_cost_0.05_intro_0.2_8
369,12,W,0,Male,clvr_cost_0.05_intro_0.2_8
370,13,W,0,Male,clvr_cost_0.05_intro_0.2_8
371,14,W,0,Male,clvr_cost_0.05_intro_0.2_8
372,15,W,0,Male,clvr_cost_0.05_intro_0.2_8
373,16,W,0,Male,clvr_cost_0.05_intro_0.2_8
374,17,W,0,Male,clvr_cost_0.05_intro_0.2_8
375,18,W,0,Male,clvr_cost_0.05_intro_0.2_8
376,19,W,0,Male,clvr_cost_0.05_intro_0.2_8
377,20,W,0,Male,clvr_cost_0.05_intro_0.2_8
378,21,W,0,Male,clvr_cost_0.05_intro_0.2_8
379,22,W,0,Male,clvr_cost_0.05_intro_0.2_8
380,23,W,0,Male,clvr_cost_0.05_intro_0.2_8
381,24,W,0,Male,clvr_cost_0.05_intro_0.2_8
382,25,W,0,Male,clvr_cost_0.05_intro_0.2_8
383,26,W,0,Male,clvr_cost_0.05_intro_0.2_8
384,27,W,0,Male,clvr_cost_0.05_intro_0.2_8
385,28,W,0,Male,clvr_cost_0.05_intro_0.2_8
386,29,W,0,Male,clvr_cost_0.05_intro_0.2_8
387,30,W,0,Male,clvr_cost_0.05_intro_0.2_8
388,31,W,0,Male,clvr_cost_0.05_intro_0.2_8
389,32,W,0,Male,clvr_cost_0.05_intro_0.2_8
390,33,W,0,Male,clvr_cost_0.05_intro_0.2_8
391,34,W,0,Male,clvr_cost_0.05_intro_0.2_8
392,35,W,0,Male,clvr_cost_0.05_intro_0.2_8
393,36,W,0,Male,clvr_cost_0.05_intro_0.2_8
394,37,W,0,Male,clvr_cost_0.05_intro_0.2_8
395,38,W,0,Male,clvr_cost_0.05_intro_0.2_8
396,39,W,0,Male,clvr_cost_0.05_intro_0.2_8
397,40,W,0,Male,clvr_cost_0.05_intro_0.2_8
398,41,W,0,Male,clvr_cost_0.05_intro_0.2_8
399,42,W,0,Male,clvr_cost_0.05_intro_0.2_8
400,43,W,0,Male,clvr_cost_0.05_intro_0.2_8
401,44,W,0,Male,clvr_cost_0.05_intro_0.2_8
402,45,W,0,Male,clvr_cost_0.05_intro_0.2_8
403,46,W,0,Male,clvr_cost_0.05_intro_0.2_8
404,47,W,0,Male,clvr_cost_0.05_intro_0.2_8
405,48,W,0,Male,clvr_cost_0.05_intro_0.2_8
406,49,W,0,Male,clvr_cost_0.05_intro_0.2_8
407,50,W,0,Male,clvr_cost_0.05_intro_0.2_8
,Generation,Allele,Count,Sex,Run
0,0,C,0,Female,clvr_cost_0.05_intro_0.2_9
1,1,C,1131,Female,clvr_cost_0.05_intro_0.2_9
2,2,C,1618,Female,clvr_cost_0.05_intro_0.2_9
3,3,C,2353,Female,clvr_cost_0.05_intro_0.2_9
4,4,C,3095,Female,clvr_cost_0.05_intro_0.2_9
5,5,C,4167,Female,clvr_cost_0.05_intro_0.2_9
6,6,C,5336,Female,clvr_cost_0.05_intro_0.2_9
7,7,C,7142,Female,clvr_cost_0.05_intro_0.2_9
8,8,C,8660,Female,clvr_cost_0.05_intro_0.2_9
9,9,C,9000,Female,clvr_cost_0.05_intro_0.2_9
10,10,C,8906,Female,clvr_cost_0.05_intro_0.2_9
11,11,C,9098,Female,clvr_cost_0.05_intro_0.2_9
12,12,C,9244,Female,clvr_cost_0.05_intro_0.2_9
13,13,C,9250,Female,clvr_cost_0.05_intro_0.2_9
14,14,C,9140,Female,clvr_cost_0.05_intro_0.2_9
15,15,C,9070,Female,clvr_cost_0.05_intro_0.2_9
16,16,C,9150,Female,clvr_cost_0.05_intro_0.2_9
17,17,C,9324,Female,clvr_cost_0.05_intro_0.2_9
18,18,C,9188,Female,clvr_cost_0.05_intro_0.2_9
19,19,C,9156,Female,clvr_cost_0.05_intro_0.2_9
20,20,C,9408,Female,clvr_cost_0.05_intro_0.2_9
21,21,C,9142,Female,clvr_cost_0.05_intro_0.2_9
22,22,C,9192,Female,clvr_cost_0.05_intro_0.2_9
23,23,C,9414,Female,clvr_cost_0.05_intro_0.2_9
24,24,C,9316,Female,clvr_cost_0.05_intro_0.2_9
25,25,C,9270,Female,clvr_cost_0.05_intro_0.2_9
26,26,C,9048,Female,clvr_cost_0.05_intro_0.2_9
27,27,C,9070,Female,clvr_cost_0.05_intro_0.2_9
28,28,C,9362,Female,clvr_cost_0.05_intro_0.2_9
29,29,C,9400,Female,clvr_cost_0.05_intro_0.2_9
30,30,C,9218,Female,clvr_cost_0.05_intro_0.2_9
31,31,C,9100,Female,clvr_cost_0.05_intro_0.2_9
32,32,C,9132,Female,clvr_cost_0.05_intro_0.2_9
33,33,C,9184,Female,clvr_cost_0.05_intro_0.2_9
34,34,C,9290,Female,clvr_cost_0.05_intro_0.2_9
35,35,C,9512,Female,clvr_cost_0.05_intro_0.2_9
36,36,C,9324,Female,clvr_cost_0.05_intro_0.2_9
37,37,C,9476,Female,clvr_cost_0.05_intro_0.2_9
38,38,C,9374,Female,clvr_cost_0.05_intro_0.2_9
39,39,C,9406,Female,clvr_cost_0.05_intro_0.2_9
40,40,C,9330,Female,clvr_cost_0.05_intro_0.2_9
41,41,C,9180,Female,clvr_cost_0.05_intro_0.2_9
42,42,C,9254,Female,clvr_cost_0.05_intro_0.2_9
43,43,C,9240,Female,clvr_cost_0.05_intro_0.2_9
44,44,C,9166,Female,clvr_cost_0.05_intro_0.2_9
45,45,C,9148,Female,clvr_cost_0.05_intro_0.2_9
46,46,C,9234,Female,clvr_cost_0.05_intro_0.2_9
47,47,C,9250,Female,clvr_cost_0.05_intro_0.2_9
48,48,C,9404,Female,clvr_cost_0.05_intro_0.2_9
49,49,C,9560,Female,clvr_cost_0.05_intro_0.2_9
50,50,C,9494,Female,clvr_cost_0.05_intro_0.2_9
51,0,A,10000,Female,clvr_cost_0.05_intro_0.2_9
52,1,A,7233,Female,clvr_cost_0.05_intro_0.2_9
53,2,A,6548,Female,clvr_cost_0.05_intro_0.2_9
54,3,A,5559,Female,clvr_cost_0.05_intro_0.2_9
55,4,A,4273,Female,clvr_cost_0.05_intro_0.2_9
56,5,A,2721,Female,clvr_cost_0.05_intro_0.2_9
57,6,A,1248,Female,clvr_cost_0.05_intro_0.2_9
58,7,A,394,Female,clvr_cost_0.05_intro_0.2_9
59,8,A,74,Female,clvr_cost_0.05_intro_0.2_9
60,9,A,4,Female,clvr_cost_0.05_intro_0.2_9
61,10,A,0,Female,clvr_cost_0.05_intro_0.2_9
62,11,A,0,Female,clvr_cost_0.05_intro_0.2_9
63,12,A,0,Female,clvr_cost_0.05_intro_0.2_9
64,13,A,0,Female,clvr_cost_0.05_intro_0.2_9
65,14,A,0,Female,clvr_cost_0.05_intro_0.2_9
66,15,A,0,Female,clvr_cost_0.05_intro_0.2_9
67,16,A,0,Female,clvr_cost_0.05_intro_0.2_9
68,17,A,0,Female,clvr_cost_0.05_intro_0.2_9
69,18,A,0,Female,clvr_cost_0.05_intro_0.2_9
70,19,A,0,Female,clvr_cost_0.05_intro_0.2_9
71,20,A,0,Female,clvr_cost_0.05_intro_0.2_9
72,21,A,0,Female,clvr_cost_0.05_intro_0.2_9
73,22,A,0,Female,clvr_cost_0.05_intro_0.2_9
74,23,A,0,Female,clvr_cost_0.05_intro_0.2_9
75,24,A,0,Female,clvr_cost_0.05_intro_0.2_9
76,25,A,0,Female,clvr_cost_0.05_intro_0.2_9
77,26,A,0,Female,clvr_cost_0.05_intro_0.2_9
78,27,A,0,Female,clvr_cost_0.05_intro_0.2_9
79,28,A,0,Female,clvr_cost_0.05_intro_0.2_9
80,29,A,0,Female,clvr_cost_0.05_intro_0.2_9
81,30,A,0,Female,clvr_cost_0.05_intro_0.2_9
82,31,A,0,Female,clvr_cost_0.05_intro_0.2_9
83,32,A,0,Female,clvr_cost_0.05_intro_0.2_9
84,33,A,0,Female,clvr_cost_0.05_intro_0.2_9
85,34,A,0,Female,clvr_cost_0.05_intro_0.2_9
86,35,A,0,Female,clvr_cost_0.05_intro_0.2_9
87,36,A,0,Female,clvr_cost_0.05_intro_0.2_9
88,37,A,0,Female,clvr_cost_0.05_intro_0.2_9
89,38,A,0,Female,clvr_cost_0.05_intro_0.2_9
90,39,A,0,Female,clvr_cost_0.05_intro_0.2_9
91,40,A,0,Female,clvr_cost_0.05_intro_0.2_9
92,41,A,0,Female,clvr_cost_0.05_intro_0.2_9
93,42,A,0,Female,clvr_cost_0.05_intro_0.2_9
94,43,A,0,Female,clvr_cost_0.05_intro_0.2_9
95,44,A,0,Female,clvr_cost_0.05_intro_0.2_9
96,45,A,0,Female,clvr_cost_0.05_intro_0.2_9
97,46,A,0,Female,clvr_cost_0.05_intro_0.2_9
98,47,A,0,Female,clvr_cost_0.05_intro_0.2_9
99,48,A,0,Female,clvr_cost_0.05_intro_0.2_9
100,49,A,0,Female,clvr_cost_0.05_intro_0.2_9
101,50,A,0,Female,clvr_cost_0.05_intro_0.2_9
102,0,V,0,Female,clvr_cost_0.05_intro_0.2_9
103,1,V,1131,Female,clvr_cost_0.05_intro_0.2_9
104,2,V,1666,Female,clvr_cost_0.05_intro_0.2_9
105,3,V,2400,Female,clvr_cost_0.05_intro_0.2_9
106,4,V,3160,Female,clvr_cost_0.05_intro_0.2_9
107,5,V,4221,Female,clvr_cost_0.05_intro_0.2_9
108,6,V,5398,Female,clvr_cost_0.05_intro_0.2_9
109,7,V,7190,Female,clvr_cost_0.05_intro_0.2_9
110,8,V,8683,Female,clvr_cost_0.05_intro_0.2_9
111,9,V,9003,Female,clvr_cost_0.05_intro_0.2_9
112,10,V,8906,Female,clvr_cost_0.05_intro_0.2_9
113,11,V,9098,Female,clvr_cost_0.05_intro_0.2_9
114,12,V,9244,Female,clvr_cost_0.05_intro_0.2_9
115,13,V,9250,Female,clvr_cost_0.05_intro_0.2_9
116,14,V,9140,Female,clvr_cost_0.05_intro_0.2_9
117,15,V,9070,Female,clvr_cost_0.05_intro_0.2_9
118,16,V,9150,Female,clvr_cost_0.05_intro_0.2_9
119,17,V,9324,Female,clvr_cost_0.05_intro_0.2_9
120,18,V,9188,Female,clvr_cost_0.05_intro_0.2_9
121,19,V,9156,Female,clvr_cost_0.05_intro_0.2_9
122,20,V,9408,Female,clvr_cost_0.05_intro_0.2_9
123,21,V,9142,Female,clvr_cost_0.05_intro_0.2_9
124,22,V,9192,Female,clvr_cost_0.05_intro_0.2_9
125,23,V,9414,Female,clvr_cost_0.05_intro_0.2_9
126,24,V,9316,Female,clvr_cost_0.05_intro_0.2_9
127,25,V,9270,Female,clvr_cost_0.05_intro_0.2_9
128,26,V,9048,Female,clvr_cost_0.05_intro_0.2_9
129,27,V,9070,Female,clvr_cost_0.05_intro_0.2_9
130,28,V,9362,Female,clvr_cost_0.05_intro_0.2_9
131,29,V,9400,Female,clvr_cost_0.05_intro_0.2_9
132,30,V,9218,Female,clvr_cost_0.05_intro_0.2_9
133,31,V,9100,Female,clvr_cost_0.05_intro_0.2_9
134,32,V,9132,Female,clvr_cost_0.05_intro_0.2_9
135,33,V,9184,Female,clvr_cost_0.05_intro_0.2_9
136,34,V,9290,Female,clvr_cost_0.05_intro_0.2_9
137,35,V,9512,Female,clvr_cost_0.05_intro_0.2_9
138,36,V,9324,Female,clvr_cost_0.05_intro_0.2_9
139,37,V,9476,Female,clvr_cost_0.05_intro_0.2_9
140,38,V,9374,Female,clvr_cost_0.05_intro_0.2_9
141,39,V,9406,Female,clvr_cost_0.05_intro_0.2_9
142,40,V,9330,Female,clvr_cost_0.05_intro_0.2_9
143,41,V,9180,Female,clvr_cost_0.05_intro_0.2_9
144,42,V,9254,Female,clvr_cost_0.05_intro_0.2_9
145,43,V,9240,Female,clvr_cost_0.05_intro_0.2_9
146,44,V,9166,Female,clvr_cost_0.05_intro_0.2_9
147,45,V,9148,Female,clvr_cost_0.05_intro_0.2_9
148,46,V,9234,Female,clvr_cost_0.05_intro_0.2_9
149,47,V,9250,Female,clvr_cost_0.05_intro_0.2_9
150,48,V,9404,Female,clvr_cost_0.05_intro_0.2_9
151,49,V,9560,Female,clvr_cost_0.05_intro_0.2_9
152,50,V,9494,Female,clvr_cost_0.05_intro_0.2_9
153,0,W,10000,Female,clvr_cost_0.05_intro_0.2_9
154,1,W,7233,Female,clvr_cost_0.05_intro_0.2_9
155,2,W,6500,Female,clvr_cost_0.05_intro_0.2_9
156,3,W,5512,Female,clvr_cost_0.05_intro_0.2_9
157,4,W,4208,Female,clvr_cost_0.05_intro_0.2_9
158,5,W,2667,Female,clvr_cost_0.05_intro_0.2_9
159,6,W,1186,Female,clvr_cost_0.05_intro_0.2_9
160,7,W,346,Female,clvr_cost_0.05_intro_0.2_9
161,8,W,51,Female,clvr_cost_0.05_intro_0.2_9
162,9,W,1,Female,clvr_cost_0.05_intro_0.2_9
163,10,W,0,Female,clvr_cost_0.05_intro_0.2_9
164,11,W,0,Female,clvr_cost_0.05_intro_0.2_9
165,12,W,0,Female,clvr_cost_0.05_intro_0.2_9
166,13,W,0,Female,clvr_cost_0.05_intro_0.2_9
167,14,W,0,Female,clvr_cost_0.05_intro_0.2_9
168,15,W,0,Female,clvr_cost_0.05_intro_0.2_9
169,16,W,0,Female,clvr_cost_0.05_intro_0.2_9
170,17,W,0,Female,clvr_cost_0.05_intro_0.2_9
171,18,W,0,Female,clvr_cost_0.05_intro_0.2_9
172,19,W,0,Female,clvr_cost_0.05_intro_0.2_9
173,20,W,0,Female,clvr_cost_0.05_intro_0.2_9
174,21,W,0,Female,clvr_cost_0.05_intro_0.2_9
175,22,W,0,Female,clvr_cost_0.05_intro_0.2_9
176,23,W,0,Female,clvr_cost_0.05_intro_0.2_9
177,24,W,0,Female,clvr_cost_0.05_intro_0.2_9
178,25,W,0,Female,clvr_cost_0.05_intro_0.2_9
179,26,W,0,Female,clvr_cost_0.05_intro_0.2_9
180,27,W,0,Female,clvr_cost_0.05_intro_0.2_9
181,28,W,0,Female,clvr_cost_0.05_intro_0.2_9
182,29,W,0,Female,clvr_cost_0.05_intro_0.2_9
183,30,W,0,Female,clvr_cost_0.05_intro_0.2_9
184,31,W,0,Female,clvr_cost_0.05_intro_0.2_9
185,32,W,0,Female,clvr_cost_0.05_intro_0.2_9
186,33,W,0,Female,clvr_cost_0.05_intro_0.2_9
187,34,W,0,Female,clvr_cost_0.05_intro_0.2_9
188,35,W,0,Female,clvr_cost_0.05_intro_0.2_9
189,36,W,0,Female,clvr_cost_0.05_intro_0.2_9
190,37,W,0,Female,clvr_cost_0.05_intro_0.2_9
191,38,W,0,Female,clvr_cost_0.05_intro_0.2_9
192,39,W,0,Female,clvr_cost_0.05_intro_0.2_9
193,40,W,0,Female,clvr_cost_0.05_intro_0.2_9
194,41,W,0,Female,clvr_cost_0.05_intro_0.2_9
195,42,W,0,Female,clvr_cost_0.05_intro_0.2_9
196,43,W,0,Female,clvr_cost_0.05_intro_0.2_9
197,44,W,0,Female,clvr_cost_0.05_intro_0.2_9
198,45,W,0,Female,clvr_cost_0.05_intro_0.2_9
199,46,W,0,Female,clvr_cost_0.05_intro_0.2_9
200,47,W,0,Female,clvr_cost_0.05_intro_0.2_9
201,48,W,0,Female,clvr_cost_0.05_intro_0.2_9
202,49,W,0,Female,clvr_cost_0.05_intro_0.2_9
203,50,W,0,Female,clvr_cost_0.05_intro_0.2_9
204,0,C,4000,Male,clvr_cost_0.05_intro_0.2_9
205,1,C,1166,Male,clvr_cost_0.05_intro_0.2_9
206,2,C,1602,Male,clvr_cost_0.05_intro_0.2_9
207,3,C,2277,Male,clvr_cost_0.05_intro_0.2_9
208,4,C,3217,Male,clvr_cost_0.05_intro_0.2_9
209,5,C,4294,Male,clvr_cost_0.05_intro_0.2_9
210,6,C,5399,Male,clvr_cost_0.05_intro_0.2_9
211,7,C,7190,Male,clvr_cost_0.05_intro_0.2_9
212,8,C,8783,Male,clvr_cost_0.05_intro_0.2_9
213,9,C,9391,Male,clvr_cost_0.05_intro_0.2_9
214,10,C,9164,Male,clvr_cost_0.05_intro_0.2_9
215,11,C,9148,Male,clvr_cost_0.05_intro_0.2_9
216,12,C,9374,Male,clvr_cost_0.05_intro_0.2_9
217,13,C,9268,Male,clvr_cost_0.05_intro_0.2_9
218,14,C,9444,Male,clvr_cost_0.05_intro_0.2_9
219,15,C,9138,Male,clvr_cost_0.05_intro_0.2_9
220,16,C,9290,Male,clvr_cost_0.05_intro_0.2_9
221,17,C,9420,Male,clvr_cost_0.05_intro_0.2_9
222,18,C,9470,Male,clvr_cost_0.05_intro_0.2_9
223,19,C,9296,Male,clvr_cost_0.05_intro_0.2_9
224,20,C,9464,Male,clvr_cost_0.05_intro_0.2_9
225,21,C,9476,Male,clvr_cost_0.05_intro_0.2_9
226,22,C,9252,Male,clvr_cost_0.05_intro_0.2_9
227,23,C,9450,Male,clvr_cost_0.05_intro_0.2_9
228,24,C,9372,Male,clvr_cost_0.05_intro_0.2_9
229,25,C,9526,Male,clvr_cost_0.05_intro_0.2_9
230,26,C,9372,Male,clvr_cost_0.05_intro_0.2_9
231,27,C,9232,Male,clvr_cost_0.05_intro_0.2_9
232,28,C,9456,Male,clvr_cost_0.05_intro_0.2_9
233,29,C,9596,Male,clvr_cost_0.05_intro_0.2_9
234,30,C,9318,Male,clvr_cost_0.05_intro_0.2_9
235,31,C,9446,Male,clvr_cost_0.05_intro_0.2_9
236,32,C,9142,Male,clvr_cost_0.05_intro_0.2_9
237,33,C,9488,Male,clvr_cost_0.05_intro_0.2_9
238,34,C,9436,Male,clvr_cost_0.05_intro_0.2_9
239,35,C,9564,Male,clvr_cost_0.05_intro_0.2_9
240,36,C,9548,Male,clvr_cost_0.05_intro_0.2_9
241,37,C,9496,Male,clvr_cost_0.05_intro_0.2_9
242,38,C,9522,Male,clvr_cost_0.05_intro_0.2_9
243,39,C,9540,Male,clvr_cost_0.05_intro_0.2_9
244,40,C,9642,Male,clvr_cost_0.05_intro_0.2_9
245,41,C,9192,Male,clvr_cost_0.05_intro_0.2_9
246,42,C,9304,Male,clvr_cost_0.05_intro_0.2_9
247,43,C,9564,Male,clvr_cost_0.05_intro_0.2_9
248,44,C,9494,Male,clvr_cost_0.05_intro_0.2_9
249,45,C,9160,Male,clvr_cost_0.05_intro_0.2_9
250,46,C,9374,Male,clvr_cost_0.05_intro_0.2_9
251,47,C,9300,Male,clvr_cost_0.05_intro_0.2_9
252,48,C,9454,Male,clvr_cost_0.05_intro_0.2_9
253,49,C,9742,Male,clvr_cost_0.05_intro_0.2_9
254,50,C,9590,Male,clvr_cost_0.05_intro_0.2_9
255,0,A,10000,Male,clvr_cost_0.05_intro_0.2_9
256,1,A,7426,Male,clvr_cost_0.05_intro_0.2_9
257,2,A,6568,Male,clvr_cost_0.05_intro_0.2_9
258,3,A,5651,Male,clvr_cost_0.05_intro_0.2_9
259,4,A,4313,Male,clvr_cost_0.05_intro_0.2_9
260,5,A,2820,Male,clvr_cost_0.05_intro_0.2_9
261,6,A,1227,Male,clvr_cost_0.05_intro_0.2_9
262,7,A,370,Male,clvr_cost_0.05_intro_0.2_9
263,8,A,61,Male,clvr_cost_0.05_intro_0.2_9
264,9,A,1,Male,clvr_cost_0.05_intro_0.2_9
265,10,A,0,Male,clvr_cost_0.05_intro_0.2_9
266,11,A,0,Male,clvr_cost_0.05_intro_0.2_9
267,12,A,0,Male,clvr_cost_0.05_intro_0.2_9
268,13,A,0,Male,clvr_cost_0.05_intro_0.2_9
269,14,A,0,Male,clvr_cost_0.05_intro_0.2_9
270,15,A,0,Male,clvr_cost_0.05_intro_0.2_9
271,16,A,0,Male,clvr_cost_0.05_intro_0.2_9
272,17,A,0,Male,clvr_cost_0.05_intro_0.2_9
273,18,A,0,Male,clvr_cost_0.05_intro_0.2_9
274,19,A,0,Male,clvr_cost_0.05_intro_0.2_9
275,20,A,0,Male,clvr_cost_0.05_intro_0.2_9
276,21,A,0,Male,clvr_cost_0.05_intro_0.2_9
277,22,A,0,Male,clvr_cost_0.05_intro_0.2_9
278,23,A,0,Male,clvr_cost_0.05_intro_0.2_9
279,24,A,0,Male,clvr_cost_0.05_intro_0.2_9
280,25,A,0,Male,clvr_cost_0.05_intro_0.2_9
281,26,A,0,Male,clvr_cost_0.05_intro_0.2_9
282,27,A,0,Male,clvr_cost_0.05_intro_0.2_9
283,28,A,0,Male,clvr_cost_0.05_intro_0.2_9
284,29,A,0,Male,clvr_cost_0.05_intro_0.2_9
285,30,A,0,Male,clvr_cost_0.05_intro_0.2_9
286,31,A,0,Male,clvr_cost_0.05_intro_0.2_9
287,32,A,0,Male,clvr_cost_0.05_intro_0.2_9
288,33,A,0,Male,clvr_cost_0.05_intro_0.2_9
289,34,A,0,Male,clvr_cost_0.05_intro_0.2_9
290,35,A,0,Male,clvr_cost_0.05_intro_0.2_9
291,36,A,0,Male,clvr_cost_0.05_intro_0.2_9
292,37,A,0,Male,clvr_cost_0.05_intro_0.2_9
293,38,A,0,Male,clvr_cost_0.05_intro_0.2_9
294,39,A,0,Male,clvr_cost_0.05_intro_0.2_9
295,40,A,0,Male,clvr_cost_0.05_intro_0.2_9
296,41,A,0,Male,clvr_cost_0.05_intro_0.2_9
297,42,A,0,Male,clvr_cost_0.05_intro_0.2_9
298,43,A,0,Male,clvr_cost_0.05_intro_0.2_9
299,44,A,0,Male,clvr_cost_0.05_intro_0.2_9
300,45,A,0,Male,clvr_cost_0.05_intro_0.2_9
301,46,A,0,Male,clvr_cost_0.05_intro_0.2_9
302,47,A,0,Male,clvr_cost_0.05_intro_0.2_9
303,48,A,0,Male,clvr_cost_0.05_intro_0.2_9
304,49,A,0,Male,clvr_cost_0.05_intro_0.2_9
305,50,A,0,Male,clvr_cost_0.05_intro_0.2_9
306,0,V,4000,Male,clvr_cost_0.05_intro_0.2_9
307,1,V,1166,Male,clvr_cost_0.05_intro_0.2_9
308,2,V,1642,Male,clvr_cost_0.05_intro_0.2_9
309,3,V,2336,Male,clvr_cost_0.05_intro_0.2_9
310,4,V,3278,Male,clvr_cost_0.05_intro_0.2_9
311,5,V,4378,Male,clvr_cost_0.05_intro_0.2_9
312,6,V,5472,Male,clvr_cost_0.05_intro_0.2_9
313,7,V,7226,Male,clvr_cost_0.05_intro_0.2_9
314,8,V,8805,Male,clvr_cost_0.05_intro_0.2_9
315,9,V,9392,Male,clvr_cost_0.05_intro_0.2_9
316,10,V,9164,Male,clvr_cost_0.05_intro_0.2_9
317,11,V,9148,Male,clvr_cost_0.05_intro_0.2_9
318,12,V,9374,Male,clvr_cost_0.05_intro_0.2_9
319,13,V,9268,Male,clvr_cost_0.05_intro_0.2_9
320,14,V,9444,Male,clvr_cost_0.05_intro_0.2_9
321,15,V,9138,Male,clvr_cost_0.05_intro_0.2_9
322,16,V,9290,Male,clvr_cost_0.05_intro_0.2_9
323,17,V,9420,Male,clvr_cost_0.05_intro_0.2_9
324,18,V,9470,Male,clvr_cost_0.05_intro_0.2_9
325,19,V,9296,Male,clvr_cost_0.05_intro_0.2_9
326,20,V,9464,Male,clvr_cost_0.05_intro_0.2_9
327,21,V,9476,Male,clvr_cost_0.05_intro_0.2_9
328,22,V,9252,Male,clvr_cost_0.05_intro_0.2_9
329,23,V,9450,Male,clvr_cost_0.05_intro_0.2_9
330,24,V,9372,Male,clvr_cost_0.05_intro_0.2_9
331,25,V,9526,Male,clvr_cost_0.05_intro_0.2_9
332,26,V,9372,Male,clvr_cost_0.05_intro_0.2_9
333,27,V,9232,Male,clvr_cost_0.05_intro_0.2_9
334,28,V,9456,Male,clvr_cost_0.05_intro_0.2_9
335,29,V,9596,Male,clvr_cost_0.05_intro_0.2_9
336,30,V,9318,Male,clvr_cost_0.05_intro_0.2_9
337,31,V,9446,Male,clvr_cost_0.05_intro_0.2_9
338,32,V,9142,Male,clvr_cost_0.05_intro_0.2_9
339,33,V,9488,Male,clvr_cost_0.05_intro_0.2_9
340,34,V,9436,Male,clvr_cost_0.05_intro_0.2_9
341,35,V,9564,Male,clvr_cost_0.05_intro_0.2_9
342,36,V,9548,Male,clvr_cost_0.05_intro_0.2_9
343,37,V,9496,Male,clvr_cost_0.05_intro_0.2_9
344,38,V,9522,Male,clvr_cost_0.05_intro_0.2_9
345,39,V,9540,Male,clvr_cost_0.05_intro_0.2_9
346,40,V,9642,Male,clvr_cost_0.05_intro_0.2_9
347,41,V,9192,Male,clvr_cost_0.05_intro_0.2_9
348,42,V,9304,Male,clvr_cost_0.05_intro_0.2_9
349,43,V,9564,Male,clvr_cost_0.05_intro_0.2_9
350,44,V,9494,Male,clvr_cost_0.05_intro_0.2_9
351,45,V,9160,Male,clvr_cost_0.05_intro_0.2_9
352,46,V,9374,Male,clvr_cost_0.05_intro_0.2_9
353,47,V,9300,Male,clvr_cost_0.05_intro_0.2_9
354,48,V,9454,Male,clvr_cost_0.05_intro_0.2_9
355,49,V,9742,Male,clvr_cost_0.05_intro_0.2_9
356,50,V,9590,Male,clvr_cost_0.05_intro_0.2_9
357,0,W,10000,Male,clvr_cost_0.05_intro_0.2_9
358,1,W,7426,Male,clvr_cost_0.05_intro_0.2_9
359,2,W,6528,Male,clvr_cost_0.05_intro_0.2_9
360,3,W,5592,Male,clvr_cost_0.05_intro_0.2_9
361,4,W,4252,Male,clvr_cost_0.05_intro_0.2_9
362,5,W,2736,Male,clvr_cost_0.05_intro_0.2_9
363,6,W,1154,Male,clvr_cost_0.05_intro_0.2_9
364,7,W,334,Male,clvr_cost_0.05_intro_0.2_9
365,8,W,39,Male,clvr_cost_0.05_intro_0.2_9
366,9,W,0,Male,clvr_cost_0.05_intro_0.2_9
367,10,W,0,Male,clvr_cost_0.05_intro_0.2_9
368,11,W,0,Male,clvr_cost_0.05_intro_0.2_9
369,12,W,0,Male,clvr_cost_0.05_intro_0.2_9
370,13,W,0,Male,clvr_cost_0.05_intro_0.2_9
371,14,W,0,Male,clvr_cost_0.05_intro_0.2_9
372,15,W,0,Male,clvr_cost_0.05_intro_0.2_9
373,16,W,0,Male,clvr_cost_0.05_intro_0.2_9
374,17,W,0,Male,clvr_cost_0.05_intro_0.2_9
375,18,W,0,Male,clvr_cost_0.05_intro_0.2_9
376,19,W,0,Male,clvr_cost_0.05_intro_0.2_9
377,20,W,0,Male,clvr_cost_0.05_intro_0.2_9
378,21,W,0,Male,clvr_cost_0.05_intro_0.2_9
379,22,W,0,Male,clvr_cost_0.05_intro_0.2_9
380,23,W,0,Male,clvr_cost_0.05_intro_0.2_9
381,24,W,0,Male,clvr_cost_0.05_intro_0.2_9
382,25,W,0,Male,clvr_cost_0.05_intro_0.2_9
383,26,W,0,Male,clvr_cost_0.05_intro_0.2_9
384,27,W,0,Male,clvr_cost_0.05_intro_0.2_9
385,28,W,0,Male,clvr_cost_0.05_intro_0.2_9
386,29,W,0,Male,clvr_cost_0.05_intro_0.2_9
387,30,W,0,Male,clvr_cost_0.05_intro_0.2_9
388,31,W,0,Male,clvr_cost_0.05_intro_0.2_9
389,32,W,0,Male,clvr_cost_0.05_intro_0.2_9
390,33,W,0,Male,clvr_cost_0.05_intro_0.2_9
391,34,W,0,Male,clvr_cost_0.05_intro_0.2_9
392,35,W,0,Male,clvr_cost_0.05_intro_0.2_9
393,36,W,0,Male,clvr_cost_0.05_intro_0.2_9
394,37,W,0,Male,clvr_cost_0.05_intro_0.2_9
395,38,W,0,Male,clvr_cost_0.05_intro_0.2_9
396,39,W,0,Male,clvr_cost_0.05_intro_0.2_9
397,40,W,0,Male,clvr_cost_0.05_intro_0.2_9
398,41,W,0,Male,clvr_cost_0.05_intro_0.2_9
399,42,W,0,Male,clvr_cost_0.05_intro_0.2_9
400,43,W,0,Male,clvr_cost_0.05_intro_0.2_9
401,44,W,0,Male,clvr_cost_0.05_intro_0.2_9
402,45,W,0,Male,clvr_cost_0.05_intro_0.2_9
403,46,W,0,Male,clvr_cost_0.05_intro_0.2_9
404,47,W,0,Male,clvr_cost_0.05_intro_0.2_9
405,48,W,0,Male,clvr_cost_0.05_intro_0.2_9
406,49,W,0,Male,clvr_cost_0.05_intro_0.2_9
407,50,W,0,Male,clvr_cost_0.05_intro_0.2_9
,Generation,Allele,Count,Sex,Run
0,0,C,0,Female,clvr_cost_0.05_intro_0.2_10
1,1,C,1218,Female,clvr_cost_0.05_intro_0.2_10
2,2,C,1767,Female,clvr_cost_0.05_intro_0.2_10
3,3,C,2415,Female,clvr_cost_0.05_intro_0.2_10
4,4,C,3198,Female,clvr_cost_0.05_intro_0.2_10
5,5,C,4369,Female,clvr_cost_0.05_intro_0.2_10
6,6,C,5565,Female,clvr_cost_0.05_intro_0.2_10
7,7,C,7187,Female,clvr_cost_0.05_intro_0.2_10
8,8,C,8782,Female,clvr_cost_0.05_intro_0.2_10
9,9,C,9323,Female,clvr_cost_0.05_intro_0.2_10
10,10,C,9442,Female,clvr_cost_0.05_intro_0.2_10
11,11,C,9338,Female,clvr_cost_0.05_intro_0.2_10
12,12,C,9472,Female,clvr_cost_0.05_intro_0.2_10
13,13,C,9684,Female,clvr_cost_0.05_intro_0.2_10
14,14,C,9422,Female,clvr_cost_0.05_intro_0.2_10
15,15,C,9332,Female,clvr_cost_0.05_intro_0.2_10
16,16,C,9382,Female,clvr_cost_0.05_intro_0.2_10
17,17,C,9582,Female,clvr_cost_0.05_intro_0.2_10
18,18,C,9304,Female,clvr_cost_0.05_intro_0.2_10
19,19,C,9380,Female,clvr_cost_0.05_intro_0.2_10
20,20,C,9452,Female,clvr_cost_0.05_intro_0.2_10
21,21,C,9600,Female,clvr_cost_0.05_intro_0.2_10
22,22,C,9430,Female,clvr_cost_0.05_intro_0.2_10
23,23,C,9592,Female,clvr_cost_0.05_intro_0.2_10
24,24,C,9030,Female,clvr_cost_0.05_intro_0.2_10
25,25,C,9046,Female,clvr_cost_0.05_intro_0.2_10
26,26,C,9450,Female,clvr_cost_0.05_intro_0.2_10
27,27,C,9300,Female,clvr_cost_0.05_intro_0.2_10
28,28,C,9294,Female,clvr_cost_0.05_intro_0.2_10
29,29,C,9224,Female,clvr_cost_0.05_intro_0.2_10
30,30,C,9354,Female,clvr_cost_0.05_intro_0.2_10
31,31,C,9162,Female,clvr_cost_0.05_intro_0.2_10
32,32,C,9454,Female,clvr_cost_0.05_intro_0.2_10
33,33,C,9314,Female,clvr_cost_0.05_intro_0.2_10
34,34,C,9322,Female,clvr_cost_0.05_intro_0.2_10
35,35,C,9300,Female,clvr_cost_0.05_intro_0.2_10
36,36,C,9570,Female,clvr_cost_0.05_intro_0.2_10
37,37,C,9188,Female,clvr_cost_0.05_intro_0.2_10
38,38,C,9210,Female,clvr_cost_0.05_intro_0.2_10
39,39,C,9290,Female,clvr_cost_0.05_intro_0.2_10
40,40,C,9458,Female,clvr_cost_0.05_intro_0.2_10
41,41,C,9538,Female,clvr_cost_0.05_intro_0.2_10
42,42,C,9516,Female,clvr_cost_0.05_intro_0.2_10
43,43,C,9268,Female,clvr_cost_0.05_intro_0.2_10
44,44,C,9184,Female,clvr_cost_0.05_intro_0.2_10
45,45,C,9146,Female,clvr_cost_0.05_intro_0.2_10
46,46,C,9266,Female,clvr_cost_0.05_intro_0.2_10
47,47,C,9168,Female,clvr_cost_0.05_intro_0.2_10
48,48,C,9082,Female,clvr_cost_0.05_intro_0.2_10
49,49,C,9302,Female,clvr_cost_0.05_intro_0.2_10
50,50,C,9252,Female,clvr_cost_0.05_intro_0.2_10
51,0,A,10000,Female,clvr_cost_0.05_intro_0.2_10
52,1,A,7504,Female,clvr_cost_0.05_intro_0.2_10
53,2,A,6541,Female,clvr_cost_0.05_intro_0.2_10
54,3,A,5199,Female,clvr_cost_0.05_intro_0.2_10
55,4,A,3888,Female,clvr_cost_0.05_intro_0.2_10
56,5,A,2465,Female,clvr_cost_0.05_intro_0.2_10
57,6,A,1059,Female,clvr_cost_0.05_intro_0.2_10
58,7,A,231,Female,clvr_cost_0.05_intro_0.2_10
59,8,A,18,Female,clvr_cost_0.05_intro_0.2_10
60,9,A,3,Female,clvr_cost_0.05_intro_0.2_10
61,10,A,0,Female,clvr_cost_0.05_intro_0.2_10
62,11,A,0,Female,clvr_cost_0.05_intro_0.2_10
63,12,A,0,Female,clvr_cost_0.05_intro_0.2_10
64,13,A,0,Female,clvr_cost_0.05_intro_0.2_10
65,14,A,0,Female,clvr_cost_0.05_intro_0.2_10
66,15,A,0,Female,clvr_cost_0.05_intro_0.2_10
67,16,A,0,Female,clvr_cost_0.05_intro_0.2_10
68,17,A,0,Female,clvr_cost_0.05_intro_0.2_10
69,18,A,0,Female,clvr_cost_0.05_intro_0.2_10
70,19,A,0,Female,clvr_cost_0.05_intro_0.2_10
71,20,A,0,Female,clvr_cost_0.05_intro_0.2_10
72,21,A,0,Female,clvr_cost_0.05_intro_0.2_10
73,22,A,0,Female,clvr_cost_0.05_intro_0.2_10
74,23,A,0,Female,clvr_cost_0.05_intro_0.2_10
75,24,A,0,Female,clvr_cost_0.05_intro_0.2_10
76,25,A,0,Female,clvr_cost_0.05_intro_0.2_10
77,26,A,0,Female,clvr_cost_0.05_intro_0.2_10
78,27,A,0,Female,clvr_cost_0.05_intro_0.2_10
79,28,A,0,Female,clvr_cost_0.05_intro_0.2_10
80,29,A,0,Female,clvr_cost_0.05_intro_0.2_10
81,30,A,0,Female,clvr_cost_0.05_intro_0.2_10
82,31,A,0,Female,clvr_cost_0.05_intro_0.2_10
83,32,A,0,Female,clvr_cost_0.05_intro_0.2_10
84,33,A,0,Female,clvr_cost_0.05_intro_0.2_10
85,34,A,0,Female,clvr_cost_0.05_intro_0.2_10
86,35,A,0,Female,clvr_cost_0.05_intro_0.2_10
87,36,A,0,Female,clvr_cost_0.05_intro_0.2_10
88,37,A,0,Female,clvr_cost_0.05_intro_0.2_10
89,38,A,0,Female,clvr_cost_0.05_intro_0.2_10
90,39,A,0,Female,clvr_cost_0.05_intro_0.2_10
91,40,A,0,Female,clvr_cost_0.05_intro_0.2_10
92,41,A,0,Female,clvr_cost_0.05_intro_0.2_10
93,42,A,0,Female,clvr_cost_0.05_intro_0.2_10
94,43,A,0,Female,clvr_cost_0.05_intro_0.2_10
95,44,A,0,Female,clvr_cost_0.05_intro_0.2_10
96,45,A,0,Female,clvr_cost_0.05_intro_0.2_10
97,46,A,0,Female,clvr_cost_0.05_intro_0.2_10
98,47,A,0,Female,clvr_cost_0.05_intro_0.2_10
99,48,A,0,Female,clvr_cost_0.05_intro_0.2_10
100,49,A,0,Female,clvr_cost_0.05_intro_0.2_10
101,50,A,0,Female,clvr_cost_0.05_intro_0.2_10
102,0,V,0,Female,clvr_cost_0.05_intro_0.2_10
103,1,V,1218,Female,clvr_cost_0.05_intro_0.2_10
104,2,V,1811,Female,clvr_cost_0.05_intro_0.2_10
105,3,V,2451,Female,clvr_cost_0.05_intro_0.2_10
106,4,V,3253,Female,clvr_cost_0.05_intro_0.2_10
107,5,V,4442,Female,clvr_cost_0.05_intro_0.2_10
108,6,V,5636,Female,clvr_cost_0.05_intro_0.2_10
109,7,V,7223,Female,clvr_cost_0.05_intro_0.2_10
110,8,V,8790,Female,clvr_cost_0.05_intro_0.2_10
111,9,V,9325,Female,clvr_cost_0.05_intro_0.2_10
112,10,V,9442,Female,clvr_cost_0.05_intro_0.2_10
113,11,V,9338,Female,clvr_cost_0.05_intro_0.2_10
114,12,V,9472,Female,clvr_cost_0.05_intro_0.2_10
115,13,V,9684,Female,clvr_cost_0.05_intro_0.2_10
116,14,V,9422,Female,clvr_cost_0.05_intro_0.2_10
117,15,V,9332,Female,clvr_cost_0.05_intro_0.2_10
118,16,V,9382,Female,clvr_cost_0.05_intro_0.2_10
119,17,V,9582,Female,clvr_cost_0.05_intro_0.2_10
120,18,V,9304,Female,clvr_cost_0.05_intro_0.2_10
121,19,V,9380,Female,clvr_cost_0.05_intro_0.2_10
122,20,V,9452,Female,clvr_cost_0.05_intro_0.2_10
123,21,V,9600,Female,clvr_cost_0.05_intro_0.2_10
124,22,V,9430,Female,clvr_cost_0.05_intro_0.2_10
125,23,V,9592,Female,clvr_cost_0.05_intro_0.2_10
126,24,V,9030,Female,clvr_cost_0.05_intro_0.2_10
127,25,V,9046,Female,clvr_cost_0.05_intro_0.2_10
128,26,V,9450,Female,clvr_cost_0.05_intro_0.2_10
129,27,V,9300,Female,clvr_cost_0.05_intro_0.2_10
130,28,V,9294,Female,clvr_cost_0.05_intro_0.2_10
131,29,V,9224,Female,clvr_cost_0.05_intro_0.2_10
132,30,V,9354,Female,clvr_cost_0.05_intro_0.2_10
133,31,V,9162,Female,clvr_cost_0.05_intro_0.2_10
134,32,V,9454,Female,clvr_cost_0.05_intro_0.2_10
135,33,V,9314,Female,clvr_cost_0.05_intro_0.2_10
136,34,V,9322,Female,clvr_cost_0.05_intro_0.2_10
137,35,V,9300,Female,clvr_cost_0.05_intro_0.2_10
138,36,V,9570,Female,clvr_cost_0.05_intro_0.2_10
139,37,V,9188,Female,clvr_cost_0.05_intro_0.2_10
140,38,V,9210,Female,clvr_cost_0.05_intro_0.2_10
141,39,V,9290,Female,clvr_cost_0.05_intro_0.2_10
142,40,V,9458,Female,clvr_cost_0.05_intro_0.2_10
143,41,V,9538,Female,clvr_cost_0.05_intro_0.2_10
144,42,V,9516,Female,clvr_cost_0.05_intro_0.2_10
145,43,V,9268,Female,clvr_cost_0.05_intro_0.2_10
146,44,V,9184,Female,clvr_cost_0.05_intro_0.2_10
147,45,V,9146,Female,clvr_cost_0.05_intro_0.2_10
148,46,V,9266,Female,clvr_cost_0.05_intro_0.2_10
149,47,V,9168,Female,clvr_cost_0.05_intro_0.2_10
150,48,V,9082,Female,clvr_cost_0.05_intro_0.2_10
151,49,V,9302,Female,clvr_cost_0.05_intro_0.2_10
152,50,V,9252,Female,clvr_cost_0.05_intro_0.2_10
153,0,W,10000,Female,clvr_cost_0.05_intro_0.2_10
154,1,W,7504,Female,clvr_cost_0.05_intro_0.2_10
155,2,W,6497,Female,clvr_cost_0.05_intro_0.2_10
156,3,W,5163,Female,clvr_cost_0.05_intro_0.2_10
157,4,W,3833,Female,clvr_cost_0.05_intro_0.2_10
158,5,W,2392,Female,clvr_cost_0.05_intro_0.2_10
159,6,W,988,Female,clvr_cost_0.05_intro_0.2_10
160,7,W,195,Female,clvr_cost_0.05_intro_0.2_10
161,8,W,10,Female,clvr_cost_0.05_intro_0.2_10
162,9,W,1,Female,clvr_cost_0.05_intro_0.2_10
163,10,W,0,Female,clvr_cost_0.05_intro_0.2_10
164,11,W,0,Female,clvr_cost_0.05_intro_0.2_10
165,12,W,0,Female,clvr_cost_0.05_intro_0.2_10
166,13,W,0,Female,clvr_cost_0.05_intro_0.2_10
167,14,W,0,Female,clvr_cost_0.05_intro_0.2_10
168,15,W,0,Female,clvr_cost_0.05_intro_0.2_10
169,16,W,0,Female,clvr_cost_0.05_intro_0.2_10
170,17,W,0,Female,clvr_cost_0.05_intro_0.2_10
171,18,W,0,Female,clvr_cost_0.05_intro_0.2_10
172,19,W,0,Female,clvr_cost_0.05_intro_0.2_10
173,20,W,0,Female,clvr_cost_0.05_intro_0.2_10
174,21,W,0,Female,clvr_cost_0.05_intro_0.2_10
175,22,W,0,Female,clvr_cost_0.05_intro_0.2_10
176,23,W,0,Female,clvr_cost_0.05_intro_0.2_10
177,24,W,0,Female,clvr_cost_0.05_intro_0.2_10
178,25,W,0,Female,clvr_cost_0.05_intro_0.2_10
179,26,W,0,Female,clvr_cost_0.05_intro_0.2_10
180,27,W,0,Female,clvr_cost_0.05_intro_0.2_10
181,28,W,0,Female,clvr_cost_0.05_intro_0.2_10
182,29,W,0,Female,clvr_cost_0.05_intro_0.2_10
183,30,W,0,Female,clvr_cost_0.05_intro_0.2_10
184,31,W,0,Female,clvr_cost_0.05_intro_0.2_10
185,32,W,0,Female,clvr_cost_0.05_intro_0.2_10
186,33,W,0,Female,clvr_cost_0.05_intro_0.2_10
187,34,W,0,Female,clvr_cost_0.05_intro_0.2_10
188,35,W,0,Female,clvr_cost_0.05_intro_0.2_10
189,36,W,0,Female,clvr_cost_0.05_intro_0.2_10
190,37,W,0,Female,clvr_cost_0.05_intro_0.2_10
191,38,W,0,Female,clvr_cost_0.05_intro_0.2_10
192,39,W,0,Female,clvr_cost_0.05_intro_0.2_10
193,40,W,0,Female,clvr_cost_0.05_intro_0.2_10
194,41,W,0,Female,clvr_cost_0.05_intro_0.2_10
195,42,W,0,Female,clvr_cost_0.05_intro_0.2_10
196,43,W,0,Female,clvr_cost_0.05_intro_0.2_10
197,44,W,0,Female,clvr_cost_0.05_intro_0.2_10
198,45,W,0,Female,clvr_cost_0.05_intro_0.2_10
199,46,W,0,Female,clvr_cost_0.05_intro_0.2_10
200,47,W,0,Female,clvr_cost_0.05_intro_0.2_10
201,48,W,0,Female,clvr_cost_0.05_intro_0.2_10
202,49,W,0,Female,clvr_cost_0.05_intro_0.2_10
203,50,W,0,Female,clvr_cost_0.05_intro_0.2_10
204,0,C,4000,Male,clvr_cost_0.05_intro_0.2_10
205,1,C,1220,Male,clvr_cost_0.05_intro_0.2_10
206,2,C,1801,Male,clvr_cost_0.05_intro_0.2_10
207,3,C,2426,Male,clvr_cost_0.05_intro_0.2_10
208,4,C,3262,Male,clvr_cost_0.05_intro_0.2_10
209,5,C,4438,Male,clvr_cost_0.05_intro_0.2_10
210,6,C,5916,Male,clvr_cost_0.05_intro_0.2_10
211,7,C,7392,Male,clvr_cost_0.05_intro_0.2_10
212,8,C,8850,Male,clvr_cost_0.05_intro_0.2_10
213,9,C,9430,Male,clvr_cost_0.05_intro_0.2_10
214,10,C,9444,Male,clvr_cost_0.05_intro_0.2_10
215,11,C,9454,Male,clvr_cost_0.05_intro_0.2_10
216,12,C,9520,Male,clvr_cost_0.05_intro_0.2_10
217,13,C,9704,Male,clvr_cost_0.05_intro_0.2_10
218,14,C,9526,Male,clvr_cost_0.05_intro_0.2_10
219,15,C,9340,Male,clvr_cost_0.05_intro_0.2_10
220,16,C,9478,Male,clvr_cost_0.05_intro_0.2_10
221,17,C,9688,Male,clvr_cost_0.05_intro_0.2_10
222,18,C,9502,Male,clvr_cost_0.05_intro_0.2_10
223,19,C,9468,Male,clvr_cost_0.05_intro_0.2_10
224,20,C,9468,Male,clvr_cost_0.05_intro_0.2_10
225,21,C,9726,Male,clvr_cost_0.05_intro_0.2_10
226,22,C,9570,Male,clvr_cost_0.05_intro_0.2_10
227,23,C,9632,Male,clvr_cost_0.05_intro_0.2_10
228,24,C,9664,Male,clvr_cost_0.05_intro_0.2_10
229,25,C,9070,Male,clvr_cost_0.05_intro_0.2_10
230,26,C,9586,Male,clvr_cost_0.05_intro_0.2_10
231,27,C,9316,Male,clvr_cost_0.05_intro_0.2_10
232,28,C,9366,Male,clvr_cost_0.05_intro_0.2_10
233,29,C,9296,Male,clvr_cost_0.05_intro_0.2_10
234,30,C,9518,Male,clvr_cost_0.05_intro_0.2_10
235,31,C,9164,Male,clvr_cost_0.05_intro_0.2_10
236,32,C,9568,Male,clvr_cost_0.05_intro_0.2_10
237,33,C,9332,Male,clvr_cost_0.05_intro_0.2_10
238,34,C,9560,Male,clvr_cost_0.05_intro_0.2_10
239,35,C,9340,Male,clvr_cost_0.05_intro_0.2_10
240,36,C,9602,Male,clvr_cost_0.05_intro_0.2_10
241,37,C,9532,Male,clvr_cost_0.05_intro_0.2_10
242,38,C,9354,Male,clvr_cost_0.05_intro_0.2_10
243,39,C,9342,Male,clvr_cost_0.05_intro_0.2_10
244,40,C,9602,Male,clvr_cost_0.05_intro_0.2_10
245,41,C,9556,Male,clvr_cost_0.05_intro_0.2_10
246,42,C,9638,Male,clvr_cost_0.05_intro_0.2_10
247,43,C,9496,Male,clvr_cost_0.05_intro_0.2_10
248,44,C,9550,Male,clvr_cost_0.05_intro_0.2_10
249,45,C,9216,Male,clvr_cost_0.05_intro_0.2_10
250,46,C,9422,Male,clvr_cost_0.05_intro_0.2_10
251,47,C,9260,Male,clvr_cost_0.05_intro_0.2_10
252,48,C,9234,Male,clvr_cost_0.05_intro_0.2_10
253,49,C,9482,Male,clvr_cost_0.05_intro_0.2_10
254,50,C,9712,Male,clvr_cost_0.05_intro_0.2_10
255,0,A,10000,Male,clvr_cost_0.05_intro_0.2_10
256,1,A,7540,Male,clvr_cost_0.05_intro_0.2_10
257,2,A,6707,Male,clvr_cost_0.05_intro_0.2_10
258,3,A,5378,Male,clvr_cost_0.05_intro_0.2_10
259,4,A,3966,Male,clvr_cost_0.05_intro_0.2_10
260,5,A,2464,Male,clvr_cost_0.05_intro_0.2_10
261,6,A,1092,Male,clvr_cost_0.05_intro_0.2_10
262,7,A,266,Male,clvr_cost_0.05_intro_0.2_10
263,8,A,36,Male,clvr_cost_0.05_intro_0.2_10
264,9,A,2,Male,clvr_cost_0.05_intro_0.2_10
265,10,A,0,Male,clvr_cost_0.05_intro_0.2_10
266,11,A,0,Male,clvr_cost_0.05_intro_0.2_10
267,12,A,0,Male,clvr_cost_0.05_intro_0.2_10
268,13,A,0,Male,clvr_cost_0.05_intro_0.2_10
269,14,A,0,Male,clvr_cost_0.05_intro_0.2_10
270,15,A,0,Male,clvr_cost_0.05_intro_0.2_10
271,16,A,0,Male,clvr_cost_0.05_intro_0.2_10
272,17,A,0,Male,clvr_cost_0.05_intro_0.2_10
273,18,A,0,Male,clvr_cost_0.05_intro_0.2_10
274,19,A,0,Male,clvr_cost_0.05_intro_0.2_10
275,20,A,0,Male,clvr_cost_0.05_intro_0.2_10
276,21,A,0,Male,clvr_cost_0.05_intro_0.2_10
277,22,A,0,Male,clvr_cost_0.05_intro_0.2_10
278,23,A,0,Male,clvr_cost_0.05_intro_0.2_10
279,24,A,0,Male,clvr_cost_0.05_intro_0.2_10
280,25,A,0,Male,clvr_cost_0.05_intro_0.2_10
281,26,A,0,Male,clvr_cost_0.05_intro_0.2_10
282,27,A,0,Male,clvr_cost_0.05_intro_0.2_10
283,28,A,0,Male,clvr_cost_0.05_intro_0.2_10
284,29,A,0,Male,clvr_cost_0.05_intro_0.2_10
285,30,A,0,Male,clvr_cost_0.05_intro_0.2_10
286,31,A,0,Male,clvr_cost_0.05_intro_0.2_10
287,32,A,0,Male,clvr_cost_0.05_intro_0.2_10
288,33,A,0,Male,clvr_cost_0.05_intro_0.2_10
289,34,A,0,Male,clvr_cost_0.05_intro_0.2_10
290,35,A,0,Male,clvr_cost_0.05_intro_0.2_10
291,36,A,0,Male,clvr_cost_0.05_intro_0.2_10
292,37,A,0,Male,clvr_cost_0.05_intro_0.2_10
293,38,A,0,Male,clvr_cost_0.05_intro_0.2_10
294,39,A,0,Male,clvr_cost_0.05_intro_0.2_10
295,40,A,0,Male,clvr_cost_0.05_intro_0.2_10
296,41,A,0,Male,clvr_cost_0.05_intro_0.2_10
297,42,A,0,Male,clvr_cost_0.05_intro_0.2_10
298,43,A,0,Male,clvr_cost_0.05_intro_0.2_10
299,44,A,0,Male,clvr_cost_0.05_intro_0.2_10
300,45,A,0,Male,clvr_cost_0.05_intro_0.2_10
301,46,A,0,Male,clvr_cost_0.05_intro_0.2_10
302,47,A,0,Male,clvr_cost_0.05_intro_0.2_10
303,48,A,0,Male,clvr_cost_0.05_intro_0.2_10
304,49,A,0,Male,clvr_cost_0.05_intro_0.2_10
305,50,A,0,Male,clvr_cost_0.05_intro_0.2_10
306,0,V,4000,Male,clvr_cost_0.05_intro_0.2_10
307,1,V,1220,Male,clvr_cost_0.05_intro_0.2_10
308,2,V,1837,Male,clvr_cost_0.05_intro_0.2_10
309,3,V,2483,Male,clvr_cost_0.05_intro_0.2_10
310,4,V,3328,Male,clvr_cost_0.05_intro_0.2_10
311,5,V,4500,Male,clvr_cost_0.05_intro_0.2_10
312,6,V,5985,Male,clvr_cost_0.05_intro_0.2_10
313,7,V,7445,Male,clvr_cost_0.05_intro_0.2_10
314,8,V,8871,Male,clvr_cost_0.05_intro_0.2_10
315,9,V,9432,Male,clvr_cost_0.05_intro_0.2_10
316,10,V,9444,Male,clvr_cost_0.05_intro_0.2_10
317,11,V,9454,Male,clvr_cost_0.05_intro_0.2_10
318,12,V,9520,Male,clvr_cost_0.05_intro_0.2_10
319,13,V,9704,Male,clvr_cost_0.05_intro_0.2_10
320,14,V,9526,Male,clvr_cost_0.05_intro_0.2_10
321,15,V,9340,Male,clvr_cost_0.05_intro_0.2_10
322,16,V,9478,Male,clvr_cost_0.05_intro_0.2_10
323,17,V,9688,Male,clvr_cost_0.05_intro_0.2_10
324,18,V,9502,Male,clvr_cost_0.05_intro_0.2_10
325,19,V,9468,Male,clvr_cost_0.05_intro_0.2_10
326,20,V,9468,Male,clvr_cost_0.05_intro_0.2_10
327,21,V,9726,Male,clvr_cost_0.05_intro_0.2_10
328,22,V,9570,Male,clvr_cost_0.05_intro_0.2_10
329,23,V,9632,Male,clvr_cost_0.05_intro_0.2_10
330,24,V,9664,Male,clvr_cost_0.05_intro_0.2_10
331,25,V,9070,Male,clvr_cost_0.05_intro_0.2_10
332,26,V,9586,Male,clvr_cost_0.05_intro_0.2_10
333,27,V,9316,Male,clvr_cost_0.05_intro_0.2_10
334,28,V,9366,Male,clvr_cost_0.05_intro_0.2_10
335,29,V,9296,Male,clvr_cost_0.05_intro_0.2_10
336,30,V,9518,Male,clvr_cost_0.05_intro_0.2_10
337,31,V,9164,Male,clvr_cost_0.05_intro_0.2_10
338,32,V,9568,Male,clvr_cost_0.05_intro_0.2_10
339,33,V,9332,Male,clvr_cost_0.05_intro_0.2_10
340,34,V,9560,Male,clvr_cost_0.05_intro_0.2_10
341,35,V,9340,Male,clvr_cost_0.05_intro_0.2_10
342,36,V,9602,Male,clvr_cost_0.05_intro_0.2_10
343,37,V,9532,Male,clvr_cost_0.05_intro_0.2_10
344,38,V,9354,Male,clvr_cost_0.05_intro_0.2_10
345,39,V,9342,Male,clvr_cost_0.05_intro_0.2_10
346,40,V,9602,Male,clvr_cost_0.05_intro_0.2_10
347,41,V,9556,Male,clvr_cost_0.05_intro_0.2_10
348,42,V,9638,Male,clvr_cost_0.05_intro_0.2_10
349,43,V,9496,Male,clvr_cost_0.05_intro_0.2_10
350,44,V,9550,Male,clvr_cost_0.05_intro_0.2_10
351,45,V,9216,Male,clvr_cost_0.05_intro_0.2_10
352,46,V,9422,Male,clvr_cost_0.05_intro_0.2_10
353,47,V,9260,Male,clvr_cost_0.05_intro_0.2_10
354,48,V,9234,Male,clvr_cost_0.05_intro_0.2_10
355,49,V,9482,Male,clvr_cost_0.05_intro_0.2_10
356,50,V,9712,Male,clvr_cost_0.05_intro_0.2_10
357,0,W,10000,Male,clvr_cost_0.05_intro_0.2_10
358,1,W,7540,Male,clvr_cost_0.05_intro_0.2_10
359,2,W,6671,Male,clvr_cost_0.05_intro_0.2_10
360,3,W,5321,Male,clvr_cost_0.05_intro_0.2_10
361,4,W,3900,Male,clvr_cost_0.05_intro_0.2_10
362,5,W,2402,Male,clvr_cost_0.05_intro_0.2_10
363,6,W,1023,Male,clvr_cost_0.05_intro_0.2_10
364,7,W,213,Male,clvr_cost_0.05_intro_0.2_10
365,8,W,15,Male,clvr_cost_0.05_intro_0.2_10
366,9,W,0,Male,clvr_cost_0.05_intro_0.2_10
367,10,W,0,Male,clvr_cost_0.05_intro_0.2_10
368,11,W,0,Male,clvr_cost_0.05_intro_0.2_10
369,12,W,0,Male,clvr_cost_0.05_intro_0.2_10
370,13,W,0,Male,clvr_cost_0.05_intro_0.2_10
371,14,W,0,Male,clvr_cost_0.05_intro_0.2_10
372,15,W,0,Male,clvr_cost_0.05_intro_0.2_10
373,16,W,0,Male,clvr_cost_0.05_intro_0.2_10
374,17,W,0,Male,clvr_cost_0.05_intro_0.2_10
375,18,W,0,Male,clvr_cost_0.05_intro_0.2_10
376,19,W,0,Male,clvr_cost_0.05_intro_0.2_10
377,20,W,0,Male,clvr_cost_0.05_intro_0.2_10
378,21,W,0,Male,clvr_cost_0.05_intro_0.2_10
379,22,W,0,Male,clvr_cost_0.05_intro_0.2_10
380,23,W,0,Male,clvr_cost_0.05_intro_0.2_10
381,24,W,0,Male,clvr_cost_0.05_intro_0.2_10
382,25,W,0,Male,clvr_cost_0.05_intro_0.2_10
383,26,W,0,Male,clvr_cost_0.05_intro_0.2_10
384,27,W,0,Male,clvr_cost_0.05_intro_0.2_10
385,28,W,0,Male,clvr_cost_0.05_intro_0.2_10
386,29,W,0,Male,clvr_cost_0.05_intro_0.2_10
387,30,W,0,Male,clvr_cost_0.05_intro_0.2_10
388,31,W,0,Male,clvr_cost_0.05_intro_0.2_10
389,32,W,0,Male,clvr_cost_0.05_intro_0.2_10
390,33,W,0,Male,clvr_cost_0.05_intro_0.2_10
391,34,W,0,Male,clvr_cost_0.05_intro_0.2_10
392,35,W,0,Male,clvr_cost_0.05_intro_0.2_10
393,36,W,0,Male,clvr_cost_0.05_intro_0.2_10
394,37,W,0,Male,clvr_cost_0.05_intro_0.2_10
395,38,W,0,Male,clvr_cost_0.05_intro_0.2_10
396,39,W,0,Male,clvr_cost_0.05_intro_0.2_10
397,40,W,0,Male,clvr_cost_0.05_intro_0.2_10
398,41,W,0,Male,clvr_cost_0.05_intro_0.2_10
399,42,W,0,Male,clvr_cost_0.05_intro_0.2_10
400,43,W,0,Male,clvr_cost_0.05_intro_0.2_10
401,44,W,0,Male,clvr_cost_0.05_intro_0.2_10
402,45,W,0,Male,clvr_cost_0.05_intro_0.2_10
403,46,W,0,Male,clvr_cost_0.05_intro_0.2_10
404,47,W,0,Male,clvr_cost_0.05_intro_0.2_10
405,48,W,0,Male,clvr_cost_0.05_intro_0.2_10
406,49,W,0,Male,clvr_cost_0.05_intro_0.2_10
407,50,W,0,Male,clvr_cost_0.05_intro_0.2_10
,Generation,Allele,Count,Sex,Run
0,0,C,0,Female,clvr_cost_0.1_intro_0.2_1
1,1,C,1223,Female,clvr_cost_0.1_intro_0.2_1
2,2,C,1620,Female,clvr_cost_0.1_intro_0.2_1
3,3,C,2244,Female,clvr_cost_0.1_intro_0.2_1
4,4,C,2945,Female,clvr_cost_0.1_intro_0.2_1
5,5,C,4032,Female,clvr_cost_0.1_intro_0.2_1
6,6,C,5341,Female,clvr_cost_0.1_intro_0.2_1
7,7,C,6803,Female,clvr_cost_0.1_intro_0.2_1
8,8,C,7885,Female,clvr_cost_0.1_intro_0.2_1
9,9,C,8469,Female,clvr_cost_0.1_intro_0.2_1
10,10,C,8704,Female,clvr_cost_0.1_intro_0.2_1
11,11,C,8682,Female,clvr_cost_0.1_intro_0.2_1
12,12,C,8922,Female,clvr_cost_0.1_intro_0.2_1
13,13,C,8812,Female,clvr_cost_0.1_intro_0.2_1
14,14,C,8720,Female,clvr_cost_0.1_intro_0.2_1
15,15,C,8864,Female,clvr_cost_0.1_intro_0.2_1
16,16,C,8730,Female,clvr_cost_0.1_intro_0.2_1
17,17,C,8380,Female,clvr_cost_0.1_intro_0.2_1
18,18,C,8682,Female,clvr_cost_0.1_intro_0.2_1
19,19,C,8716,Female,clvr_cost_0.1_intro_0.2_1
20,20,C,8842,Female,clvr_cost_0.1_intro_0.2_1
21,21,C,8754,Female,clvr_cost_0.1_intro_0.2_1
22,22,C,8722,Female,clvr_cost_0.1_intro_0.2_1
23,23,C,8578,Female,clvr_cost_0.1_intro_0.2_1
24,24,C,8876,Female,clvr_cost_0.1_intro_0.2_1
25,25,C,8636,Female,clvr_cost_0.1_intro_0.2_1
26,26,C,8674,Female,clvr_cost_0.1_intro_0.2_1
27,27,C,8762,Female,clvr_cost_0.1_intro_0.2_1
28,28,C,8564,Female,clvr_cost_0.1_intro_0.2_1
29,29,C,8640,Female,clvr_cost_0.1_intro_0.2_1
30,30,C,8990,Female,clvr_cost_0.1_intro_0.2_1
31,31,C,8790,Female,clvr_cost_0.1_intro_0.2_1
32,32,C,8810,Female,clvr_cost_0.1_intro_0.2_1
33,33,C,8734,Female,clvr_cost_0.1_intro_0.2_1
34,34,C,8560,Female,clvr_cost_0.1_intro_0.2_1
35,35,C,8690,Female,clvr_cost_0.1_intro_0.2_1
36,36,C,8752,Female,clvr_cost_0.1_intro_0.2_1
37,37,C,8718,Female,clvr_cost_0.1_intro_0.2_1
38,38,C,8712,Female,clvr_cost_0.1_intro_0.2_1
39,39,C,8836,Female,clvr_cost_0.1_intro_0.2_1
40,40,C,8758,Female,clvr_cost_0.1_intro_0.2_1
41,41,C,8596,Female,clvr_cost_0.1_intro_0.2_1
42,42,C,8574,Female,clvr_cost_0.1_intro_0.2_1
43,43,C,8722,Female,clvr_cost_0.1_intro_0.2_1
44,44,C,8922,Female,clvr_cost_0.1_intro_0.2_1
45,45,C,8826,Female,clvr_cost_0.1_intro_0.2_1
46,46,C,8940,Female,clvr_cost_0.1_intro_0.2_1
47,47,C,8788,Female,clvr_cost_0.1_intro_0.2_1
48,48,C,8678,Female,clvr_cost_0.1_intro_0.2_1
49,49,C,8430,Female,clvr_cost_0.1_intro_0.2_1
50,50,C,8600,Female,clvr_cost_0.1_intro_0.2_1
51,0,A,10000,Female,clvr_cost_0.1_intro_0.2_1
52,1,A,7361,Female,clvr_cost_0.1_intro_0.2_1
53,2,A,6414,Female,clvr_cost_0.1_intro_0.2_1
54,3,A,5476,Female,clvr_cost_0.1_intro_0.2_1
55,4,A,4085,Female,clvr_cost_0.1_intro_0.2_1
56,5,A,2568,Female,clvr_cost_0.1_intro_0.2_1
57,6,A,1209,Female,clvr_cost_0.1_intro_0.2_1
58,7,A,329,Female,clvr_cost_0.1_intro_0.2_1
59,8,A,29,Female,clvr_cost_0.1_intro_0.2_1
60,9,A,1,Female,clvr_cost_0.1_intro_0.2_1
61,10,A,0,Female,clvr_cost_0.1_intro_0.2_1
62,11,A,0,Female,clvr_cost_0.1_intro_0.2_1
63,12,A,0,Female,clvr_cost_0.1_intro_0.2_1
64,13,A,0,Female,clvr_cost_0.1_intro_0.2_1
65,14,A,0,Female,clvr_cost_0.1_intro_0.2_1
66,15,A,0,Female,clvr_cost_0.1_intro_0.2_1
67,16,A,0,Female,clvr_cost_0.1_intro_0.2_1
68,17,A,0,Female,clvr_cost_0.1_intro_0.2_1
69,18,A,0,Female,clvr_cost_0.1_intro_0.2_1
70,19,A,0,Female,clvr_cost_0.1_intro_0.2_1
71,20,A,0,Female,clvr_cost_0.1_intro_0.2_1
72,21,A,0,Female,clvr_cost_0.1_intro_0.2_1
73,22,A,0,Female,clvr_cost_0.1_intro_0.2_1
74,23,A,0,Female,clvr_cost_0.1_intro_0.2_1
75,24,A,0,Female,clvr_cost_0.1_intro_0.2_1
76,25,A,0,Female,clvr_cost_0.1_intro_0.2_1
77,26,A,0,Female,clvr_cost_0.1_intro_0.2_1
78,27,A,0,Female,clvr_cost_0.1_intro_0.2_1
79,28,A,0,Female,clvr_cost_0.1_intro_0.2_1
80,29,A,0,Female,clvr_cost_0.1_intro_0.2_1
81,30,A,0,Female,clvr_cost_0.1_intro_0.2_1
82,31,A,0,Female,clvr_cost_0.1_intro_0.2_1
83,32,A,0,Female,clvr_cost_0.1_intro_0.2_1
84,33,A,0,Female,clvr_cost_0.1_intro_0.2_1
85,34,A,0,Female,clvr_cost_0.1_intro_0.2_1
86,35,A,0,Female,clvr_cost_0.1_intro_0.2_1
87,36,A,0,Female,clvr_cost_0.1_intro_0.2_1
88,37,A,0,Female,clvr_cost_0.1_intro_0.2_1
89,38,A,0,Female,clvr_cost_0.1_intro_0.2_1
90,39,A,0,Female,clvr_cost_0.1_intro_0.2_1
91,40,A,0,Female,clvr_cost_0.1_intro_0.2_1
92,41,A,0,Female,clvr_cost_0.1_intro_0.2_1
93,42,A,0,Female,clvr_cost_0.1_intro_0.2_1
94,43,A,0,Female,clvr_cost_0.1_intro_0.2_1
95,44,A,0,Female,clvr_cost_0.1_intro_0.2_1
96,45,A,0,Female,clvr_cost_0.1_intro_0.2_1
97,46,A,0,Female,clvr_cost_0.1_intro_0.2_1
98,47,A,0,Female,clvr_cost_0.1_intro_0.2_1
99,48,A,0,Female,clvr_cost_0.1_intro_0.2_1
100,49,A,0,Female,clvr_cost_0.1_intro_0.2_1
101,50,A,0,Female,clvr_cost_0.1_intro_0.2_1
102,0,V,0,Female,clvr_cost_0.1_intro_0.2_1
103,1,V,1223,Female,clvr_cost_0.1_intro_0.2_1
104,2,V,1650,Female,clvr_cost_0.1_intro_0.2_1
105,3,V,2292,Female,clvr_cost_0.1_intro_0.2_1
106,4,V,3011,Female,clvr_cost_0.1_intro_0.2_1
107,5,V,4088,Female,clvr_cost_0.1_intro_0.2_1
108,6,V,5411,Female,clvr_cost_0.1_intro_0.2_1
109,7,V,6842,Female,clvr_cost_0.1_intro_0.2_1
110,8,V,7894,Female,clvr_cost_0.1_intro_0.2_1
111,9,V,8470,Female,clvr_cost_0.1_intro_0.2_1
112,10,V,8704,Female,clvr_cost_0.1_intro_0.2_1
113,11,V,8682,Female,clvr_cost_0.1_intro_0.2_1
114,12,V,8922,Female,clvr_cost_0.1_intro_0.2_1
115,13,V,8812,Female,clvr_cost_0.1_intro_0.2_1
116,14,V,8720,Female,clvr_cost_0.1_intro_0.2_1
117,15,V,8864,Female,clvr_cost_0.1_intro_0.2_1
118,16,V,8730,Female,clvr_cost_0.1_intro_0.2_1
119,17,V,8380,Female,clvr_cost_0.1_intro_0.2_1
120,18,V,8682,Female,clvr_cost_0.1_intro_0.2_1
121,19,V,8716,Female,clvr_cost_0.1_intro_0.2_1
122,20,V,8842,Female,clvr_cost_0.1_intro_0.2_1
123,21,V,8754,Female,clvr_cost_0.1_intro_0.2_1
124,22,V,8722,Female,clvr_cost_0.1_intro_0.2_1
125,23,V,8578,Female,clvr_cost_0.1_intro_0.2_1
126,24,V,8876,Female,clvr_cost_0.1_intro_0.2_1
127,25,V,8636,Female,clvr_cost_0.1_intro_0.2_1
128,26,V,8674,Female,clvr_cost_0.1_intro_0.2_1
129,27,V,8762,Female,clvr_cost_0.1_intro_0.2_1
130,28,V,8564,Female,clvr_cost_0.1_intro_0.2_1
131,29,V,8640,Female,clvr_cost_0.1_intro_0.2_1
132,30,V,8990,Female,clvr_cost_0.1_intro_0.2_1
133,31,V,8790,Female,clvr_cost_0.1_intro_0.2_1
134,32,V,8810,Female,clvr_cost_0.1_intro_0.2_1
135,33,V,8734,Female,clvr_cost_0.1_intro_0.2_1
136,34,V,8560,Female,clvr_cost_0.1_intro_0.2_1
137,35,V,8690,Female,clvr_cost_0.1_intro_0.2_1
138,36,V,8752,Female,clvr_cost_0.1_intro_0.2_1
139,37,V,8718,Female,clvr_cost_0.1_intro_0.2_1
140,38,V,8712,Female,clvr_cost_0.1_intro_0.2_1
141,39,V,8836,Female,clvr_cost_0.1_intro_0.2_1
142,40,V,8758,Female,clvr_cost_0.1_intro_0.2_1
143,41,V,8596,Female,clvr_cost_0.1_intro_0.2_1
144,42,V,8574,Female,clvr_cost_0.1_intro_0.2_1
145,43,V,8722,Female,clvr_cost_0.1_intro_0.2_1
146,44,V,8922,Female,clvr_cost_0.1_intro_0.2_1
147,45,V,8826,Female,clvr_cost_0.1_intro_0.2_1
148,46,V,8940,Female,clvr_cost_0.1_intro_0.2_1
149,47,V,8788,Female,clvr_cost_0.1_intro_0.2_1
150,48,V,8678,Female,clvr_cost_0.1_intro_0.2_1
151,49,V,8430,Female,clvr_cost_0.1_intro_0.2_1
152,50,V,8600,Female,clvr_cost_0.1_intro_0.2_1
153,0,W,10000,Female,clvr_cost_0.1_intro_0.2_1
154,1,W,7361,Female,clvr_cost_0.1_intro_0.2_1
155,2,W,6384,Female,clvr_cost_0.1_intro_0.2_1
156,3,W,5428,Female,clvr_cost_0.1_intro_0.2_1
157,4,W,4019,Female,clvr_cost_0.1_intro_0.2_1
158,5,W,2512,Female,clvr_cost_0.1_intro_0.2_1
159,6,W,1139,Female,clvr_cost_0.1_intro_0.2_1
160,7,W,290,Female,clvr_cost_0.1_intro_0.2_1
161,8,W,20,Female,clvr_cost_0.1_intro_0.2_1
162,9,W,0,Female,clvr_cost_0.1_intro_0.2_1
163,10,W,0,Female,clvr_cost_0.1_intro_0.2_1
164,11,W,0,Female,clvr_cost_0.1_intro_0.2_1
165,12,W,0,Female,clvr_cost_0.1_intro_0.2_1
166,13,W,0,Female,clvr_cost_0.1_intro_0.2_1
167,14,W,0,Female,clvr_cost_0.1_intro_0.2_1
168,15,W,0,Female,clvr_cost_0.1_intro_0.2_1
169,16,W,0,Female,clvr_cost_0.1_intro_0.2_1
170,17,W,0,Female,clvr_cost_0.1_intro_0.2_1
171,18,W,0,Female,clvr_cost_0.1_intro_0.2_1
172,19,W,0,Female,clvr_cost_0.1_intro_0.2_1
173,20,W,0,Female,clvr_cost_0.1_intro_0.2_1
174,21,W,0,Female,clvr_cost_0.1_intro_0.2_1
175,22,W,0,Female,clvr_cost_0.1_intro_0.2_1
176,23,W,0,Female,clvr_cost_0.1_intro_0.2_1
177,24,W,0,Female,clvr_cost_0.1_intro_0.2_1
178,25,W,0,Female,clvr_cost_0.1_intro_0.2_1
179,26,W,0,Female,clvr_cost_0.1_intro_0.2_1
180,27,W,0,Female,clvr_cost_0.1_intro_0.2_1
181,28,W,0,Female,clvr_cost_0.1_intro_0.2_1
182,29,W,0,Female,clvr_cost_0.1_intro_0.2_1
183,30,W,0,Female,clvr_cost_0.1_intro_0.2_1
184,31,W,0,Female,clvr_cost_0.1_intro_0.2_1
185,32,W,0,Female,clvr_cost_0.1_intro_0.2_1
186,33,W,0,Female,clvr_cost_0.1_intro_0.2_1
187,34,W,0,Female,clvr_cost_0.1_intro_0.2_1
188,35,W,0,Female,clvr_cost_0.1_intro_0.2_1
189,36,W,0,Female,clvr_cost_0.1_intro_0.2_1
190,37,W,0,Female,clvr_cost_0.1_intro_0.2_1
191,38,W,0,Female,clvr_cost_0.1_intro_0.2_1
192,39,W,0,Female,clvr_cost_0.1_intro_0.2_1
193,40,W,0,Female,clvr_cost_0.1_intro_0.2_1
194,41,W,0,Female,clvr_cost_0.1_intro_0.2_1
195,42,W,0,Female,clvr_cost_0.1_intro_0.2_1
196,43,W,0,Female,clvr_cost_0.1_intro_0.2_1
197,44,W,0,Female,clvr_cost_0.1_intro_0.2_1
198,45,W,0,Female,clvr_cost_0.1_intro_0.2_1
199,46,W,0,Female,clvr_cost_0.1_intro_0.2_1
200,47,W,0,Female,clvr_cost_0.1_intro_0.2_1
201,48,W,0,Female,clvr_cost_0.1_intro_0.2_1
202,49,W,0,Female,clvr_cost_0.1_intro_0.2_1
203,50,W,0,Female,clvr_cost_0.1_intro_0.2_1
204,0,C,4000,Male,clvr_cost_0.1_intro_0.2_1
205,1,C,1178,Male,clvr_cost_0.1_intro_0.2_1
206,2,C,1622,Male,clvr_cost_0.1_intro_0.2_1
207,3,C,2323,Male,clvr_cost_0.1_intro_0.2_1
208,4,C,3097,Male,clvr_cost_0.1_intro_0.2_1
209,5,C,4011,Male,clvr_cost_0.1_intro_0.2_1
210,6,C,5392,Male,clvr_cost_0.1_intro_0.2_1
211,7,C,6792,Male,clvr_cost_0.1_intro_0.2_1
212,8,C,8065,Male,clvr_cost_0.1_intro_0.2_1
213,9,C,8525,Male,clvr_cost_0.1_intro_0.2_1
214,10,C,8905,Male,clvr_cost_0.1_intro_0.2_1
215,11,C,8918,Male,clvr_cost_0.1_intro_0.2_1
216,12,C,8942,Male,clvr_cost_0.1_intro_0.2_1
217,13,C,8878,Male,clvr_cost_0.1_intro_0.2_1
218,14,C,8832,Male,clvr_cost_0.1_intro_0.2_1
219,15,C,8874,Male,clvr_cost_0.1_intro_0.2_1
220,16,C,9062,Male,clvr_cost_0.1_intro_0.2_1
221,17,C,8538,Male,clvr_cost_0.1_intro_0.2_1
222,18,C,8756,Male,clvr_cost_0.1_intro_0.2_1
223,19,C,8858,Male,clvr_cost_0.1_intro_0.2_1
224,20,C,8936,Male,clvr_cost_0.1_intro_0.2_1
225,21,C,8878,Male,clvr_cost_0.1_intro_0.2_1
226,22,C,8868,Male,clvr_cost_0.1_intro_0.2_1
227,23,C,8644,Male,clvr_cost_0.1_intro_0.2_1
228,24,C,9026,Male,clvr_cost_0.1_intro_0.2_1
229,25,C,8902,Male,clvr_cost_0.1_intro_0.2_1
230,26,C,8796,Male,clvr_cost_0.1_intro_0.2_1
231,27,C,8832,Male,clvr_cost_0.1_intro_0.2_1
232,28,C,9042,Male,clvr_cost_0.1_intro_0.2_1
233,29,C,8674,Male,clvr_cost_0.1_intro_0.2_1
234,30,C,9024,Male,clvr_cost_0.1_intro_0.2_1
235,31,C,8886,Male,clvr_cost_0.1_intro_0.2_1
236,32,C,8892,Male,clvr_cost_0.1_intro_0.2_1
237,33,C,8766,Male,clvr_cost_0.1_intro_0.2_1
238,34,C,8930,Male,clvr_cost_0.1_intro_0.2_1
239,35,C,8786,Male,clvr_cost_0.1_intro_0.2_1
240,36,C,8956,Male,clvr_cost_0.1_intro_0.2_1
241,37,C,8726,Male,clvr_cost_0.1_intro_0.2_1
242,38,C,8824,Male,clvr_cost_0.1_intro_0.2_1
243,39,C,8974,Male,clvr_cost_0.1_intro_0.2_1
244,40,C,8874,Male,clvr_cost_0.1_intro_0.2_1
245,41,C,8998,Male,clvr_cost_0.1_intro_0.2_1
246,42,C,8810,Male,clvr_cost_0.1_intro_0.2_1
247,43,C,8758,Male,clvr_cost_0.1_intro_0.2_1
248,44,C,8954,Male,clvr_cost_0.1_intro_0.2_1
249,45,C,8850,Male,clvr_cost_0.1_intro_0.2_1
250,46,C,8942,Male,clvr_cost_0.1_intro_0.2_1
251,47,C,8842,Male,clvr_cost_0.1_intro_0.2_1
252,48,C,8804,Male,clvr_cost_0.1_intro_0.2_1
253,49,C,8734,Male,clvr_cost_0.1_intro_0.2_1
254,50,C,8698,Male,clvr_cost_0.1_intro_0.2_1
255,0,A,10000,Male,clvr_cost_0.1_intro_0.2_1
256,1,A,7474,Male,clvr_cost_0.1_intro_0.2_1
257,2,A,6468,Male,clvr_cost_0.1_intro_0.2_1
258,3,A,5789,Male,clvr_cost_0.1_intro_0.2_1
259,4,A,4163,Male,clvr_cost_0.1_intro_0.2_1
260,5,A,2611,Male,clvr_cost_0.1_intro_0.2_1
261,6,A,1212,Male,clvr_cost_0.1_intro_0.2_1
262,7,A,342,Male,clvr_cost_0.1_intro_0.2_1
263,8,A,41,Male,clvr_cost_0.1_intro_0.2_1
264,9,A,5,Male,clvr_cost_0.1_intro_0.2_1
265,10,A,1,Male,clvr_cost_0.1_intro_0.2_1
266,11,A,0,Male,clvr_cost_0.1_intro_0.2_1
267,12,A,0,Male,clvr_cost_0.1_intro_0.2_1
268,13,A,0,Male,clvr_cost_0.1_intro_0.2_1
269,14,A,0,Male,clvr_cost_0.1_intro_0.2_1
270,15,A,0,Male,clvr_cost_0.1_intro_0.2_1
271,16,A,0,Male,clvr_cost_0.1_intro_0.2_1
272,17,A,0,Male,clvr_cost_0.1_intro_0.2_1
273,18,A,0,Male,clvr_cost_0.1_intro_0.2_1
274,19,A,0,Male,clvr_cost_0.1_intro_0.2_1
275,20,A,0,Male,clvr_cost_0.1_intro_0.2_1
276,21,A,0,Male,clvr_cost_0.1_intro_0.2_1
277,22,A,0,Male,clvr_cost_0.1_intro_0.2_1
278,23,A,0,Male,clvr_cost_0.1_intro_0.2_1
279,24,A,0,Male,clvr_cost_0.1_intro_0.2_1
280,25,A,0,Male,clvr_cost_0.1_intro_0.2_1
281,26,A,0,Male,clvr_cost_0.1_intro_0.2_1
282,27,A,0,Male,clvr_cost_0.1_intro_0.2_1
283,28,A,0,Male,clvr_cost_0.1_intro_0.2_1
284,29,A,0,Male,clvr_cost_0.1_intro_0.2_1
285,30,A,0,Male,clvr_cost_0.1_intro_0.2_1
286,31,A,0,Male,clvr_cost_0.1_intro_0.2_1
287,32,A,0,Male,clvr_cost_0.1_intro_0.2_1
288,33,A,0,Male,clvr_cost_0.1_intro_0.2_1
289,34,A,0,Male,clvr_cost_0.1_intro_0.2_1
290,35,A,0,Male,clvr_cost_0.1_intro_0.2_1
291,36,A,0,Male,clvr_cost_0.1_intro_0.2_1
292,37,A,0,Male,clvr_cost_0.1_intro_0.2_1
293,38,A,0,Male,clvr_cost_0.1_intro_0.2_1
294,39,A,0,Male,clvr_cost_0.1_intro_0.2_1
295,40,A,0,Male,clvr_cost_0.1_intro_0.2_1
296,41,A,0,Male,clvr_cost_0.1_intro_0.2_1
297,42,A,0,Male,clvr_cost_0.1_intro_0.2_1
298,43,A,0,Male,clvr_cost_0.1_intro_0.2_1
299,44,A,0,Male,clvr_cost_0.1_intro_0.2_1
300,45,A,0,Male,clvr_cost_0.1_intro_0.2_1
301,46,A,0,Male,clvr_cost_0.1_intro_0.2_1
302,47,A,0,Male,clvr_cost_0.1_intro_0.2_1
303,48,A,0,Male,clvr_cost_0.1_intro_0.2_1
304,49,A,0,Male,clvr_cost_0.1_intro_0.2_1
305,50,A,0,Male,clvr_cost_0.1_intro_0.2_1
306,0,V,4000,Male,clvr_cost_0.1_intro_0.2_1
307,1,V,1178,Male,clvr_cost_0.1_intro_0.2_1
308,2,V,1658,Male,clvr_cost_0.1_intro_0.2_1
309,3,V,2376,Male,clvr_cost_0.1_intro_0.2_1
310,4,V,3158,Male,clvr_cost_0.1_intro_0.2_1
311,5,V,4072,Male,clvr_cost_0.1_intro_0.2_1
312,6,V,5451,Male,clvr_cost_0.1_intro_0.2_1
313,7,V,6827,Male,clvr_cost_0.1_intro_0.2_1
314,8,V,8082,Male,clvr_cost_0.1_intro_0.2_1
315,9,V,8529,Male,clvr_cost_0.1_intro_0.2_1
316,10,V,8905,Male,clvr_cost_0.1_intro_0.2_1
317,11,V,8918,Male,clvr_cost_0.1_intro_0.2_1
318,12,V,8942,Male,clvr_cost_0.1_intro_0.2_1
319,13,V,8878,Male,clvr_cost_0.1_intro_0.2_1
320,14,V,8832,Male,clvr_cost_0.1_intro_0.2_1
321,15,V,8874,Male,clvr_cost_0.1_intro_0.2_1
322,16,V,9062,Male,clvr_cost_0.1_intro_0.2_1
323,17,V,8538,Male,clvr_cost_0.1_intro_0.2_1
324,18,V,8756,Male,clvr_cost_0.1_intro_0.2_1
325,19,V,8858,Male,clvr_cost_0.1_intro_0.2_1
326,20,V,8936,Male,clvr_cost_0.1_intro_0.2_1
327,21,V,8878,Male,clvr_cost_0.1_intro_0.2_1
328,22,V,8868,Male,clvr_cost_0.1_intro_0.2_1
329,23,V,8644,Male,clvr_cost_0.1_intro_0.2_1
330,24,V,9026,Male,clvr_cost_0.1_intro_0.2_1
331,25,V,8902,Male,clvr_cost_0.1_intro_0.2_1
332,26,V,8796,Male,clvr_cost_0.1_intro_0.2_1
333,27,V,8832,Male,clvr_cost_0.1_intro_0.2_1
334,28,V,9042,Male,clvr_cost_0.1_intro_0.2_1
335,29,V,8674,Male,clvr_cost_0.1_intro_0.2_1
336,30,V,9024,Male,clvr_cost_0.1_intro_0.2_1
337,31,V,8886,Male,clvr_cost_0.1_intro_0.2_1
338,32,V,8892,Male,clvr_cost_0.1_intro_0.2_1
339,33,V,8766,Male,clvr_cost_0.1_intro_0.2_1
340,34,V,8930,Male,clvr_cost_0.1_intro_0.2_1
341,35,V,8786,Male,clvr_cost_0.1_intro_0.2_1
342,36,V,8956,Male,clvr_cost_0.1_intro_0.2_1
343,37,V,8726,Male,clvr_cost_0.1_intro_0.2_1
344,38,V,8824,Male,clvr_cost_0.1_intro_0.2_1
345,39,V,8974,Male,clvr_cost_0.1_intro_0.2_1
346,40,V,8874,Male,clvr_cost_0.1_intro_0.2_1
347,41,V,8998,Male,clvr_cost_0.1_intro_0.2_1
348,42,V,8810,Male,clvr_cost_0.1_intro_0.2_1
349,43,V,8758,Male,clvr_cost_0.1_intro_0.2_1
350,44,V,8954,Male,clvr_cost_0.1_intro_0.2_1
351,45,V,8850,Male,clvr_cost_0.1_intro_0.2_1
352,46,V,8942,Male,clvr_cost_0.1_intro_0.2_1
353,47,V,8842,Male,clvr_cost_0.1_intro_0.2_1
354,48,V,8804,Male,clvr_cost_0.1_intro_0.2_1
355,49,V,8734,Male,clvr_cost_0.1_intro_0.2_1
356,50,V,8698,Male,clvr_cost_0.1_intro_0.2_1
357,0,W,10000,Male,clvr_cost_0.1_intro_0.2_1
358,1,W,7474,Male,clvr_cost_0.1_intro_0.2_1
359,2,W,6432,Male,clvr_cost_0.1_intro_0.2_1
360,3,W,5736,Male,clvr_cost_0.1_intro_0.2_1
361,4,W,4102,Male,clvr_cost_0.1_intro_0.2_1
362,5,W,2550,Male,clvr_cost_0.1_intro_0.2_1
363,6,W,1153,Male,clvr_cost_0.1_intro_0.2_1
364,7,W,307,Male,clvr_cost_0.1_intro_0.2_1
365,8,W,24,Male,clvr_cost_0.1_intro_0.2_1
366,9,W,1,Male,clvr_cost_0.1_intro_0.2_1
367,10,W,1,Male,clvr_cost_0.1_intro_0.2_1
368,11,W,0,Male,clvr_cost_0.1_intro_0.2_1
369,12,W,0,Male,clvr_cost_0.1_intro_0.2_1
370,13,W,0,Male,clvr_cost_0.1_intro_0.2_1
371,14,W,0,Male,clvr_cost_0.1_intro_0.2_1
372,15,W,0,Male,clvr_cost_0.1_intro_0.2_1
373,16,W,0,Male,clvr_cost_0.1_intro_0.2_1
374,17,W,0,Male,clvr_cost_0.1_intro_0.2_1
375,18,W,0,Male,clvr_cost_0.1_intro_0.2_1
376,19,W,0,Male,clvr_cost_0.1_intro_0.2_1
377,20,W,0,Male,clvr_cost_0.1_intro_0.2_1
378,21,W,0,Male,clvr_cost_0.1_intro_0.2_1
379,22,W,0,Male,clvr_cost_0.1_intro_0.2_1
380,23,W,0,Male,clvr_cost_0.1_intro_0.2_1
381,24,W,0,Male,clvr_cost_0.1_intro_0.2_1
382,25,W,0,Male,clvr_cost_0.1_intro_0.2_1
383,26,W,0,Male,clvr_cost_0.1_intro_0.2_1
384,27,W,0,Male,clvr_cost_0.1_intro_0.2_1
385,28,W,0,Male,clvr_cost_0.1_intro_0.2_1
386,29,W,0,Male,clvr_cost_0.1_intro_0.2_1
387,30,W,0,Male,clvr_cost_0.1_intro_0.2_1
388,31,W,0,Male,clvr_cost_0.1_intro_0.2_1
389,32,W,0,Male,clvr_cost_0.1_intro_0.2_1
390,33,W,0,Male,clvr_cost_0.1_intro_0.2_1
391,34,W,0,Male,clvr_cost_0.1_intro_0.2_1
392,35,W,0,Male,clvr_cost_0.1_intro_0.2_1
393,36,W,0,Male,clvr_cost_0.1_intro_0.2_1
394,37,W,0,Male,clvr_cost_0.1_intro_0.2_1
395,38,W,0,Male,clvr_cost_0.1_intro_0.2_1
396,39,W,0,Male,clvr_cost_0.1_intro_0.2_1
397,40,W,0,Male,clvr_cost_0.1_intro_0.2_1
398,41,W,0,Male,clvr_cost_0.1_intro_0.2_1
399,42,W,0,Male,clvr_cost_0.1_intro_0.2_1
400,43,W,0,Male,clvr_cost_0.1_intro_0.2_1
401,44,W,0,Male,clvr_cost_0.1_intro_0.2_1
402,45,W,0,Male,clvr_cost_0.1_intro_0.2_1
403,46,W,0,Male,clvr_cost_0.1_intro_0.2_1
404,47,W,0,Male,clvr_cost_0.1_intro_0.2_1
405,48,W,0,Male,clvr_cost_0.1_intro_0.2_1
406,49,W,0,Male,clvr_cost_0.1_intro_0.2_1
407,50,W,0,Male,clvr_cost_0.1_intro_0.2_1
,Generation,Allele,Count,Sex,Run
0,0,C,0,Female,clvr_cost_0.1_intro_0.2_2
1,1,C,1206,Female,clvr_cost_0.1_intro_0.2_2
2,2,C,1724,Female,clvr_cost_0.1_intro_0.2_2
3,3,C,2373,Female,clvr_cost_0.1_intro_0.2_2
4,4,C,3048,Female,clvr_cost_0.1_intro_0.2_2
5,5,C,4180,Female,clvr_cost_0.1_intro_0.2_2
6,6,C,5357,Female,clvr_cost_0.1_intro_0.2_2
7,7,C,6868,Female,clvr_cost_0.1_intro_0.2_2
8,8,C,8033,Female,clvr_cost_0.1_intro_0.2_2
9,9,C,8378,Female,clvr_cost_0.1_intro_0.2_2
10,10,C,8658,Female,clvr_cost_0.1_intro_0.2_2
11,11,C,8894,Female,clvr_cost_0.1_intro_0.2_2
12,12,C,8640,Female,clvr_cost_0.1_intro_0.2_2
13,13,C,8646,Female,clvr_cost_0.1_intro_0.2_2
14,14,C,8404,Female,clvr_cost_0.1_intro_0.2_2
15,15,C,8436,Female,clvr_cost_0.1_intro_0.2_2
16,16,C,8634,Female,clvr_cost_0.1_intro_0.2_2
17,17,C,8838,Female,clvr_cost_0.1_intro_0.2_2
18,18,C,8904,Female,clvr_cost_0.1_intro_0.2_2
19,19,C,8560,Female,clvr_cost_0.1_intro_0.2_2
20,20,C,8578,Female,clvr_cost_0.1_intro_0.2_2
21,21,C,8830,Female,clvr_cost_0.1_intro_0.2_2
22,22,C,8894,Female,clvr_cost_0.1_intro_0.2_2
23,23,C,8742,Female,clvr_cost_0.1_intro_0.2_2
24,24,C,8598,Female,clvr_cost_0.1_intro_0.2_2
25,25,C,8514,Female,clvr_cost_0.1_intro_0.2_2
26,26,C,8812,Female,clvr_cost_0.1_intro_0.2_2
27,27,C,8652,Female,clvr_cost_0.1_intro_0.2_2
28,28,C,8822,Female,clvr_cost_0.1_intro_0.2_2
29,29,C,8614,Female,clvr_cost_0.1_intro_0.2_2
30,30,C,8580,Female,clvr_cost_0.1_intro_0.2_2
31,31,C,8602,Female,clvr_cost_0.1_intro_0.2_2
32,32,C,9014,Female,clvr_cost_0.1_intro_0.2_2
33,33,C,8804,Female,clvr_cost_0.1_intro_0.2_2
34,34,C,9078,Female,clvr_cost_0.1_intro_0.2_2
35,35,C,8926,Female,clvr_cost_0.1_intro_0.2_2
36,36,C,8668,Female,clvr_cost_0.1_intro_0.2_2
37,37,C,8802,Female,clvr_cost_0.1_intro_0.2_2
38,38,C,8828,Female,clvr_cost_0.1_intro_0.2_2
39,39,C,8916,Female,clvr_cost_0.1_intro_0.2_2
40,40,C,8786,Female,clvr_cost_0.1_intro_0.2_2
41,41,C,8686,Female,clvr_cost_0.1_intro_0.2_2
42,42,C,8752,Female,clvr_cost_0.1_intro_0.2_2
43,43,C,8824,Female,clvr_cost_0.1_intro_0.2_2
44,44,C,8716,Female,clvr_cost_0.1_intro_0.2_2
45,45,C,8696,Female,clvr_cost_0.1_intro_0.2_2
46,46,C,8892,Female,clvr_cost_0.1_intro_0.2_2
47,47,C,8942,Female,clvr_cost_0.1_intro_0.2_2
48,48,C,8792,Female,clvr_cost_0.1_intro_0.2_2
49,49,C,8684,Female,clvr_cost_0.1_intro_0.2_2
50,50,C,8726,Female,clvr_cost_0.1_intro_0.2_2
51,0,A,10000,Female,clvr_cost_0.1_intro_0.2_2
52,1,A,7312,Female,clvr_cost_0.1_intro_0.2_2
53,2,A,6428,Female,clvr_cost_0.1_intro_0.2_2
54,3,A,5405,Female,clvr_cost_0.1_intro_0.2_2
55,4,A,3858,Female,clvr_cost_0.1_intro_0.2_2
56,5,A,2344,Female,clvr_cost_0.1_intro_0.2_2
57,6,A,1089,Female,clvr_cost_0.1_intro_0.2_2
58,7,A,294,Female,clvr_cost_0.1_intro_0.2_2
59,8,A,21,Female,clvr_cost_0.1_intro_0.2_2
60,9,A,0,Female,clvr_cost_0.1_intro_0.2_2
61,10,A,0,Female,clvr_cost_0.1_intro_0.2_2
62,11,A,0,Female,clvr_cost_0.1_intro_0.2_2
63,12,A,0,Female,clvr_cost_0.1_intro_0.2_2
64,13,A,0,Female,clvr_cost_0.1_intro_0.2_2
65,14,A,0,Female,clvr_cost_0.1_intro_0.2_2
66,15,A,0,Female,clvr_cost_0.1_intro_0.2_2
67,16,A,0,Female,clvr_cost_0.1_intro_0.2_2
68,17,A,0,Female,clvr_cost_0.1_intro_0.2_2
69,18,A,0,Female,clvr_cost_0.1_intro_0.2_2
70,19,A,0,Female,clvr_cost_0.1_intro_0.2_2
71,20,A,0,Female,clvr_cost_0.1_intro_0.2_2
72,21,A,0,Female,clvr_cost_0.1_intro_0.2_2
73,22,A,0,Female,clvr_cost_0.1_intro_0.2_2
74,23,A,0,Female,clvr_cost_0.1_intro_0.2_2
75,24,A,0,Female,clvr_cost_0.1_intro_0.2_2
76,25,A,0,Female,clvr_cost_0.1_intro_0.2_2
77,26,A,0,Female,clvr_cost_0.1_intro_0.2_2
78,27,A,0,Female,clvr_cost_0.1_intro_0.2_2
79,28,A,0,Female,clvr_cost_0.1_intro_0.2_2
80,29,A,0,Female,clvr_cost_0.1_intro_0.2_2
81,30,A,0,Female,clvr_cost_0.1_intro_0.2_2
82,31,A,0,Female,clvr_cost_0.1_intro_0.2_2
83,32,A,0,Female,clvr_cost_0.1_intro_0.2_2
84,33,A,0,Female,clvr_cost_0.1_intro_0.2_2
85,34,A,0,Female,clvr_cost_0.1_intro_0.2_2
86,35,A,0,Female,clvr_cost_0.1_intro_0.2_2
87,36,A,0,Female,clvr_cost_0.1_intro_0.2_2
88,37,A,0,Female,clvr_cost_0.1_intro_0.2_2
89,38,A,0,Female,clvr_cost_0.1_intro_0.2_2
90,39,A,0,Female,clvr_cost_0.1_intro_0.2_2
91,40,A,0,Female,clvr_cost_0.1_intro_0.2_2
92,41,A,0,Female,clvr_cost_0.1_intro_0.2_2
93,42,A,0,Female,clvr_cost_0.1_intro_0.2_2
94,43,A,0,Female,clvr_cost_0.1_intro_0.2_2
95,44,A,0,Female,clvr_cost_0.1_intro_0.2_2
96,45,A,0,Female,clvr_cost_0.1_intro_0.2_2
97,46,A,0,Female,clvr_cost_0.1_intro_0.2_2
98,47,A,0,Female,clvr_cost_0.1_intro_0.2_2
99,48,A,0,Female,clvr_cost_0.1_intro_0.2_2
100,49,A,0,Female,clvr_cost_0.1_intro_0.2_2
101,50,A,0,Female,clvr_cost_0.1_intro_0.2_2
102,0,V,0,Female,clvr_cost_0.1_intro_0.2_2
103,1,V,1206,Female,clvr_cost_0.1_intro_0.2_2
104,2,V,1764,Female,clvr_cost_0.1_intro_0.2_2
105,3,V,2421,Female,clvr_cost_0.1_intro_0.2_2
106,4,V,3116,Female,clvr_cost_0.1_intro_0.2_2
107,5,V,4246,Female,clvr_cost_0.1_intro_0.2_2
108,6,V,5422,Female,clvr_cost_0.1_intro_0.2_2
109,7,V,6911,Female,clvr_cost_0.1_intro_0.2_2
110,8,V,8044,Female,clvr_cost_0.1_intro_0.2_2
111,9,V,8378,Female,clvr_cost_0.1_intro_0.2_2
112,10,V,8658,Female,clvr_cost_0.1_intro_0.2_2
113,11,V,8894,Female,clvr_cost_0.1_intro_0.2_2
114,12,V,8640,Female,clvr_cost_0.1_intro_0.2_2
115,13,V,8646,Female,clvr_cost_0.1_intro_0.2_2
116,14,V,8404,Female,clvr_cost_0.1_intro_0.2_2
117,15,V,8436,Female,clvr_cost_0.1_intro_0.2_2
118,16,V,8634,Female,clvr_cost_0.1_intro_0.2_2
119,17,V,8838,Female,clvr_cost_0.1_intro_0.2_2
120,18,V,8904,Female,clvr_cost_0.1_intro_0.2_2
121,19,V,8560,Female,clvr_cost_0.1_intro_0.2_2
122,20,V,8578,Female,clvr_cost_0.1_intro_0.2_2
123,21,V,8830,Female,clvr_cost_0.1_intro_0.2_2
124,22,V,8894,Female,clvr_cost_0.1_intro_0.2_2
125,23,V,8742,Female,clvr_cost_0.1_intro_0.2_2
126,24,V,8598,Female,clvr_cost_0.1_intro_0.2_2
127,25,V,8514,Female,clvr_cost_0.1_intro_0.2_2
128,26,V,8812,Female,clvr_cost_0.1_intro_0.2_2
129,27,V,8652,Female,clvr_cost_0.1_intro_0.2_2
130,28,V,8822,Female,clvr_cost_0.1_intro_0.2_2
131,29,V,8614,Female,clvr_cost_0.1_intro_0.2_2
132,30,V,8580,Female,clvr_cost_0.1_intro_0.2_2
133,31,V,8602,Female,clvr_cost_0.1_intro_0.2_2
134,32,V,9014,Female,clvr_cost_0.1_intro_0.2_2
135,33,V,8804,Female,clvr_cost_0.1_intro_0.2_2
136,34,V,9078,Female,clvr_cost_0.1_intro_0.2_2
137,35,V,8926,Female,clvr_cost_0.1_intro_0.2_2
138,36,V,8668,Female,clvr_cost_0.1_intro_0.2_2
139,37,V,8802,Female,clvr_cost_0.1_intro_0.2_2
140,38,V,8828,Female,clvr_cost_0.1_intro_0.2_2
141,39,V,8916,Female,clvr_cost_0.1_intro_0.2_2
142,40,V,8786,Female,clvr_cost_0.1_intro_0.2_2
143,41,V,8686,Female,clvr_cost_0.1_intro_0.2_2
144,42,V,8752,Female,clvr_cost_0.1_intro_0.2_2
145,43,V,8824,Female,clvr_cost_0.1_intro_0.2_2
146,44,V,8716,Female,clvr_cost_0.1_intro_0.2_2
147,45,V,8696,Female,clvr_cost_0.1_intro_0.2_2
148,46,V,8892,Female,clvr_cost_0.1_intro_0.2_2
149,47,V,8942,Female,clvr_cost_0.1_intro_0.2_2
150,48,V,8792,Female,clvr_cost_0.1_intro_0.2_2
151,49,V,8684,Female,clvr_cost_0.1_intro_0.2_2
152,50,V,8726,Female,clvr_cost_0.1_intro_0.2_2
153,0,W,10000,Female,clvr_cost_0.1_intro_0.2_2
154,1,W,7312,Female,clvr_cost_0.1_intro_0.2_2
155,2,W,6388,Female,clvr_cost_0.1_intro_0.2_2
156,3,W,5357,Female,clvr_cost_0.1_intro_0.2_2
157,4,W,3790,Female,clvr_cost_0.1_intro_0.2_2
158,5,W,2278,Female,clvr_cost_0.1_intro_0.2_2
159,6,W,1024,Female,clvr_cost_0.1_intro_0.2_2
160,7,W,251,Female,clvr_cost_0.1_intro_0.2_2
161,8,W,10,Female,clvr_cost_0.1_intro_0.2_2
162,9,W,0,Female,clvr_cost_0.1_intro_0.2_2
163,10,W,0,Female,clvr_cost_0.1_intro_0.2_2
164,11,W,0,Female,clvr_cost_0.1_intro_0.2_2
165,12,W,0,Female,clvr_cost_0.1_intro_0.2_2
166,13,W,0,Female,clvr_cost_0.1_intro_0.2_2
167,14,W,0,Female,clvr_cost_0.1_intro_0.2_2
168,15,W,0,Female,clvr_cost_0.1_intro_0.2_2
169,16,W,0,Female,clvr_cost_0.1_intro_0.2_2
170,17,W,0,Female,clvr_cost_0.1_intro_0.2_2
171,18,W,0,Female,clvr_cost_0.1_intro_0.2_2
172,19,W,0,Female,clvr_cost_0.1_intro_0.2_2
173,20,W,0,Female,clvr_cost_0.1_intro_0.2_2
174,21,W,0,Female,clvr_cost_0.1_intro_0.2_2
175,22,W,0,Female,clvr_cost_0.1_intro_0.2_2
176,23,W,0,Female,clvr_cost_0.1_intro_0.2_2
177,24,W,0,Female,clvr_cost_0.1_intro_0.2_2
178,25,W,0,Female,clvr_cost_0.1_intro_0.2_2
179,26,W,0,Female,clvr_cost_0.1_intro_0.2_2
180,27,W,0,Female,clvr_cost_0.1_intro_0.2_2
181,28,W,0,Female,clvr_cost_0.1_intro_0.2_2
182,29,W,0,Female,clvr_cost_0.1_intro_0.2_2
183,30,W,0,Female,clvr_cost_0.1_intro_0.2_2
184,31,W,0,Female,clvr_cost_0.1_intro_0.2_2
185,32,W,0,Female,clvr_cost_0.1_intro_0.2_2
186,33,W,0,Female,clvr_cost_0.1_intro_0.2_2
187,34,W,0,Female,clvr_cost_0.1_intro_0.2_2
188,35,W,0,Female,clvr_cost_0.1_intro_0.2_2
189,36,W,0,Female,clvr_cost_0.1_intro_0.2_2
190,37,W,0,Female,clvr_cost_0.1_intro_0.2_2
191,38,W,0,Female,clvr_cost_0.1_intro_0.2_2
192,39,W,0,Female,clvr_cost_0.1_intro_0.2_2
193,40,W,0,Female,clvr_cost_0.1_intro_0.2_2
194,41,W,0,Female,clvr_cost_0.1_intro_0.2_2
195,42,W,0,Female,clvr_cost_0.1_intro_0.2_2
196,43,W,0,Female,clvr_cost_0.1_intro_0.2_2
197,44,W,0,Female,clvr_cost_0.1_intro_0.2_2
198,45,W,0,Female,clvr_cost_0.1_intro_0.2_2
199,46,W,0,Female,clvr_cost_0.1_intro_0.2_2
200,47,W,0,Female,clvr_cost_0.1_intro_0.2_2
201,48,W,0,Female,clvr_cost_0.1_intro_0.2_2
202,49,W,0,Female,clvr_cost_0.1_intro_0.2_2
203,50,W,0,Female,clvr_cost_0.1_intro_0.2_2
204,0,C,4000,Male,clvr_cost_0.1_intro_0.2_2
205,1,C,1231,Male,clvr_cost_0.1_intro_0.2_2
206,2,C,1735,Male,clvr_cost_0.1_intro_0.2_2
207,3,C,2410,Male,clvr_cost_0.1_intro_0.2_2
208,4,C,3218,Male,clvr_cost_0.1_intro_0.2_2
209,5,C,4143,Male,clvr_cost_0.1_intro_0.2_2
210,6,C,5443,Male,clvr_cost_0.1_intro_0.2_2
211,7,C,6914,Male,clvr_cost_0.1_intro_0.2_2
212,8,C,8170,Male,clvr_cost_0.1_intro_0.2_2
213,9,C,8751,Male,clvr_cost_0.1_intro_0.2_2
214,10,C,8896,Male,clvr_cost_0.1_intro_0.2_2
215,11,C,8926,Male,clvr_cost_0.1_intro_0.2_2
216,12,C,8776,Male,clvr_cost_0.1_intro_0.2_2
217,13,C,8992,Male,clvr_cost_0.1_intro_0.2_2
218,14,C,8786,Male,clvr_cost_0.1_intro_0.2_2
219,15,C,8600,Male,clvr_cost_0.1_intro_0.2_2
220,16,C,8762,Male,clvr_cost_0.1_intro_0.2_2
221,17,C,9136,Male,clvr_cost_0.1_intro_0.2_2
222,18,C,8928,Male,clvr_cost_0.1_intro_0.2_2
223,19,C,8982,Male,clvr_cost_0.1_intro_0.2_2
224,20,C,8642,Male,clvr_cost_0.1_intro_0.2_2
225,21,C,8946,Male,clvr_cost_0.1_intro_0.2_2
226,22,C,9104,Male,clvr_cost_0.1_intro_0.2_2
227,23,C,8876,Male,clvr_cost_0.1_intro_0.2_2
228,24,C,8906,Male,clvr_cost_0.1_intro_0.2_2
229,25,C,8582,Male,clvr_cost_0.1_intro_0.2_2
230,26,C,8856,Male,clvr_cost_0.1_intro_0.2_2
231,27,C,8782,Male,clvr_cost_0.1_intro_0.2_2
232,28,C,8876,Male,clvr_cost_0.1_intro_0.2_2
233,29,C,8740,Male,clvr_cost_0.1_intro_0.2_2
234,30,C,8834,Male,clvr_cost_0.1_intro_0.2_2
235,31,C,8816,Male,clvr_cost_0.1_intro_0.2_2
236,32,C,9044,Male,clvr_cost_0.1_intro_0.2_2
237,33,C,8812,Male,clvr_cost_0.1_intro_0.2_2
238,34,C,9182,Male,clvr_cost_0.1_intro_0.2_2
239,35,C,9130,Male,clvr_cost_0.1_intro_0.2_2
240,36,C,8766,Male,clvr_cost_0.1_intro_0.2_2
241,37,C,8822,Male,clvr_cost_0.1_intro_0.2_2
242,38,C,8974,Male,clvr_cost_0.1_intro_0.2_2
243,39,C,8946,Male,clvr_cost_0.1_intro_0.2_2
244,40,C,8818,Male,clvr_cost_0.1_intro_0.2_2
245,41,C,8776,Male,clvr_cost_0.1_intro_0.2_2
246,42,C,8974,Male,clvr_cost_0.1_intro_0.2_2
247,43,C,8896,Male,clvr_cost_0.1_intro_0.2_2
248,44,C,8958,Male,clvr_cost_0.1_intro_0.2_2
249,45,C,8754,Male,clvr_cost_0.1_intro_0.2_2
250,46,C,8916,Male,clvr_cost_0.1_intro_0.2_2
251,47,C,9020,Male,clvr_cost_0.1_intro_0.2_2
252,48,C,8958,Male,clvr_cost_0.1_intro_0.2_2
253,49,C,8968,Male,clvr_cost_0.1_intro_0.2_2
254,50,C,8786,Male,clvr_cost_0.1_intro_0.2_2
255,0,A,10000,Male,clvr_cost_0.1_intro_0.2_2
256,1,A,7375,Male,clvr_cost_0.1_intro_0.2_2
257,2,A,6527,Male,clvr_cost_0.1_intro_0.2_2
258,3,A,5444,Male,clvr_cost_0.1_intro_0.2_2
259,4,A,4018,Male,clvr_cost_0.1_intro_0.2_2
260,5,A,2407,Male,clvr_cost_0.1_intro_0.2_2
261,6,A,1069,Male,clvr_cost_0.1_intro_0.2_2
262,7,A,274,Male,clvr_cost_0.1_intro_0.2_2
263,8,A,26,Male,clvr_cost_0.1_intro_0.2_2
264,9,A,1,Male,clvr_cost_0.1_intro_0.2_2
265,10,A,0,Male,clvr_cost_0.1_intro_0.2_2
266,11,A,0,Male,clvr_cost_0.1_intro_0.2_2
267,12,A,0,Male,clvr_cost_0.1_intro_0.2_2
268,13,A,0,Male,clvr_cost_0.1_intro_0.2_2
269,14,A,0,Male,clvr_cost_0.1_intro_0.2_2
270,15,A,0,Male,clvr_cost_0.1_intro_0.2_2
271,16,A,0,Male,clvr_cost_0.1_intro_0.2_2
272,17,A,0,Male,clvr_cost_0.1_intro_0.2_2
273,18,A,0,Male,clvr_cost_0.1_intro_0.2_2
274,19,A,0,Male,clvr_cost_0.1_intro_0.2_2
275,20,A,0,Male,clvr_cost_0.1_intro_0.2_2
276,21,A,0,Male,clvr_cost_0.1_intro_0.2_2
277,22,A,0,Male,clvr_cost_0.1_intro_0.2_2
278,23,A,0,Male,clvr_cost_0.1_intro_0.2_2
279,24,A,0,Male,clvr_cost_0.1_intro_0.2_2
280,25,A,0,Male,clvr_cost_0.1_intro_0.2_2
281,26,A,0,Male,clvr_cost_0.1_intro_0.2_2
282,27,A,0,Male,clvr_cost_0.1_intro_0.2_2
283,28,A,0,Male,clvr_cost_0.1_intro_0.2_2
284,29,A,0,Male,clvr_cost_0.1_intro_0.2_2
285,30,A,0,Male,clvr_cost_0.1_intro_0.2_2
286,31,A,0,Male,clvr_cost_0.1_intro_0.2_2
287,32,A,0,Male,clvr_cost_0.1_intro_0.2_2
288,33,A,0,Male,clvr_cost_0.1_intro_0.2_2
289,34,A,0,Male,clvr_cost_0.1_intro_0.2_2
290,35,A,0,Male,clvr_cost_0.1_intro_0.2_2
291,36,A,0,Male,clvr_cost_0.1_intro_0.2_2
292,37,A,0,Male,clvr_cost_0.1_intro_0.2_2
293,38,A,0,Male,clvr_cost_0.1_intro_0.2_2
294,39,A,0,Male,clvr_cost_0.1_intro_0.2_2
295,40,A,0,Male,clvr_cost_0.1_intro_0.2_2
296,41,A,0,Male,clvr_cost_0.1_intro_0.2_2
297,42,A,0,Male,clvr_cost_0.1_intro_0.2_2
298,43,A,0,Male,clvr_cost_0.1_intro_0.2_2
299,44,A,0,Male,clvr_cost_0.1_intro_0.2_2
300,45,A,0,Male,clvr_cost_0.1_intro_0.2_2
301,46,A,0,Male,clvr_cost_0.1_intro_0.2_2
302,47,A,0,Male,clvr_cost_0.1_intro_0.2_2
303,48,A,0,Male,clvr_cost_0.1_intro_0.2_2
304,49,A,0,Male,clvr_cost_0.1_intro_0.2_2
305,50,A,0,Male,clvr_cost_0.1_intro_0.2_2
306,0,V,4000,Male,clvr_cost_0.1_intro_0.2_2
307,1,V,1231,Male,clvr_cost_0.1_intro_0.2_2
308,2,V,1777,Male,clvr_cost_0.1_intro_0.2_2
309,3,V,2462,Male,clvr_cost_0.1_intro_0.2_2
310,4,V,3285,Male,clvr_cost_0.1_intro_0.2_2
311,5,V,4212,Male,clvr_cost_0.1_intro_0.2_2
312,6,V,5514,Male,clvr_cost_0.1_intro_0.2_2
313,7,V,6955,Male,clvr_cost_0.1_intro_0.2_2
314,8,V,8179,Male,clvr_cost_0.1_intro_0.2_2
315,9,V,8752,Male,clvr_cost_0.1_intro_0.2_2
316,10,V,8896,Male,clvr_cost_0.1_intro_0.2_2
317,11,V,8926,Male,clvr_cost_0.1_intro_0.2_2
318,12,V,8776,Male,clvr_cost_0.1_intro_0.2_2
319,13,V,8992,Male,clvr_cost_0.1_intro_0.2_2
320,14,V,8786,Male,clvr_cost_0.1_intro_0.2_2
321,15,V,8600,Male,clvr_cost_0.1_intro_0.2_2
322,16,V,8762,Male,clvr_cost_0.1_intro_0.2_2
323,17,V,9136,Male,clvr_cost_0.1_intro_0.2_2
324,18,V,8928,Male,clvr_cost_0.1_intro_0.2_2
325,19,V,8982,Male,clvr_cost_0.1_intro_0.2_2
326,20,V,8642,Male,clvr_cost_0.1_intro_0.2_2
327,21,V,8946,Male,clvr_cost_0.1_intro_0.2_2
328,22,V,9104,Male,clvr_cost_0.1_intro_0.2_2
329,23,V,8876,Male,clvr_cost_0.1_intro_0.2_2
330,24,V,8906,Male,clvr_cost_0.1_intro_0.2_2
331,25,V,8582,Male,clvr_cost_0.1_intro_0.2_2
332,26,V,8856,Male,clvr_cost_0.1_intro_0.2_2
333,27,V,8782,Male,clvr_cost_0.1_intro_0.2_2
334,28,V,8876,Male,clvr_cost_0.1_intro_0.2_2
335,29,V,8740,Male,clvr_cost_0.1_intro_0.2_2
336,30,V,8834,Male,clvr_cost_0.1_intro_0.2_2
337,31,V,8816,Male,clvr_cost_0.1_intro_0.2_2
338,32,V,9044,Male,clvr_cost_0.1_intro_0.2_2
339,33,V,8812,Male,clvr_cost_0.1_intro_0.2_2
340,34,V,9182,Male,clvr_cost_0.1_intro_0.2_2
341,35,V,9130,Male,clvr_cost_0.1_intro_0.2_2
342,36,V,8766,Male,clvr_cost_0.1_intro_0.2_2
343,37,V,8822,Male,clvr_cost_0.1_intro_0.2_2
344,38,V,8974,Male,clvr_cost_0.1_intro_0.2_2
345,39,V,8946,Male,clvr_cost_0.1_intro_0.2_2
346,40,V,8818,Male,clvr_cost_0.1_intro_0.2_2
347,41,V,8776,Male,clvr_cost_0.1_intro_0.2_2
348,42,V,8974,Male,clvr_cost_0.1_intro_0.2_2
349,43,V,8896,Male,clvr_cost_0.1_intro_0.2_2
350,44,V,8958,Male,clvr_cost_0.1_intro_0.2_2
351,45,V,8754,Male,clvr_cost_0.1_intro_0.2_2
352,46,V,8916,Male,clvr_cost_0.1_intro_0.2_2
353,47,V,9020,Male,clvr_cost_0.1_intro_0.2_2
354,48,V,8958,Male,clvr_cost_0.1_intro_0.2_2
355,49,V,8968,Male,clvr_cost_0.1_intro_0.2_2
356,50,V,8786,Male,clvr_cost_0.1_intro_0.2_2
357,0,W,10000,Male,clvr_cost_0.1_intro_0.2_2
358,1,W,7375,Male,clvr_cost_0.1_intro_0.2_2
359,2,W,6485,Male,clvr_cost_0.1_intro_0.2_2
360,3,W,5392,Male,clvr_cost_0.1_intro_0.2_2
361,4,W,3951,Male,clvr_cost_0.1_intro_0.2_2
362,5,W,2338,Male,clvr_cost_0.1_intro_0.2_2
363,6,W,998,Male,clvr_cost_0.1_intro_0.2_2
364,7,W,233,Male,clvr_cost_0.1_intro_0.2_2
365,8,W,17,Male,clvr_cost_0.1_intro_0.2_2
366,9,W,0,Male,clvr_cost_0.1_intro_0.2_2
367,10,W,0,Male,clvr_cost_0.1_intro_0.2_2
368,11,W,0,Male,clvr_cost_0.1_intro_0.2_2
369,12,W,0,Male,clvr_cost_0.1_intro_0.2_2
370,13,W,0,Male,clvr_cost_0.1_intro_0.2_2
371,14,W,0,Male,clvr_cost_0.1_intro_0.2_2
372,15,W,0,Male,clvr_cost_0.1_intro_0.2_2
373,16,W,0,Male,clvr_cost_0.1_intro_0.2_2
374,17,W,0,Male,clvr_cost_0.1_intro_0.2_2
375,18,W,0,Male,clvr_cost_0.1_intro_0.2_2
376,19,W,0,Male,clvr_cost_0.1_intro_0.2_2
377,20,W,0,Male,clvr_cost_0.1_intro_0.2_2
378,21,W,0,Male,clvr_cost_0.1_intro_0.2_2
379,22,W,0,Male,clvr_cost_0.1_intro_0.2_2
380,23,W,0,Male,clvr_cost_0.1_intro_0.2_2
381,24,W,0,Male,clvr_cost_0.1_intro_0.2_2
382,25,W,0,Male,clvr_cost_0.1_intro_0.2_2
383,26,W,0,Male,clvr_cost_0.1_intro_0.2_2
384,27,W,0,Male,clvr_cost_0.1_intro_0.2_2
385,28,W,0,Male,clvr_cost_0.1_intro_0.2_2
386,29,W,0,Male,clvr_cost_0.1_intro_0.2_2
387,30,W,0,Male,clvr_cost_0.1_intro_0.2_2
388,31,W,0,Male,clvr_cost_0.1_intro_0.2_2
389,32,W,0,Male,clvr_cost_0.1_intro_0.2_2
390,33,W,0,Male,clvr_cost_0.1_intro_0.2_2
391,34,W,0,Male,clvr_cost_0.1_intro_0.2_2
392,35,W,0,Male,clvr_cost_0.1_intro_0.2_2
393,36,W,0,Male,clvr_cost_0.1_intro_0.2_2
394,37,W,0,Male,clvr_cost_0.1_intro_0.2_2
395,38,W,0,Male,clvr_cost_0.1_intro_0.2_2
396,39,W,0,Male,clvr_cost_0.1_intro_0.2_2
397,40,W,0,Male,clvr_cost_0.1_intro_0.2_2
398,41,W,0,Male,clvr_cost_0.1_intro_0.2_2
399,42,W,0,Male,clvr_cost_0.1_intro_0.2_2
400,43,W,0,Male,clvr_cost_0.1_intro_0.2_2
401,44,W,0,Male,clvr_cost_0.1_intro_0.2_2
402,45,W,0,Male,clvr_cost_0.1_intro_0.2_2
403,46,W,0,Male,clvr_cost_0.1_intro_0.2_2
404,47,W,0,Male,clvr_cost_0.1_intro_0.2_2
405,48,W,0,Male,clvr_cost_0.1_intro_0.2_2
406,49,W,0,Male,clvr_cost_0.1_intro_0.2_2
407,50,W,0,Male,clvr_cost_0.1_intro_0.2_2
,Generation,Allele,Count,Sex,Run
0,0,C,0,Female,clvr_cost_0.1_intro_0.2_3
1,1,C,1219,Female,clvr_cost_0.1_intro_0.2_3
2,2,C,1699,Female,clvr_cost_0.1_intro_0.2_3
3,3,C,2267,Female,clvr_cost_0.1_intro_0.2_3
4,4,C,3081,Female,clvr_cost_0.1_intro_0.2_3
5,5,C,3822,Female,clvr_cost_0.1_intro_0.2_3
6,6,C,5041,Female,clvr_cost_0.1_intro_0.2_3
7,7,C,6554,Female,clvr_cost_0.1_intro_0.2_3
8,8,C,7699,Female,clvr_cost_0.1_intro_0.2_3
9,9,C,8617,Female,clvr_cost_0.1_intro_0.2_3
10,10,C,8713,Female,clvr_cost_0.1_intro_0.2_3
11,11,C,8672,Female,clvr_cost_0.1_intro_0.2_3
12,12,C,8432,Female,clvr_cost_0.1_intro_0.2_3
13,13,C,8620,Female,clvr_cost_0.1_intro_0.2_3
14,14,C,8814,Female,clvr_cost_0.1_intro_0.2_3
15,15,C,8774,Female,clvr_cost_0.1_intro_0.2_3
16,16,C,8784,Female,clvr_cost_0.1_intro_0.2_3
17,17,C,8854,Female,clvr_cost_0.1_intro_0.2_3
18,18,C,8756,Female,clvr_cost_0.1_intro_0.2_3
19,19,C,8702,Female,clvr_cost_0.1_intro_0.2_3
20,20,C,8480,Female,clvr_cost_0.1_intro_0.2_3
21,21,C,8572,Female,clvr_cost_0.1_intro_0.2_3
22,22,C,8758,Female,clvr_cost_0.1_intro_0.2_3
23,23,C,8626,Female,clvr_cost_0.1_intro_0.2_3
24,24,C,8690,Female,clvr_cost_0.1_intro_0.2_3
25,25,C,8878,Female,clvr_cost_0.1_intro_0.2_3
26,26,C,8544,Female,clvr_cost_0.1_intro_0.2_3
27,27,C,8780,Female,clvr_cost_0.1_intro_0.2_3
28,28,C,8970,Female,clvr_cost_0.1_intro_0.2_3
29,29,C,8980,Female,clvr_cost_0.1_intro_0.2_3
30,30,C,8990,Female,clvr_cost_0.1_intro_0.2_3
31,31,C,8798,Female,clvr_cost_0.1_intro_0.2_3
32,32,C,8648,Female,clvr_cost_0.1_intro_0.2_3
33,33,C,8650,Female,clvr_cost_0.1_intro_0.2_3
34,34,C,8624,Female,clvr_cost_0.1_intro_0.2_3
35,35,C,8574,Female,clvr_cost_0.1_intro_0.2_3
36,36,C,8638,Female,clvr_cost_0.1_intro_0.2_3
37,37,C,8634,Female,clvr_cost_0.1_intro_0.2_3
38,38,C,8592,Female,clvr_cost_0.1_intro_0.2_3
39,39,C,8886,Female,clvr_cost_0.1_intro_0.2_3
40,40,C,8976,Female,clvr_cost_0.1_intro_0.2_3
41,41,C,8762,Female,clvr_cost_0.1_intro_0.2_3
42,42,C,8660,Female,clvr_cost_0.1_intro_0.2_3
43,43,C,8882,Female,clvr_cost_0.1_intro_0.2_3
44,44,C,8684,Female,clvr_cost_0.1_intro_0.2_3
45,45,C,8742,Female,clvr_cost_0.1_intro_0.2_3
46,46,C,8722,Female,clvr_cost_0.1_intro_0.2_3
47,47,C,8690,Female,clvr_cost_0.1_intro_0.2_3
48,48,C,8712,Female,clvr_cost_0.1_intro_0.2_3
49,49,C,8884,Female,clvr_cost_0.1_intro_0.2_3
50,50,C,8586,Female,clvr_cost_0.1_intro_0.2_3
51,0,A,10000,Female,clvr_cost_0.1_intro_0.2_3
52,1,A,7251,Female,clvr_cost_0.1_intro_0.2_3
53,2,A,6515,Female,clvr_cost_0.1_intro_0.2_3
54,3,A,5549,Female,clvr_cost_0.1_intro_0.2_3
55,4,A,4285,Female,clvr_cost_0.1_intro_0.2_3
56,5,A,2742,Female,clvr_cost_0.1_intro_0.2_3
57,6,A,1407,Female,clvr_cost_0.1_intro_0.2_3
58,7,A,500,Female,clvr_cost_0.1_intro_0.2_3
59,8,A,71,Female,clvr_cost_0.1_intro_0.2_3
60,9,A,7,Female,clvr_cost_0.1_intro_0.2_3
61,10,A,1,Female,clvr_cost_0.1_intro_0.2_3
62,11,A,0,Female,clvr_cost_0.1_intro_0.2_3
63,12,A,0,Female,clvr_cost_0.1_intro_0.2_3
64,13,A,0,Female,clvr_cost_0.1_intro_0.2_3
65,14,A,0,Female,clvr_cost_0.1_intro_0.2_3
66,15,A,0,Female,clvr_cost_0.1_intro_0.2_3
67,16,A,0,Female,clvr_cost_0.1_intro_0.2_3
68,17,A,0,Female,clvr_cost_0.1_intro_0.2_3
69,18,A,0,Female,clvr_cost_0.1_intro_0.2_3
70,19,A,0,Female,clvr_cost_0.1_intro_0.2_3
71,20,A,0,Female,clvr_cost_0.1_intro_0.2_3
72,21,A,0,Female,clvr_cost_0.1_intro_0.2_3
73,22,A,0,Female,clvr_cost_0.1_intro_0.2_3
74,23,A,0,Female,clvr_cost_0.1_intro_0.2_3
75,24,A,0,Female,clvr_cost_0.1_intro_0.2_3
76,25,A,0,Female,clvr_cost_0.1_intro_0.2_3
77,26,A,0,Female,clvr_cost_0.1_intro_0.2_3
78,27,A,0,Female,clvr_cost_0.1_intro_0.2_3
79,28,A,0,Female,clvr_cost_0.1_intro_0.2_3
80,29,A,0,Female,clvr_cost_0.1_intro_0.2_3
81,30,A,0,Female,clvr_cost_0.1_intro_0.2_3
82,31,A,0,Female,clvr_cost_0.1_intro_0.2_3
83,32,A,0,Female,clvr_cost_0.1_intro_0.2_3
84,33,A,0,Female,clvr_cost_0.1_intro_0.2_3
85,34,A,0,Female,clvr_cost_0.1_intro_0.2_3
86,35,A,0,Female,clvr_cost_0.1_intro_0.2_3
87,36,A,0,Female,clvr_cost_0.1_intro_0.2_3
88,37,A,0,Female,clvr_cost_0.1_intro_0.2_3
89,38,A,0,Female,clvr_cost_0.1_intro_0.2_3
90,39,A,0,Female,clvr_cost_0.1_intro_0.2_3
91,40,A,0,Female,clvr_cost_0.1_intro_0.2_3
92,41,A,0,Female,clvr_cost_0.1_intro_0.2_3
93,42,A,0,Female,clvr_cost_0.1_intro_0.2_3
94,43,A,0,Female,clvr_cost_0.1_intro_0.2_3
95,44,A,0,Female,clvr_cost_0.1_intro_0.2_3
96,45,A,0,Female,clvr_cost_0.1_intro_0.2_3
97,46,A,0,Female,clvr_cost_0.1_intro_0.2_3
98,47,A,0,Female,clvr_cost_0.1_intro_0.2_3
99,48,A,0,Female,clvr_cost_0.1_intro_0.2_3
100,49,A,0,Female,clvr_cost_0.1_intro_0.2_3
101,50,A,0,Female,clvr_cost_0.1_intro_0.2_3
102,0,V,0,Female,clvr_cost_0.1_intro_0.2_3
103,1,V,1219,Female,clvr_cost_0.1_intro_0.2_3
104,2,V,1748,Female,clvr_cost_0.1_intro_0.2_3
105,3,V,2326,Female,clvr_cost_0.1_intro_0.2_3
106,4,V,3135,Female,clvr_cost_0.1_intro_0.2_3
107,5,V,3894,Female,clvr_cost_0.1_intro_0.2_3
108,6,V,5115,Female,clvr_cost_0.1_intro_0.2_3
109,7,V,6603,Female,clvr_cost_0.1_intro_0.2_3
110,8,V,7721,Female,clvr_cost_0.1_intro_0.2_3
111,9,V,8621,Female,clvr_cost_0.1_intro_0.2_3
112,10,V,8714,Female,clvr_cost_0.1_intro_0.2_3
113,11,V,8672,Female,clvr_cost_0.1_intro_0.2_3
114,12,V,8432,Female,clvr_cost_0.1_intro_0.2_3
115,13,V,8620,Female,clvr_cost_0.1_intro_0.2_3
116,14,V,8814,Female,clvr_cost_0.1_intro_0.2_3
117,15,V,8774,Female,clvr_cost_0.1_intro_0.2_3
118,16,V,8784,Female,clvr_cost_0.1_intro_0.2_3
119,17,V,8854,Female,clvr_cost_0.1_intro_0.2_3
120,18,V,8756,Female,clvr_cost_0.1_intro_0.2_3
121,19,V,8702,Female,clvr_cost_0.1_intro_0.2_3
122,20,V,8480,Female,clvr_cost_0.1_intro_0.2_3
123,21,V,8572,Female,clvr_cost_0.1_intro_0.2_3
124,22,V,8758,Female,clvr_cost_0.1_intro_0.2_3
125,23,V,8626,Female,clvr_cost_0.1_intro_0.2_3
126,24,V,8690,Female,clvr_cost_0.1_intro_0.2_3
127,25,V,8878,Female,clvr_cost_0.1_intro_0.2_3
128,26,V,8544,Female,clvr_cost_0.1_intro_0.2_3
129,27,V,8780,Female,clvr_cost_0.1_intro_0.2_3
130,28,V,8970,Female,clvr_cost_0.1_intro_0.2_3
131,29,V,8980,Female,clvr_cost_0.1_intro_0.2_3
132,30,V,8990,Female,clvr_cost_0.1_intro_0.2_3
133,31,V,8798,Female,clvr_cost_0.1_intro_0.2_3
134,32,V,8648,Female,clvr_cost_0.1_intro_0.2_3
135,33,V,8650,Female,clvr_cost_0.1_intro_0.2_3
136,34,V,8624,Female,clvr_cost_0.1_intro_0.2_3
137,35,V,8574,Female,clvr_cost_0.1_intro_0.2_3
138,36,V,8638,Female,clvr_cost_0.1_intro_0.2_3
139,37,V,8634,Female,clvr_cost_0.1_intro_0.2_3
140,38,V,8592,Female,clvr_cost_0.1_intro_0.2_3
141,39,V,8886,Female,clvr_cost_0.1_intro_0.2_3
142,40,V,8976,Female,clvr_cost_0.1_intro_0.2_3
143,41,V,8762,Female,clvr_cost_0.1_intro_0.2_3
144,42,V,8660,Female,clvr_cost_0.1_intro_0.2_3
145,43,V,8882,Female,clvr_cost_0.1_intro_0.2_3
146,44,V,8684,Female,clvr_cost_0.1_intro_0.2_3
147,45,V,8742,Female,clvr_cost_0.1_intro_0.2_3
148,46,V,8722,Female,clvr_cost_0.1_intro_0.2_3
149,47,V,8690,Female,clvr_cost_0.1_intro_0.2_3
150,48,V,8712,Female,clvr_cost_0.1_intro_0.2_3
151,49,V,8884,Female,clvr_cost_0.1_intro_0.2_3
152,50,V,8586,Female,clvr_cost_0.1_intro_0.2_3
153,0,W,10000,Female,clvr_cost_0.1_intro_0.2_3
154,1,W,7251,Female,clvr_cost_0.1_intro_0.2_3
155,2,W,6466,Female,clvr_cost_0.1_intro_0.2_3
156,3,W,5490,Female,clvr_cost_0.1_intro_0.2_3
157,4,W,4231,Female,clvr_cost_0.1_intro_0.2_3
158,5,W,2670,Female,clvr_cost_0.1_intro_0.2_3
159,6,W,1333,Female,clvr_cost_0.1_intro_0.2_3
160,7,W,451,Female,clvr_cost_0.1_intro_0.2_3
161,8,W,49,Female,clvr_cost_0.1_intro_0.2_3
162,9,W,3,Female,clvr_cost_0.1_intro_0.2_3
163,10,W,0,Female,clvr_cost_0.1_intro_0.2_3
164,11,W,0,Female,clvr_cost_0.1_intro_0.2_3
165,12,W,0,Female,clvr_cost_0.1_intro_0.2_3
166,13,W,0,Female,clvr_cost_0.1_intro_0.2_3
167,14,W,0,Female,clvr_cost_0.1_intro_0.2_3
168,15,W,0,Female,clvr_cost_0.1_intro_0.2_3
169,16,W,0,Female,clvr_cost_0.1_intro_0.2_3
170,17,W,0,Female,clvr_cost_0.1_intro_0.2_3
171,18,W,0,Female,clvr_cost_0.1_intro_0.2_3
172,19,W,0,Female,clvr_cost_0.1_intro_0.2_3
173,20,W,0,Female,clvr_cost_0.1_intro_0.2_3
174,21,W,0,Female,clvr_cost_0.1_intro_0.2_3
175,22,W,0,Female,clvr_cost_0.1_intro_0.2_3
176,23,W,0,Female,clvr_cost_0.1_intro_0.2_3
177,24,W,0,Female,clvr_cost_0.1_intro_0.2_3
178,25,W,0,Female,clvr_cost_0.1_intro_0.2_3
179,26,W,0,Female,clvr_cost_0.1_intro_0.2_3
180,27,W,0,Female,clvr_cost_0.1_intro_0.2_3
181,28,W,0,Female,clvr_cost_0.1_intro_0.2_3
182,29,W,0,Female,clvr_cost_0.1_intro_0.2_3
183,30,W,0,Female,clvr_cost_0.1_intro_0.2_3
184,31,W,0,Female,clvr_cost_0.1_intro_0.2_3
185,32,W,0,Female,clvr_cost_0.1_intro_0.2_3
186,33,W,0,Female,clvr_cost_0.1_intro_0.2_3
187,34,W,0,Female,clvr_cost_0.1_intro_0.2_3
188,35,W,0,Female,clvr_cost_0.1_intro_0.2_3
189,36,W,0,Female,clvr_cost_0.1_intro_0.2_3
190,37,W,0,Female,clvr_cost_0.1_intro_0.2_3
191,38,W,0,Female,clvr_cost_0.1_intro_0.2_3
192,39,W,0,Female,clvr_cost_0.1_intro_0.2_3
193,40,W,0,Female,clvr_cost_0.1_intro_0.2_3
194,41,W,0,Female,clvr_cost_0.1_intro_0.2_3
195,42,W,0,Female,clvr_cost_0.1_intro_0.2_3
196,43,W,0,Female,clvr_cost_0.1_intro_0.2_3
197,44,W,0,Female,clvr_cost_0.1_intro_0.2_3
198,45,W,0,Female,clvr_cost_0.1_intro_0.2_3
199,46,W,0,Female,clvr_cost_0.1_intro_0.2_3
200,47,W,0,Female,clvr_cost_0.1_intro_0.2_3
201,48,W,0,Female,clvr_cost_0.1_intro_0.2_3
202,49,W,0,Female,clvr_cost_0.1_intro_0.2_3
203,50,W,0,Female,clvr_cost_0.1_intro_0.2_3
204,0,C,4000,Male,clvr_cost_0.1_intro_0.2_3
205,1,C,1182,Male,clvr_cost_0.1_intro_0.2_3
206,2,C,1674,Male,clvr_cost_0.1_intro_0.2_3
207,3,C,2360,Male,clvr_cost_0.1_intro_0.2_3
208,4,C,3163,Male,clvr_cost_0.1_intro_0.2_3
209,5,C,3881,Male,clvr_cost_0.1_intro_0.2_3
210,6,C,5085,Male,clvr_cost_0.1_intro_0.2_3
211,7,C,6700,Male,clvr_cost_0.1_intro_0.2_3
212,8,C,7759,Male,clvr_cost_0.1_intro_0.2_3
213,9,C,8695,Male,clvr_cost_0.1_intro_0.2_3
214,10,C,8740,Male,clvr_cost_0.1_intro_0.2_3
215,11,C,8994,Male,clvr_cost_0.1_intro_0.2_3
216,12,C,8472,Male,clvr_cost_0.1_intro_0.2_3
217,13,C,8744,Male,clvr_cost_0.1_intro_0.2_3
218,14,C,8940,Male,clvr_cost_0.1_intro_0.2_3
219,15,C,9192,Male,clvr_cost_0.1_intro_0.2_3
220,16,C,8876,Male,clvr_cost_0.1_intro_0.2_3
221,17,C,8884,Male,clvr_cost_0.1_intro_0.2_3
222,18,C,8778,Male,clvr_cost_0.1_intro_0.2_3
223,19,C,8900,Male,clvr_cost_0.1_intro_0.2_3
224,20,C,8542,Male,clvr_cost_0.1_intro_0.2_3
225,21,C,8734,Male,clvr_cost_0.1_intro_0.2_3
226,22,C,8938,Male,clvr_cost_0.1_intro_0.2_3
227,23,C,8814,Male,clvr_cost_0.1_intro_0.2_3
228,24,C,8722,Male,clvr_cost_0.1_intro_0.2_3
229,25,C,9066,Male,clvr_cost_0.1_intro_0.2_3
230,26,C,8688,Male,clvr_cost_0.1_intro_0.2_3
231,27,C,8842,Male,clvr_cost_0.1_intro_0.2_3
232,28,C,9010,Male,clvr_cost_0.1_intro_0.2_3
233,29,C,9018,Male,clvr_cost_0.1_intro_0.2_3
234,30,C,9230,Male,clvr_cost_0.1_intro_0.2_3
235,31,C,8806,Male,clvr_cost_0.1_intro_0.2_3
236,32,C,8882,Male,clvr_cost_0.1_intro_0.2_3
237,33,C,8752,Male,clvr_cost_0.1_intro_0.2_3
238,34,C,8764,Male,clvr_cost_0.1_intro_0.2_3
239,35,C,8962,Male,clvr_cost_0.1_intro_0.2_3
240,36,C,8726,Male,clvr_cost_0.1_intro_0.2_3
241,37,C,8826,Male,clvr_cost_0.1_intro_0.2_3
242,38,C,8596,Male,clvr_cost_0.1_intro_0.2_3
243,39,C,8914,Male,clvr_cost_0.1_intro_0.2_3
244,40,C,8980,Male,clvr_cost_0.1_intro_0.2_3
245,41,C,8908,Male,clvr_cost_0.1_intro_0.2_3
246,42,C,8720,Male,clvr_cost_0.1_intro_0.2_3
247,43,C,8962,Male,clvr_cost_0.1_intro_0.2_3
248,44,C,8972,Male,clvr_cost_0.1_intro_0.2_3
249,45,C,8802,Male,clvr_cost_0.1_intro_0.2_3
250,46,C,8824,Male,clvr_cost_0.1_intro_0.2_3
251,47,C,9096,Male,clvr_cost_0.1_intro_0.2_3
252,48,C,8774,Male,clvr_cost_0.1_intro_0.2_3
253,49,C,8940,Male,clvr_cost_0.1_intro_0.2_3
254,50,C,8612,Male,clvr_cost_0.1_intro_0.2_3
255,0,A,10000,Male,clvr_cost_0.1_intro_0.2_3
256,1,A,7464,Male,clvr_cost_0.1_intro_0.2_3
257,2,A,6622,Male,clvr_cost_0.1_intro_0.2_3
258,3,A,5566,Male,clvr_cost_0.1_intro_0.2_3
259,4,A,4353,Male,clvr_cost_0.1_intro_0.2_3
260,5,A,2745,Male,clvr_cost_0.1_intro_0.2_3
261,6,A,1451,Male,clvr_cost_0.1_intro_0.2_3
262,7,A,476,Male,clvr_cost_0.1_intro_0.2_3
263,8,A,91,Male,clvr_cost_0.1_intro_0.2_3
264,9,A,7,Male,clvr_cost_0.1_intro_0.2_3
265,10,A,0,Male,clvr_cost_0.1_intro_0.2_3
266,11,A,0,Male,clvr_cost_0.1_intro_0.2_3
267,12,A,0,Male,clvr_cost_0.1_intro_0.2_3
268,13,A,0,Male,clvr_cost_0.1_intro_0.2_3
269,14,A,0,Male,clvr_cost_0.1_intro_0.2_3
270,15,A,0,Male,clvr_cost_0.1_intro_0.2_3
271,16,A,0,Male,clvr_cost_0.1_intro_0.2_3
272,17,A,0,Male,clvr_cost_0.1_intro_0.2_3
273,18,A,0,Male,clvr_cost_0.1_intro_0.2_3
274,19,A,0,Male,clvr_cost_0.1_intro_0.2_3
275,20,A,0,Male,clvr_cost_0.1_intro_0.2_3
276,21,A,0,Male,clvr_cost_0.1_intro_0.2_3
277,22,A,0,Male,clvr_cost_0.1_intro_0.2_3
278,23,A,0,Male,clvr_cost_0.1_intro_0.2_3
279,24,A,0,Male,clvr_cost_0.1_intro_0.2_3
280,25,A,0,Male,clvr_cost_0.1_intro_0.2_3
281,26,A,0,Male,clvr_cost_0.1_intro_0.2_3
282,27,A,0,Male,clvr_cost_0.1_intro_0.2_3
283,28,A,0,Male,clvr_cost_0.1_intro_0.2_3
284,29,A,0,Male,clvr_cost_0.1_intro_0.2_3
285,30,A,0,Male,clvr_cost_0.1_intro_0.2_3
286,31,A,0,Male,clvr_cost_0.1_intro_0.2_3
287,32,A,0,Male,clvr_cost_0.1_intro_0.2_3
288,33,A,0,Male,clvr_cost_0.1_intro_0.2_3
289,34,A,0,Male,clvr_cost_0.1_intro_0.2_3
290,35,A,0,Male,clvr_cost_0.1_intro_0.2_3
291,36,A,0,Male,clvr_cost_0.1_intro_0.2_3
292,37,A,0,Male,clvr_cost_0.1_intro_0.2_3
293,38,A,0,Male,clvr_cost_0.1_intro_0.2_3
294,39,A,0,Male,clvr_cost_0.1_intro_0.2_3
295,40,A,0,Male,clvr_cost_0.1_intro_0.2_3
296,41,A,0,Male,clvr_cost_0.1_intro_0.2_3
297,42,A,0,Male,clvr_cost_0.1_intro_0.2_3
298,43,A,0,Male,clvr_cost_0.1_intro_0.2_3
299,44,A,0,Male,clvr_cost_0.1_intro_0.2_3
300,45,A,0,Male,clvr_cost_0.1_intro_0.2_3
301,46,A,0,Male,clvr_cost_0.1_intro_0.2_3
302,47,A,0,Male,clvr_cost_0.1_intro_0.2_3
303,48,A,0,Male,clvr_cost_0.1_intro_0.2_3
304,49,A,0,Male,clvr_cost_0.1_intro_0.2_3
305,50,A,0,Male,clvr_cost_0.1_intro_0.2_3
306,0,V,4000,Male,clvr_cost_0.1_intro_0.2_3
307,1,V,1182,Male,clvr_cost_0.1_intro_0.2_3
308,2,V,1721,Male,clvr_cost_0.1_intro_0.2_3
309,3,V,2406,Male,clvr_cost_0.1_intro_0.2_3
310,4,V,3235,Male,clvr_cost_0.1_intro_0.2_3
311,5,V,3955,Male,clvr_cost_0.1_intro_0.2_3
312,6,V,5154,Male,clvr_cost_0.1_intro_0.2_3
313,7,V,6749,Male,clvr_cost_0.1_intro_0.2_3
314,8,V,7786,Male,clvr_cost_0.1_intro_0.2_3
315,9,V,8701,Male,clvr_cost_0.1_intro_0.2_3
316,10,V,8740,Male,clvr_cost_0.1_intro_0.2_3
317,11,V,8994,Male,clvr_cost_0.1_intro_0.2_3
318,12,V,8472,Male,clvr_cost_0.1_intro_0.2_3
319,13,V,8744,Male,clvr_cost_0.1_intro_0.2_3
320,14,V,8940,Male,clvr_cost_0.1_intro_0.2_3
321,15,V,9192,Male,clvr_cost_0.1_intro_0.2_3
322,16,V,8876,Male,clvr_cost_0.1_intro_0.2_3
323,17,V,8884,Male,clvr_cost_0.1_intro_0.2_3
324,18,V,8778,Male,clvr_cost_0.1_intro_0.2_3
325,19,V,8900,Male,clvr_cost_0.1_intro_0.2_3
326,20,V,8542,Male,clvr_cost_0.1_intro_0.2_3
327,21,V,8734,Male,clvr_cost_0.1_intro_0.2_3
328,22,V,8938,Male,clvr_cost_0.1_intro_0.2_3
329,23,V,8814,Male,clvr_cost_0.1_intro_0.2_3
330,24,V,8722,Male,clvr_cost_0.1_intro_0.2_3
331,25,V,9066,Male,clvr_cost_0.1_intro_0.2_3
332,26,V,8688,Male,clvr_cost_0.1_intro_0.2_3
333,27,V,8842,Male,clvr_cost_0.1_intro_0.2_3
334,28,V,9010,Male,clvr_cost_0.1_intro_0.2_3
335,29,V,9018,Male,clvr_cost_0.1_intro_0.2_3
336,30,V,9230,Male,clvr_cost_0.1_intro_0.2_3
337,31,V,8806,Male,clvr_cost_0.1_intro_0.2_3
338,32,V,8882,Male,clvr_cost_0.1_intro_0.2_3
339,33,V,8752,Male,clvr_cost_0.1_intro_0.2_3
340,34,V,8764,Male,clvr_cost_0.1_intro_0.2_3
341,35,V,8962,Male,clvr_cost_0.1_intro_0.2_3
342,36,V,8726,Male,clvr_cost_0.1_intro_0.2_3
343,37,V,8826,Male,clvr_cost_0.1_intro_0.2_3
344,38,V,8596,Male,clvr_cost_0.1_intro_0.2_3
345,39,V,8914,Male,clvr_cost_0.1_intro_0.2_3
346,40,V,8980,Male,clvr_cost_0.1_intro_0.2_3
347,41,V,8908,Male,clvr_cost_0.1_intro_0.2_3
348,42,V,8720,Male,clvr_cost_0.1_intro_0.2_3
349,43,V,8962,Male,clvr_cost_0.1_intro_0.2_3
350,44,V,8972,Male,clvr_cost_0.1_intro_0.2_3
351,45,V,8802,Male,clvr_cost_0.1_intro_0.2_3
352,46,V,8824,Male,clvr_cost_0.1_intro_0.2_3
353,47,V,9096,Male,clvr_cost_0.1_intro_0.2_3
354,48,V,8774,Male,clvr_cost_0.1_intro_0.2_3
355,49,V,8940,Male,clvr_cost_0.1_intro_0.2_3
356,50,V,8612,Male,clvr_cost_0.1_intro_0.2_3
357,0,W,10000,Male,clvr_cost_0.1_intro_0.2_3
358,1,W,7464,Male,clvr_cost_0.1_intro_0.2_3
359,2,W,6575,Male,clvr_cost_0.1_intro_0.2_3
360,3,W,5520,Male,clvr_cost_0.1_intro_0.2_3
361,4,W,4281,Male,clvr_cost_0.1_intro_0.2_3
362,5,W,2671,Male,clvr_cost_0.1_intro_0.2_3
363,6,W,1382,Male,clvr_cost_0.1_intro_0.2_3
364,7,W,427,Male,clvr_cost_0.1_intro_0.2_3
365,8,W,64,Male,clvr_cost_0.1_intro_0.2_3
366,9,W,1,Male,clvr_cost_0.1_intro_0.2_3
367,10,W,0,Male,clvr_cost_0.1_intro_0.2_3
368,11,W,0,Male,clvr_cost_0.1_intro_0.2_3
369,12,W,0,Male,clvr_cost_0.1_intro_0.2_3
370,13,W,0,Male,clvr_cost_0.1_intro_0.2_3
371,14,W,0,Male,clvr_cost_0.1_intro_0.2_3
372,15,W,0,Male,clvr_cost_0.1_intro_0.2_3
373,16,W,0,Male,clvr_cost_0.1_intro_0.2_3
374,17,W,0,Male,clvr_cost_0.1_intro_0.2_3
375,18,W,0,Male,clvr_cost_0.1_intro_0.2_3
376,19,W,0,Male,clvr_cost_0.1_intro_0.2_3
377,20,W,0,Male,clvr_cost_0.1_intro_0.2_3
378,21,W,0,Male,clvr_cost_0.1_intro_0.2_3
379,22,W,0,Male,clvr_cost_0.1_intro_0.2_3
380,23,W,0,Male,clvr_cost_0.1_intro_0.2_3
381,24,W,0,Male,clvr_cost_0.1_intro_0.2_3
382,25,W,0,Male,clvr_cost_0.1_intro_0.2_3
383,26,W,0,Male,clvr_cost_0.1_intro_0.2_3
384,27,W,0,Male,clvr_cost_0.1_intro_0.2_3
385,28,W,0,Male,clvr_cost_0.1_intro_0.2_3
386,29,W,0,Male,clvr_cost_0.1_intro_0.2_3
387,30,W,0,Male,clvr_cost_0.1_intro_0.2_3
388,31,W,0,Male,clvr_cost_0.1_intro_0.2_3
389,32,W,0,Male,clvr_cost_0.1_intro_0.2_3
390,33,W,0,Male,clvr_cost_0.1_intro_0.2_3
391,34,W,0,Male,clvr_cost_0.1_intro_0.2_3
392,35,W,0,Male,clvr_cost_0.1_intro_0.2_3
393,36,W,0,Male,clvr_cost_0.1_intro_0.2_3
394,37,W,0,Male,clvr_cost_0.1_intro_0.2_3
395,38,W,0,Male,clvr_cost_0.1_intro_0.2_3
396,39,W,0,Male,clvr_cost_0.1_intro_0.2_3
397,40,W,0,Male,clvr_cost_0.1_intro_0.2_3
398,41,W,0,Male,clvr_cost_0.1_intro_0.2_3
399,42,W,0,Male,clvr_cost_0.1_intro_0.2_3
400,43,W,0,Male,clvr_cost_0.1_intro_0.2_3
401,44,W,0,Male,clvr_cost_0.1_intro_0.2_3
402,45,W,0,Male,clvr_cost_0.1_intro_0.2_3
403,46,W,0,Male,clvr_cost_0.1_intro_0.2_3
404,47,W,0,Male,clvr_cost_0.1_intro_0.2_3
405,48,W,0,Male,clvr_cost_0.1_intro_0.2_3
406,49,W,0,Male,clvr_cost_0.1_intro_0.2_3
407,50,W,0,Male,clvr_cost_0.1_intro_0.2_3
,Generation,Allele,Count,Sex,Run
0,0,C,0,Female,clvr_cost_0.1_intro_0.2_4
1,1,C,1232,Female,clvr_cost_0.1_intro_0.2_4
2,2,C,1801,Female,clvr_cost_0.1_intro_0.2_4
3,3,C,2433,Female,clvr_cost_0.1_intro_0.2_4
4,4,C,3079,Female,clvr_cost_0.1_intro_0.2_4
5,5,C,4010,Female,clvr_cost_0.1_intro_0.2_4
6,6,C,5217,Female,clvr_cost_0.1_intro_0.2_4
7,7,C,6688,Female,clvr_cost_0.1_intro_0.2_4
8,8,C,8015,Female,clvr_cost_0.1_intro_0.2_4
9,9,C,8691,Female,clvr_cost_0.1_intro_0.2_4
10,10,C,8870,Female,clvr_cost_0.1_intro_0.2_4
11,11,C,8888,Female,clvr_cost_0.1_intro_0.2_4
12,12,C,8618,Female,clvr_cost_0.1_intro_0.2_4
13,13,C,8618,Female,clvr_cost_0.1_intro_0.2_4
14,14,C,8652,Female,clvr_cost_0.1_intro_0.2_4
15,15,C,8614,Female,clvr_cost_0.1_intro_0.2_4
16,16,C,8820,Female,clvr_cost_0.1_intro_0.2_4
17,17,C,8522,Female,clvr_cost_0.1_intro_0.2_4
18,18,C,8708,Female,clvr_cost_0.1_intro_0.2_4
19,19,C,8662,Female,clvr_cost_0.1_intro_0.2_4
20,20,C,8610,Female,clvr_cost_0.1_intro_0.2_4
21,21,C,8690,Female,clvr_cost_0.1_intro_0.2_4
22,22,C,8436,Female,clvr_cost_0.1_intro_0.2_4
23,23,C,8198,Female,clvr_cost_0.1_intro_0.2_4
24,24,C,8438,Female,clvr_cost_0.1_intro_0.2_4
25,25,C,8726,Female,clvr_cost_0.1_intro_0.2_4
26,26,C,8842,Female,clvr_cost_0.1_intro_0.2_4
27,27,C,8740,Female,clvr_cost_0.1_intro_0.2_4
28,28,C,8708,Female,clvr_cost_0.1_intro_0.2_4
29,29,C,8820,Female,clvr_cost_0.1_intro_0.2_4
30,30,C,8774,Female,clvr_cost_0.1_intro_0.2_4
31,31,C,8992,Female,clvr_cost_0.1_intro_0.2_4
32,32,C,8820,Female,clvr_cost_0.1_intro_0.2_4
33,33,C,8620,Female,clvr_cost_0.1_intro_0.2_4
34,34,C,8868,Female,clvr_cost_0.1_intro_0.2_4
35,35,C,8832,Female,clvr_cost_0.1_intro_0.2_4
36,36,C,9010,Female,clvr_cost_0.1_intro_0.2_4
37,37,C,8750,Female,clvr_cost_0.1_intro_0.2_4
38,38,C,8994,Female,clvr_cost_0.1_intro_0.2_4
39,39,C,8766,Female,clvr_cost_0.1_intro_0.2_4
40,40,C,8770,Female,clvr_cost_0.1_intro_0.2_4
41,41,C,8882,Female,clvr_cost_0.1_intro_0.2_4
42,42,C,8706,Female,clvr_cost_0.1_intro_0.2_4
43,43,C,8896,Female,clvr_cost_0.1_intro_0.2_4
44,44,C,8788,Female,clvr_cost_0.1_intro_0.2_4
45,45,C,8906,Female,clvr_cost_0.1_intro_0.2_4
46,46,C,9122,Female,clvr_cost_0.1_intro_0.2_4
47,47,C,8792,Female,clvr_cost_0.1_intro_0.2_4
48,48,C,8772,Female,clvr_cost_0.1_intro_0.2_4
49,49,C,8590,Female,clvr_cost_0.1_intro_0.2_4
50,50,C,8738,Female,clvr_cost_0.1_intro_0.2_4
51,0,A,10000,Female,clvr_cost_0.1_intro_0.2_4
52,1,A,7330,Female,clvr_cost_0.1_intro_0.2_4
53,2,A,6381,Female,clvr_cost_0.1_intro_0.2_4
54,3,A,5397,Female,clvr_cost_0.1_intro_0.2_4
55,4,A,4011,Female,clvr_cost_0.1_intro_0.2_4
56,5,A,2512,Female,clvr_cost_0.1_intro_0.2_4
57,6,A,1199,Female,clvr_cost_0.1_intro_0.2_4
58,7,A,374,Female,clvr_cost_0.1_intro_0.2_4
59,8,A,59,Female,clvr_cost_0.1_intro_0.2_4
60,9,A,7,Female,clvr_cost_0.1_intro_0.2_4
61,10,A,0,Female,clvr_cost_0.1_intro_0.2_4
62,11,A,0,Female,clvr_cost_0.1_intro_0.2_4
63,12,A,0,Female,clvr_cost_0.1_intro_0.2_4
64,13,A,0,Female,clvr_cost_0.1_intro_0.2_4
65,14,A,0,Female,clvr_cost_0.1_intro_0.2_4
66,15,A,0,Female,clvr_cost_0.1_intro_0.2_4
67,16,A,0,Female,clvr_cost_0.1_intro_0.2_4
68,17,A,0,Female,clvr_cost_0.1_intro_0.2_4
69,18,A,0,Female,clvr_cost_0.1_intro_0.2_4
70,19,A,0,Female,clvr_cost_0.1_intro_0.2_4
71,20,A,0,Female,clvr_cost_0.1_intro_0.2_4
72,21,A,0,Female,clvr_cost_0.1_intro_0.2_4
73,22,A,0,Female,clvr_cost_0.1_intro_0.2_4
74,23,A,0,Female,clvr_cost_0.1_intro_0.2_4
75,24,A,0,Female,clvr_cost_0.1_intro_0.2_4
76,25,A,0,Female,clvr_cost_0.1_intro_0.2_4
77,26,A,0,Female,clvr_cost_0.1_intro_0.2_4
78,27,A,0,Female,clvr_cost_0.1_intro_0.2_4
79,28,A,0,Female,clvr_cost_0.1_intro_0.2_4
80,29,A,0,Female,clvr_cost_0.1_intro_0.2_4
81,30,A,0,Female,clvr_cost_0.1_intro_0.2_4
82,31,A,0,Female,clvr_cost_0.1_intro_0.2_4
83,32,A,0,Female,clvr_cost_0.1_intro_0.2_4
84,33,A,0,Female,clvr_cost_0.1_intro_0.2_4
85,34,A,0,Female,clvr_cost_0.1_intro_0.2_4
86,35,A,0,Female,clvr_cost_0.1_intro_0.2_4
87,36,A,0,Female,clvr_cost_0.1_intro_0.2_4
88,37,A,0,Female,clvr_cost_0.1_intro_0.2_4
89,38,A,0,Female,clvr_cost_0.1_intro_0.2_4
90,39,A,0,Female,clvr_cost_0.1_intro_0.2_4
91,40,A,0,Female,clvr_cost_0.1_intro_0.2_4
92,41,A,0,Female,clvr_cost_0.1_intro_0.2_4
93,42,A,0,Female,clvr_cost_0.1_intro_0.2_4
94,43,A,0,Female,clvr_cost_0.1_intro_0.2_4
95,44,A,0,Female,clvr_cost_0.1_intro_0.2_4
96,45,A,0,Female,clvr_cost_0.1_intro_0.2_4
97,46,A,0,Female,clvr_cost_0.1_intro_0.2_4
98,47,A,0,Female,clvr_cost_0.1_intro_0.2_4
99,48,A,0,Female,clvr_cost_0.1_intro_0.2_4
100,49,A,0,Female,clvr_cost_0.1_intro_0.2_4
101,50,A,0,Female,clvr_cost_0.1_intro_0.2_4
102,0,V,0,Female,clvr_cost_0.1_intro_0.2_4
103,1,V,1232,Female,clvr_cost_0.1_intro_0.2_4
104,2,V,1839,Female,clvr_cost_0.1_intro_0.2_4
105,3,V,2481,Female,clvr_cost_0.1_intro_0.2_4
106,4,V,3141,Female,clvr_cost_0.1_intro_0.2_4
107,5,V,4083,Female,clvr_cost_0.1_intro_0.2_4
108,6,V,5292,Female,clvr_cost_0.1_intro_0.2_4
109,7,V,6735,Female,clvr_cost_0.1_intro_0.2_4
110,8,V,8037,Female,clvr_cost_0.1_intro_0.2_4
111,9,V,8692,Female,clvr_cost_0.1_intro_0.2_4
112,10,V,8870,Female,clvr_cost_0.1_intro_0.2_4
113,11,V,8888,Female,clvr_cost_0.1_intro_0.2_4
114,12,V,8618,Female,clvr_cost_0.1_intro_0.2_4
115,13,V,8618,Female,clvr_cost_0.1_intro_0.2_4
116,14,V,8652,Female,clvr_cost_0.1_intro_0.2_4
117,15,V,8614,Female,clvr_cost_0.1_intro_0.2_4
118,16,V,8820,Female,clvr_cost_0.1_intro_0.2_4
119,17,V,8522,Female,clvr_cost_0.1_intro_0.2_4
120,18,V,8708,Female,clvr_cost_0.1_intro_0.2_4
121,19,V,8662,Female,clvr_cost_0.1_intro_0.2_4
122,20,V,8610,Female,clvr_cost_0.1_intro_0.2_4
123,21,V,8690,Female,clvr_cost_0.1_intro_0.2_4
124,22,V,8436,Female,clvr_cost_0.1_intro_0.2_4
125,23,V,8198,Female,clvr_cost_0.1_intro_0.2_4
126,24,V,8438,Female,clvr_cost_0.1_intro_0.2_4
127,25,V,8726,Female,clvr_cost_0.1_intro_0.2_4
128,26,V,8842,Female,clvr_cost_0.1_intro_0.2_4
129,27,V,8740,Female,clvr_cost_0.1_intro_0.2_4
130,28,V,8708,Female,clvr_cost_0.1_intro_0.2_4
131,29,V,8820,Female,clvr_cost_0.1_intro_0.2_4
132,30,V,8774,Female,clvr_cost_0.1_intro_0.2_4
133,31,V,8992,Female,clvr_cost_0.1_intro_0.2_4
134,32,V,8820,Female,clvr_cost_0.1_intro_0.2_4
135,33,V,8620,Female,clvr_cost_0.1_intro_0.2_4
136,34,V,8868,Female,clvr_cost_0.1_intro_0.2_4
137,35,V,8832,Female,clvr_cost_0.1_intro_0.2_4
138,36,V,9010,Female,clvr_cost_0.1_intro_0.2_4
139,37,V,8750,Female,clvr_cost_0.1_intro_0.2_4
140,38,V,8994,Female,clvr_cost_0.1_intro_0.2_4
141,39,V,8766,Female,clvr_cost_0.1_intro_0.2_4
142,40,V,8770,Female,clvr_cost_0.1_intro_0.2_4
143,41,V,8882,Female,clvr_cost_0.1_intro_0.2_4
144,42,V,8706,Female,clvr_cost_0.1_intro_0.2_4
145,43,V,8896,Female,clvr_cost_0.1_intro_0.2_4
146,44,V,8788,Female,clvr_cost_0.1_intro_0.2_4
147,45,V,8906,Female,clvr_cost_0.1_intro_0.2_4
148,46,V,9122,Female,clvr_cost_0.1_intro_0.2_4
149,47,V,8792,Female,clvr_cost_0.1_intro_0.2_4
150,48,V,8772,Female,clvr_cost_0.1_intro_0.2_4
151,49,V,8590,Female,clvr_cost_0.1_intro_0.2_4
152,50,V,8738,Female,clvr_cost_0.1_intro_0.2_4
153,0,W,10000,Female,clvr_cost_0.1_intro_0.2_4
154,1,W,7330,Female,clvr_cost_0.1_intro_0.2_4
155,2,W,6343,Female,clvr_cost_0.1_intro_0.2_4
156,3,W,5349,Female,clvr_cost_0.1_intro_0.2_4
157,4,W,3949,Female,clvr_cost_0.1_intro_0.2_4
158,5,W,2439,Female,clvr_cost_0.1_intro_0.2_4
159,6,W,1124,Female,clvr_cost_0.1_intro_0.2_4
160,7,W,327,Female,clvr_cost_0.1_intro_0.2_4
161,8,W,37,Female,clvr_cost_0.1_intro_0.2_4
162,9,W,6,Female,clvr_cost_0.1_intro_0.2_4
163,10,W,0,Female,clvr_cost_0.1_intro_0.2_4
164,11,W,0,Female,clvr_cost_0.1_intro_0.2_4
165,12,W,0,Female,clvr_cost_0.1_intro_0.2_4
166,13,W,0,Female,clvr_cost_0.1_intro_0.2_4
167,14,W,0,Female,clvr_cost_0.1_intro_0.2_4
168,15,W,0,Female,clvr_cost_0.1_intro_0.2_4
169,16,W,0,Female,clvr_cost_0.1_intro_0.2_4
170,17,W,0,Female,clvr_cost_0.1_intro_0.2_4
171,18,W,0,Female,clvr_cost_0.1_intro_0.2_4
172,19,W,0,Female,clvr_cost_0.1_intro_0.2_4
173,20,W,0,Female,clvr_cost_0.1_intro_0.2_4
174,21,W,0,Female,clvr_cost_0.1_intro_0.2_4
175,22,W,0,Female,clvr_cost_0.1_intro_0.2_4
176,23,W,0,Female,clvr_cost_0.1_intro_0.2_4
177,24,W,0,Female,clvr_cost_0.1_intro_0.2_4
178,25,W,0,Female,clvr_cost_0.1_intro_0.2_4
179,26,W,0,Female,clvr_cost_0.1_intro_0.2_4
180,27,W,0,Female,clvr_cost_0.1_intro_0.2_4
181,28,W,0,Female,clvr_cost_0.1_intro_0.2_4
182,29,W,0,Female,clvr_cost_0.1_intro_0.2_4
183,30,W,0,Female,clvr_cost_0.1_intro_0.2_4
184,31,W,0,Female,clvr_cost_0.1_intro_0.2_4
185,32,W,0,Female,clvr_cost_0.1_intro_0.2_4
186,33,W,0,Female,clvr_cost_0.1_intro_0.2_4
187,34,W,0,Female,clvr_cost_0.1_intro_0.2_4
188,35,W,0,Female,clvr_cost_0.1_intro_0.2_4
189,36,W,0,Female,clvr_cost_0.1_intro_0.2_4
190,37,W,0,Female,clvr_cost_0.1_intro_0.2_4
191,38,W,0,Female,clvr_cost_0.1_intro_0.2_4
192,39,W,0,Female,clvr_cost_0.1_intro_0.2_4
193,40,W,0,Female,clvr_cost_0.1_intro_0.2_4
194,41,W,0,Female,clvr_cost_0.1_intro_0.2_4
195,42,W,0,Female,clvr_cost_0.1_intro_0.2_4
196,43,W,0,Female,clvr_cost_0.1_intro_0.2_4
197,44,W,0,Female,clvr_cost_0.1_intro_0.2_4
198,45,W,0,Female,clvr_cost_0.1_intro_0.2_4
199,46,W,0,Female,clvr_cost_0.1_intro_0.2_4
200,47,W,0,Female,clvr_cost_0.1_intro_0.2_4
201,48,W,0,Female,clvr_cost_0.1_intro_0.2_4
202,49,W,0,Female,clvr_cost_0.1_intro_0.2_4
203,50,W,0,Female,clvr_cost_0.1_intro_0.2_4
204,0,C,4000,Male,clvr_cost_0.1_intro_0.2_4
205,1,C,1266,Male,clvr_cost_0.1_intro_0.2_4
206,2,C,1733,Male,clvr_cost_0.1_intro_0.2_4
207,3,C,2385,Male,clvr_cost_0.1_intro_0.2_4
208,4,C,3226,Male,clvr_cost_0.1_intro_0.2_4
209,5,C,3987,Male,clvr_cost_0.1_intro_0.2_4
210,6,C,5249,Male,clvr_cost_0.1_intro_0.2_4
211,7,C,6777,Male,clvr_cost_0.1_intro_0.2_4
212,8,C,8092,Male,clvr_cost_0.1_intro_0.2_4
213,9,C,8798,Male,clvr_cost_0.1_intro_0.2_4
214,10,C,8874,Male,clvr_cost_0.1_intro_0.2_4
215,11,C,8888,Male,clvr_cost_0.1_intro_0.2_4
216,12,C,8960,Male,clvr_cost_0.1_intro_0.2_4
217,13,C,8708,Male,clvr_cost_0.1_intro_0.2_4
218,14,C,8994,Male,clvr_cost_0.1_intro_0.2_4
219,15,C,8674,Male,clvr_cost_0.1_intro_0.2_4
220,16,C,8858,Male,clvr_cost_0.1_intro_0.2_4
221,17,C,9032,Male,clvr_cost_0.1_intro_0.2_4
222,18,C,8756,Male,clvr_cost_0.1_intro_0.2_4
223,19,C,8764,Male,clvr_cost_0.1_intro_0.2_4
224,20,C,8732,Male,clvr_cost_0.1_intro_0.2_4
225,21,C,8794,Male,clvr_cost_0.1_intro_0.2_4
226,22,C,8750,Male,clvr_cost_0.1_intro_0.2_4
227,23,C,8630,Male,clvr_cost_0.1_intro_0.2_4
228,24,C,8508,Male,clvr_cost_0.1_intro_0.2_4
229,25,C,8790,Male,clvr_cost_0.1_intro_0.2_4
230,26,C,8864,Male,clvr_cost_0.1_intro_0.2_4
231,27,C,8810,Male,clvr_cost_0.1_intro_0.2_4
232,28,C,9068,Male,clvr_cost_0.1_intro_0.2_4
233,29,C,8928,Male,clvr_cost_0.1_intro_0.2_4
234,30,C,8810,Male,clvr_cost_0.1_intro_0.2_4
235,31,C,9050,Male,clvr_cost_0.1_intro_0.2_4
236,32,C,8996,Male,clvr_cost_0.1_intro_0.2_4
237,33,C,8716,Male,clvr_cost_0.1_intro_0.2_4
238,34,C,8954,Male,clvr_cost_0.1_intro_0.2_4
239,35,C,8892,Male,clvr_cost_0.1_intro_0.2_4
240,36,C,9020,Male,clvr_cost_0.1_intro_0.2_4
241,37,C,8878,Male,clvr_cost_0.1_intro_0.2_4
242,38,C,9016,Male,clvr_cost_0.1_intro_0.2_4
243,39,C,8860,Male,clvr_cost_0.1_intro_0.2_4
244,40,C,8818,Male,clvr_cost_0.1_intro_0.2_4
245,41,C,8960,Male,clvr_cost_0.1_intro_0.2_4
246,42,C,8840,Male,clvr_cost_0.1_intro_0.2_4
247,43,C,8960,Male,clvr_cost_0.1_intro_0.2_4
248,44,C,8876,Male,clvr_cost_0.1_intro_0.2_4
249,45,C,8916,Male,clvr_cost_0.1_intro_0.2_4
250,46,C,9128,Male,clvr_cost_0.1_intro_0.2_4
251,47,C,8890,Male,clvr_cost_0.1_intro_0.2_4
252,48,C,8788,Male,clvr_cost_0.1_intro_0.2_4
253,49,C,8774,Male,clvr_cost_0.1_intro_0.2_4
254,50,C,8806,Male,clvr_cost_0.1_intro_0.2_4
255,0,A,10000,Male,clvr_cost_0.1_intro_0.2_4
256,1,A,7396,Male,clvr_cost_0.1_intro_0.2_4
257,2,A,6465,Male,clvr_cost_0.1_intro_0.2_4
258,3,A,5511,Male,clvr_cost_0.1_intro_0.2_4
259,4,A,4186,Male,clvr_cost_0.1_intro_0.2_4
260,5,A,2643,Male,clvr_cost_0.1_intro_0.2_4
261,6,A,1199,Male,clvr_cost_0.1_intro_0.2_4
262,7,A,375,Male,clvr_cost_0.1_intro_0.2_4
263,8,A,56,Male,clvr_cost_0.1_intro_0.2_4
264,9,A,8,Male,clvr_cost_0.1_intro_0.2_4
265,10,A,0,Male,clvr_cost_0.1_intro_0.2_4
266,11,A,0,Male,clvr_cost_0.1_intro_0.2_4
267,12,A,0,Male,clvr_cost_0.1_intro_0.2_4
268,13,A,0,Male,clvr_cost_0.1_intro_0.2_4
269,14,A,0,Male,clvr_cost_0.1_intro_0.2_4
270,15,A,0,Male,clvr_cost_0.1_intro_0.2_4
271,16,A,0,Male,clvr_cost_0.1_intro_0.2_4
272,17,A,0,Male,clvr_cost_0.1_intro_0.2_4
273,18,A,0,Male,clvr_cost_0.1_intro_0.2_4
274,19,A,0,Male,clvr_cost_0.1_intro_0.2_4
275,20,A,0,Male,clvr_cost_0.1_intro_0.2_4
276,21,A,0,Male,clvr_cost_0.1_intro_0.2_4
277,22,A,0,Male,clvr_cost_0.1_intro_0.2_4
278,23,A,0,Male,clvr_cost_0.1_intro_0.2_4
279,24,A,0,Male,clvr_cost_0.1_intro_0.2_4
280,25,A,0,Male,clvr_cost_0.1_intro_0.2_4
281,26,A,0,Male,clvr_cost_0.1_intro_0.2_4
282,27,A,0,Male,clvr_cost_0.1_intro_0.2_4
283,28,A,0,Male,clvr_cost_0.1_intro_0.2_4
284,29,A,0,Male,clvr_cost_0.1_intro_0.2_4
285,30,A,0,Male,clvr_cost_0.1_intro_0.2_4
286,31,A,0,Male,clvr_cost_0.1_intro_0.2_4
287,32,A,0,Male,clvr_cost_0.1_intro_0.2_4
288,33,A,0,Male,clvr_cost_0.1_intro_0.2_4
289,34,A,0,Male,clvr_cost_0.1_intro_0.2_4
290,35,A,0,Male,clvr_cost_0.1_intro_0.2_4
291,36,A,0,Male,clvr_cost_0.1_intro_0.2_4
292,37,A,0,Male,clvr_cost_0.1_intro_0.2_4
293,38,A,0,Male,clvr_cost_0.1_intro_0.2_4
294,39,A,0,Male,clvr_cost_0.1_intro_0.2_4
295,40,A,0,Male,clvr_cost_0.1_intro_0.2_4
296,41,A,0,Male,clvr_cost_0.1_intro_0.2_4
297,42,A,0,Male,clvr_cost_0.1_intro_0.2_4
298,43,A,0,Male,clvr_cost_0.1_intro_0.2_4
299,44,A,0,Male,clvr_cost_0.1_intro_0.2_4
300,45,A,0,Male,clvr_cost_0.1_intro_0.2_4
301,46,A,0,Male,clvr_cost_0.1_intro_0.2_4
302,47,A,0,Male,clvr_cost_0.1_intro_0.2_4
303,48,A,0,Male,clvr_cost_0.1_intro_0.2_4
304,49,A,0,Male,clvr_cost_0.1_intro_0.2_4
305,50,A,0,Male,clvr_cost_0.1_intro_0.2_4
306,0,V,4000,Male,clvr_cost_0.1_intro_0.2_4
307,1,V,1266,Male,clvr_cost_0.1_intro_0.2_4
308,2,V,1773,Male,clvr_cost_0.1_intro_0.2_4
309,3,V,2438,Male,clvr_cost_0.1_intro_0.2_4
310,4,V,3296,Male,clvr_cost_0.1_intro_0.2_4
311,5,V,4050,Male,clvr_cost_0.1_intro_0.2_4
312,6,V,5315,Male,clvr_cost_0.1_intro_0.2_4
313,7,V,6817,Male,clvr_cost_0.1_intro_0.2_4
314,8,V,8111,Male,clvr_cost_0.1_intro_0.2_4
315,9,V,8803,Male,clvr_cost_0.1_intro_0.2_4
316,10,V,8874,Male,clvr_cost_0.1_intro_0.2_4
317,11,V,8888,Male,clvr_cost_0.1_intro_0.2_4
318,12,V,8960,Male,clvr_cost_0.1_intro_0.2_4
319,13,V,8708,Male,clvr_cost_0.1_intro_0.2_4
320,14,V,8994,Male,clvr_cost_0.1_intro_0.2_4
321,15,V,8674,Male,clvr_cost_0.1_intro_0.2_4
322,16,V,8858,Male,clvr_cost_0.1_intro_0.2_4
323,17,V,9032,Male,clvr_cost_0.1_intro_0.2_4
324,18,V,8756,Male,clvr_cost_0.1_intro_0.2_4
325,19,V,8764,Male,clvr_cost_0.1_intro_0.2_4
326,20,V,8732,Male,clvr_cost_0.1_intro_0.2_4
327,21,V,8794,Male,clvr_cost_0.1_intro_0.2_4
328,22,V,8750,Male,clvr_cost_0.1_intro_0.2_4
329,23,V,8630,Male,clvr_cost_0.1_intro_0.2_4
330,24,V,8508,Male,clvr_cost_0.1_intro_0.2_4
331,25,V,8790,Male,clvr_cost_0.1_intro_0.2_4
332,26,V,8864,Male,clvr_cost_0.1_intro_0.2_4
333,27,V,8810,Male,clvr_cost_0.1_intro_0.2_4
334,28,V,9068,Male,clvr_cost_0.1_intro_0.2_4
335,29,V,8928,Male,clvr_cost_0.1_intro_0.2_4
336,30,V,8810,Male,clvr_cost_0.1_intro_0.2_4
337,31,V,9050,Male,clvr_cost_0.1_intro_0.2_4
338,32,V,8996,Male,clvr_cost_0.1_intro_0.2_4
339,33,V,8716,Male,clvr_cost_0.1_intro_0.2_4
340,34,V,8954,Male,clvr_cost_0.1_intro_0.2_4
341,35,V,8892,Male,clvr_cost_0.1_intro_0.2_4
342,36,V,9020,Male,clvr_cost_0.1_intro_0.2_4
343,37,V,8878,Male,clvr_cost_0.1_intro_0.2_4
344,38,V,9016,Male,clvr_cost_0.1_intro_0.2_4
345,39,V,8860,Male,clvr_cost_0.1_intro_0.2_4
346,40,V,8818,Male,clvr_cost_0.1_intro_0.2_4
347,41,V,8960,Male,clvr_cost_0.1_intro_0.2_4
348,42,V,8840,Male,clvr_cost_0.1_intro_0.2_4
349,43,V,8960,Male,clvr_cost_0.1_intro_0.2_4
350,44,V,8876,Male,clvr_cost_0.1_intro_0.2_4
351,45,V,8916,Male,clvr_cost_0.1_intro_0.2_4
352,46,V,9128,Male,clvr_cost_0.1_intro_0.2_4
353,47,V,8890,Male,clvr_cost_0.1_intro_0.2_4
354,48,V,8788,Male,clvr_cost_0.1_intro_0.2_4
355,49,V,8774,Male,clvr_cost_0.1_intro_0.2_4
356,50,V,8806,Male,clvr_cost_0.1_intro_0.2_4
357,0,W,10000,Male,clvr_cost_0.1_intro_0.2_4
358,1,W,7396,Male,clvr_cost_0.1_intro_0.2_4
359,2,W,6425,Male,clvr_cost_0.1_intro_0.2_4
360,3,W,5458,Male,clvr_cost_0.1_intro_0.2_4
361,4,W,4116,Male,clvr_cost_0.1_intro_0.2_4
362,5,W,2580,Male,clvr_cost_0.1_intro_0.2_4
363,6,W,1133,Male,clvr_cost_0.1_intro_0.2_4
364,7,W,335,Male,clvr_cost_0.1_intro_0.2_4
365,8,W,37,Male,clvr_cost_0.1_intro_0.2_4
366,9,W,3,Male,clvr_cost_0.1_intro_0.2_4
367,10,W,0,Male,clvr_cost_0.1_intro_0.2_4
368,11,W,0,Male,clvr_cost_0.1_intro_0.2_4
369,12,W,0,Male,clvr_cost_0.1_intro_0.2_4
370,13,W,0,Male,clvr_cost_0.1_intro_0.2_4
371,14,W,0,Male,clvr_cost_0.1_intro_0.2_4
372,15,W,0,Male,clvr_cost_0.1_intro_0.2_4
373,16,W,0,Male,clvr_cost_0.1_intro_0.2_4
374,17,W,0,Male,clvr_cost_0.1_intro_0.2_4
375,18,W,0,Male,clvr_cost_0.1_intro_0.2_4
376,19,W,0,Male,clvr_cost_0.1_intro_0.2_4
377,20,W,0,Male,clvr_cost_0.1_intro_0.2_4
378,21,W,0,Male,clvr_cost_0.1_intro_0.2_4
379,22,W,0,Male,clvr_cost_0.1_intro_0.2_4
380,23,W,0,Male,clvr_cost_0.1_intro_0.2_4
381,24,W,0,Male,clvr_cost_0.1_intro_0.2_4
382,25,W,0,Male,clvr_cost_0.1_intro_0.2_4
383,26,W,0,Male,clvr_cost_0.1_intro_0.2_4
384,27,W,0,Male,clvr_cost_0.1_intro_0.2_4
385,28,W,0,Male,clvr_cost_0.1_intro_0.2_4
386,29,W,0,Male,clvr_cost_0.1_intro_0.2_4
387,30,W,0,Male,clvr_cost_0.1_intro_0.2_4
388,31,W,0,Male,clvr_cost_0.1_intro_0.2_4
389,32,W,0,Male,clvr_cost_0.1_intro_0.2_4
390,33,W,0,Male,clvr_cost_0.1_intro_0.2_4
391,34,W,0,Male,clvr_cost_0.1_intro_0.2_4
392,35,W,0,Male,clvr_cost_0.1_intro_0.2_4
393,36,W,0,Male,clvr_cost_0.1_intro_0.2_4
394,37,W,0,Male,clvr_cost_0.1_intro_0.2_4
395,38,W,0,Male,clvr_cost_0.1_intro_0.2_4
396,39,W,0,Male,clvr_cost_0.1_intro_0.2_4
397,40,W,0,Male,clvr_cost_0.1_intro_0.2_4
398,41,W,0,Male,clvr_cost_0.1_intro_0.2_4
399,42,W,0,Male,clvr_cost_0.1_intro_0.2_4
400,43,W,0,Male,clvr_cost_0.1_intro_0.2_4
401,44,W,0,Male,clvr_cost_0.1_intro_0.2_4
402,45,W,0,Male,clvr_cost_0.1_intro_0.2_4
403,46,W,0,Male,clvr_cost_0.1_intro_0.2_4
404,47,W,0,Male,clvr_cost_0.1_intro_0.2_4
405,48,W,0,Male,clvr_cost_0.1_intro_0.2_4
406,49,W,0,Male,clvr_cost_0.1_intro_0.2_4
407,50,W,0,Male,clvr_cost_0.1_intro_0.2_4
,Generation,Allele,Count,Sex,Run
0,0,C,0,Female,clvr_cost_0.1_intro_0.2_5
1,1,C,1301,Female,clvr_cost_0.1_intro_0.2_5
2,2,C,1723,Female,clvr_cost_0.1_intro_0.2_5
3,3,C,2245,Female,clvr_cost_0.1_intro_0.2_5
4,4,C,3186,Female,clvr_cost_0.1_intro_0.2_5
5,5,C,4102,Female,clvr_cost_0.1_intro_0.2_5
6,6,C,5365,Female,clvr_cost_0.1_intro_0.2_5
7,7,C,6807,Female,clvr_cost_0.1_intro_0.2_5
8,8,C,8025,Female,clvr_cost_0.1_intro_0.2_5
9,9,C,8598,Female,clvr_cost_0.1_intro_0.2_5
10,10,C,8847,Female,clvr_cost_0.1_intro_0.2_5
11,11,C,8762,Female,clvr_cost_0.1_intro_0.2_5
12,12,C,8602,Female,clvr_cost_0.1_intro_0.2_5
13,13,C,8714,Female,clvr_cost_0.1_intro_0.2_5
14,14,C,8758,Female,clvr_cost_0.1_intro_0.2_5
15,15,C,8724,Female,clvr_cost_0.1_intro_0.2_5
16,16,C,8900,Female,clvr_cost_0.1_intro_0.2_5
17,17,C,8694,Female,clvr_cost_0.1_intro_0.2_5
18,18,C,8484,Female,clvr_cost_0.1_intro_0.2_5
19,19,C,8546,Female,clvr_cost_0.1_intro_0.2_5
20,20,C,8568,Female,clvr_cost_0.1_intro_0.2_5
21,21,C,8616,Female,clvr_cost_0.1_intro_0.2_5
22,22,C,8594,Female,clvr_cost_0.1_intro_0.2_5
23,23,C,8906,Female,clvr_cost_0.1_intro_0.2_5
24,24,C,8812,Female,clvr_cost_0.1_intro_0.2_5
25,25,C,8644,Female,clvr_cost_0.1_intro_0.2_5
26,26,C,8682,Female,clvr_cost_0.1_intro_0.2_5
27,27,C,8860,Female,clvr_cost_0.1_intro_0.2_5
28,28,C,8682,Female,clvr_cost_0.1_intro_0.2_5
29,29,C,8730,Female,clvr_cost_0.1_intro_0.2_5
30,30,C,8586,Female,clvr_cost_0.1_intro_0.2_5
31,31,C,8594,Female,clvr_cost_0.1_intro_0.2_5
32,32,C,8610,Female,clvr_cost_0.1_intro_0.2_5
33,33,C,8524,Female,clvr_cost_0.1_intro_0.2_5
34,34,C,8588,Female,clvr_cost_0.1_intro_0.2_5
35,35,C,8618,Female,clvr_cost_0.1_intro_0.2_5
36,36,C,8548,Female,clvr_cost_0.1_intro_0.2_5
37,37,C,8916,Female,clvr_cost_0.1_intro_0.2_5
38,38,C,8762,Female,clvr_cost_0.1_intro_0.2_5
39,39,C,8742,Female,clvr_cost_0.1_intro_0.2_5
40,40,C,8672,Female,clvr_cost_0.1_intro_0.2_5
41,41,C,8848,Female,clvr_cost_0.1_intro_0.2_5
42,42,C,8988,Female,clvr_cost_0.1_intro_0.2_5
43,43,C,8892,Female,clvr_cost_0.1_intro_0.2_5
44,44,C,8830,Female,clvr_cost_0.1_intro_0.2_5
45,45,C,8938,Female,clvr_cost_0.1_intro_0.2_5
46,46,C,8934,Female,clvr_cost_0.1_intro_0.2_5
47,47,C,8646,Female,clvr_cost_0.1_intro_0.2_5
48,48,C,8570,Female,clvr_cost_0.1_intro_0.2_5
49,49,C,8496,Female,clvr_cost_0.1_intro_0.2_5
50,50,C,8518,Female,clvr_cost_0.1_intro_0.2_5
51,0,A,10000,Female,clvr_cost_0.1_intro_0.2_5
52,1,A,7385,Female,clvr_cost_0.1_intro_0.2_5
53,2,A,6179,Female,clvr_cost_0.1_intro_0.2_5
54,3,A,5233,Female,clvr_cost_0.1_intro_0.2_5
55,4,A,3964,Female,clvr_cost_0.1_intro_0.2_5
56,5,A,2480,Female,clvr_cost_0.1_intro_0.2_5
57,6,A,1183,Female,clvr_cost_0.1_intro_0.2_5
58,7,A,327,Female,clvr_cost_0.1_intro_0.2_5
59,8,A,39,Female,clvr_cost_0.1_intro_0.2_5
60,9,A,2,Female,clvr_cost_0.1_intro_0.2_5
61,10,A,1,Female,clvr_cost_0.1_intro_0.2_5
62,11,A,0,Female,clvr_cost_0.1_intro_0.2_5
63,12,A,0,Female,clvr_cost_0.1_intro_0.2_5
64,13,A,0,Female,clvr_cost_0.1_intro_0.2_5
65,14,A,0,Female,clvr_cost_0.1_intro_0.2_5
66,15,A,0,Female,clvr_cost_0.1_intro_0.2_5
67,16,A,0,Female,clvr_cost_0.1_intro_0.2_5
68,17,A,0,Female,clvr_cost_0.1_intro_0.2_5
69,18,A,0,Female,clvr_cost_0.1_intro_0.2_5
70,19,A,0,Female,clvr_cost_0.1_intro_0.2_5
71,20,A,0,Female,clvr_cost_0.1_intro_0.2_5
72,21,A,0,Female,clvr_cost_0.1_intro_0.2_5
73,22,A,0,Female,clvr_cost_0.1_intro_0.2_5
74,23,A,0,Female,clvr_cost_0.1_intro_0.2_5
75,24,A,0,Female,clvr_cost_0.1_intro_0.2_5
76,25,A,0,Female,clvr_cost_0.1_intro_0.2_5
77,26,A,0,Female,clvr_cost_0.1_intro_0.2_5
78,27,A,0,Female,clvr_cost_0.1_intro_0.2_5
79,28,A,0,Female,clvr_cost_0.1_intro_0.2_5
80,29,A,0,Female,clvr_cost_0.1_intro_0.2_5
81,30,A,0,Female,clvr_cost_0.1_intro_0.2_5
82,31,A,0,Female,clvr_cost_0.1_intro_0.2_5
83,32,A,0,Female,clvr_cost_0.1_intro_0.2_5
84,33,A,0,Female,clvr_cost_0.1_intro_0.2_5
85,34,A,0,Female,clvr_cost_0.1_intro_0.2_5
86,35,A,0,Female,clvr_cost_0.1_intro_0.2_5
87,36,A,0,Female,clvr_cost_0.1_intro_0.2_5
88,37,A,0,Female,clvr_cost_0.1_intro_0.2_5
89,38,A,0,Female,clvr_cost_0.1_intro_0.2_5
90,39,A,0,Female,clvr_cost_0.1_intro_0.2_5
91,40,A,0,Female,clvr_cost_0.1_intro_0.2_5
92,41,A,0,Female,clvr_cost_0.1_intro_0.2_5
93,42,A,0,Female,clvr_cost_0.1_intro_0.2_5
94,43,A,0,Female,clvr_cost_0.1_intro_0.2_5
95,44,A,0,Female,clvr_cost_0.1_intro_0.2_5
96,45,A,0,Female,clvr_cost_0.1_intro_0.2_5
97,46,A,0,Female,clvr_cost_0.1_intro_0.2_5
98,47,A,0,Female,clvr_cost_0.1_intro_0.2_5
99,48,A,0,Female,clvr_cost_0.1_intro_0.2_5
100,49,A,0,Female,clvr_cost_0.1_intro_0.2_5
101,50,A,0,Female,clvr_cost_0.1_intro_0.2_5
102,0,V,0,Female,clvr_cost_0.1_intro_0.2_5
103,1,V,1301,Female,clvr_cost_0.1_intro_0.2_5
104,2,V,1767,Female,clvr_cost_0.1_intro_0.2_5
105,3,V,2303,Female,clvr_cost_0.1_intro_0.2_5
106,4,V,3242,Female,clvr_cost_0.1_intro_0.2_5
107,5,V,4175,Female,clvr_cost_0.1_intro_0.2_5
108,6,V,5440,Female,clvr_cost_0.1_intro_0.2_5
109,7,V,6843,Female,clvr_cost_0.1_intro_0.2_5
110,8,V,8044,Female,clvr_cost_0.1_intro_0.2_5
111,9,V,8598,Female,clvr_cost_0.1_intro_0.2_5
112,10,V,8848,Female,clvr_cost_0.1_intro_0.2_5
113,11,V,8762,Female,clvr_cost_0.1_intro_0.2_5
114,12,V,8602,Female,clvr_cost_0.1_intro_0.2_5
115,13,V,8714,Female,clvr_cost_0.1_intro_0.2_5
116,14,V,8758,Female,clvr_cost_0.1_intro_0.2_5
117,15,V,8724,Female,clvr_cost_0.1_intro_0.2_5
118,16,V,8900,Female,clvr_cost_0.1_intro_0.2_5
119,17,V,8694,Female,clvr_cost_0.1_intro_0.2_5
120,18,V,8484,Female,clvr_cost_0.1_intro_0.2_5
121,19,V,8546,Female,clvr_cost_0.1_intro_0.2_5
122,20,V,8568,Female,clvr_cost_0.1_intro_0.2_5
123,21,V,8616,Female,clvr_cost_0.1_intro_0.2_5
124,22,V,8594,Female,clvr_cost_0.1_intro_0.2_5
125,23,V,8906,Female,clvr_cost_0.1_intro_0.2_5
126,24,V,8812,Female,clvr_cost_0.1_intro_0.2_5
127,25,V,8644,Female,clvr_cost_0.1_intro_0.2_5
128,26,V,8682,Female,clvr_cost_0.1_intro_0.2_5
129,27,V,8860,Female,clvr_cost_0.1_intro_0.2_5
130,28,V,8682,Female,clvr_cost_0.1_intro_0.2_5
131,29,V,8730,Female,clvr_cost_0.1_intro_0.2_5
132,30,V,8586,Female,clvr_cost_0.1_intro_0.2_5
133,31,V,8594,Female,clvr_cost_0.1_intro_0.2_5
134,32,V,8610,Female,clvr_cost_0.1_intro_0.2_5
135,33,V,8524,Female,clvr_cost_0.1_intro_0.2_5
136,34,V,8588,Female,clvr_cost_0.1_intro_0.2_5
137,35,V,8618,Female,clvr_cost_0.1_intro_0.2_5
138,36,V,8548,Female,clvr_cost_0.1_intro_0.2_5
139,37,V,8916,Female,clvr_cost_0.1_intro_0.2_5
140,38,V,8762,Female,clvr_cost_0.1_intro_0.2_5
141,39,V,8742,Female,clvr_cost_0.1_intro_0.2_5
142,40,V,8672,Female,clvr_cost_0.1_intro_0.2_5
143,41,V,8848,Female,clvr_cost_0.1_intro_0.2_5
144,42,V,8988,Female,clvr_cost_0.1_intro_0.2_5
145,43,V,8892,Female,clvr_cost_0.1_intro_0.2_5
146,44,V,8830,Female,clvr_cost_0.1_intro_0.2_5
147,45,V,8938,Female,clvr_cost_0.1_intro_0.2_5
148,46,V,8934,Female,clvr_cost_0.1_intro_0.2_5
149,47,V,8646,Female,clvr_cost_0.1_intro_0.2_5
150,48,V,8570,Female,clvr_cost_0.1_intro_0.2_5
151,49,V,8496,Female,clvr_cost_0.1_intro_0.2_5
152,50,V,8518,Female,clvr_cost_0.1_intro_0.2_5
153,0,W,10000,Female,clvr_cost_0.1_intro_0.2_5
154,1,W,7385,Female,clvr_cost_0.1_intro_0.2_5
155,2,W,6135,Female,clvr_cost_0.1_intro_0.2_5
156,3,W,5175,Female,clvr_cost_0.1_intro_0.2_5
157,4,W,3908,Female,clvr_cost_0.1_intro_0.2_5
158,5,W,2407,Female,clvr_cost_0.1_intro_0.2_5
159,6,W,1108,Female,clvr_cost_0.1_intro_0.2_5
160,7,W,291,Female,clvr_cost_0.1_intro_0.2_5
161,8,W,20,Female,clvr_cost_0.1_intro_0.2_5
162,9,W,2,Female,clvr_cost_0.1_intro_0.2_5
163,10,W,0,Female,clvr_cost_0.1_intro_0.2_5
164,11,W,0,Female,clvr_cost_0.1_intro_0.2_5
165,12,W,0,Female,clvr_cost_0.1_intro_0.2_5
166,13,W,0,Female,clvr_cost_0.1_intro_0.2_5
167,14,W,0,Female,clvr_cost_0.1_intro_0.2_5
168,15,W,0,Female,clvr_cost_0.1_intro_0.2_5
169,16,W,0,Female,clvr_cost_0.1_intro_0.2_5
170,17,W,0,Female,clvr_cost_0.1_intro_0.2_5
171,18,W,0,Female,clvr_cost_0.1_intro_0.2_5
172,19,W,0,Female,clvr_cost_0.1_intro_0.2_5
173,20,W,0,Female,clvr_cost_0.1_intro_0.2_5
174,21,W,0,Female,clvr_cost_0.1_intro_0.2_5
175,22,W,0,Female,clvr_cost_0.1_intro_0.2_5
176,23,W,0,Female,clvr_cost_0.1_intro_0.2_5
177,24,W,0,Female,clvr_cost_0.1_intro_0.2_5
178,25,W,0,Female,clvr_cost_0.1_intro_0.2_5
179,26,W,0,Female,clvr_cost_0.1_intro_0.2_5
180,27,W,0,Female,clvr_cost_0.1_intro_0.2_5
181,28,W,0,Female,clvr_cost_0.1_intro_0.2_5
182,29,W,0,Female,clvr_cost_0.1_intro_0.2_5
183,30,W,0,Female,clvr_cost_0.1_intro_0.2_5
184,31,W,0,Female,clvr_cost_0.1_intro_0.2_5
185,32,W,0,Female,clvr_cost_0.1_intro_0.2_5
186,33,W,0,Female,clvr_cost_0.1_intro_0.2_5
187,34,W,0,Female,clvr_cost_0.1_intro_0.2_5
188,35,W,0,Female,clvr_cost_0.1_intro_0.2_5
189,36,W,0,Female,clvr_cost_0.1_intro_0.2_5
190,37,W,0,Female,clvr_cost_0.1_intro_0.2_5
191,38,W,0,Female,clvr_cost_0.1_intro_0.2_5
192,39,W,0,Female,clvr_cost_0.1_intro_0.2_5
193,40,W,0,Female,clvr_cost_0.1_intro_0.2_5
194,41,W,0,Female,clvr_cost_0.1_intro_0.2_5
195,42,W,0,Female,clvr_cost_0.1_intro_0.2_5
196,43,W,0,Female,clvr_cost_0.1_intro_0.2_5
197,44,W,0,Female,clvr_cost_0.1_intro_0.2_5
198,45,W,0,Female,clvr_cost_0.1_intro_0.2_5
199,46,W,0,Female,clvr_cost_0.1_intro_0.2_5
200,47,W,0,Female,clvr_cost_0.1_intro_0.2_5
201,48,W,0,Female,clvr_cost_0.1_intro_0.2_5
202,49,W,0,Female,clvr_cost_0.1_intro_0.2_5
203,50,W,0,Female,clvr_cost_0.1_intro_0.2_5
204,0,C,4000,Male,clvr_cost_0.1_intro_0.2_5
205,1,C,1270,Male,clvr_cost_0.1_intro_0.2_5
206,2,C,1683,Male,clvr_cost_0.1_intro_0.2_5
207,3,C,2379,Male,clvr_cost_0.1_intro_0.2_5
208,4,C,3120,Male,clvr_cost_0.1_intro_0.2_5
209,5,C,4121,Male,clvr_cost_0.1_intro_0.2_5
210,6,C,5353,Male,clvr_cost_0.1_intro_0.2_5
211,7,C,6870,Male,clvr_cost_0.1_intro_0.2_5
212,8,C,8045,Male,clvr_cost_0.1_intro_0.2_5
213,9,C,8643,Male,clvr_cost_0.1_intro_0.2_5
214,10,C,8850,Male,clvr_cost_0.1_intro_0.2_5
215,11,C,9068,Male,clvr_cost_0.1_intro_0.2_5
216,12,C,8650,Male,clvr_cost_0.1_intro_0.2_5
217,13,C,8772,Male,clvr_cost_0.1_intro_0.2_5
218,14,C,8784,Male,clvr_cost_0.1_intro_0.2_5
219,15,C,8860,Male,clvr_cost_0.1_intro_0.2_5
220,16,C,8910,Male,clvr_cost_0.1_intro_0.2_5
221,17,C,8920,Male,clvr_cost_0.1_intro_0.2_5
222,18,C,8622,Male,clvr_cost_0.1_intro_0.2_5
223,19,C,8936,Male,clvr_cost_0.1_intro_0.2_5
224,20,C,8580,Male,clvr_cost_0.1_intro_0.2_5
225,21,C,8860,Male,clvr_cost_0.1_intro_0.2_5
226,22,C,8962,Male,clvr_cost_0.1_intro_0.2_5
227,23,C,9106,Male,clvr_cost_0.1_intro_0.2_5
228,24,C,8886,Male,clvr_cost_0.1_intro_0.2_5
229,25,C,8822,Male,clvr_cost_0.1_intro_0.2_5
230,26,C,8732,Male,clvr_cost_0.1_intro_0.2_5
231,27,C,8876,Male,clvr_cost_0.1_intro_0.2_5
232,28,C,8832,Male,clvr_cost_0.1_intro_0.2_5
233,29,C,8796,Male,clvr_cost_0.1_intro_0.2_5
234,30,C,8650,Male,clvr_cost_0.1_intro_0.2_5
235,31,C,8672,Male,clvr_cost_0.1_intro_0.2_5
236,32,C,8636,Male,clvr_cost_0.1_intro_0.2_5
237,33,C,8926,Male,clvr_cost_0.1_intro_0.2_5
238,34,C,8612,Male,clvr_cost_0.1_intro_0.2_5
239,35,C,8978,Male,clvr_cost_0.1_intro_0.2_5
240,36,C,8800,Male,clvr_cost_0.1_intro_0.2_5
241,37,C,9036,Male,clvr_cost_0.1_intro_0.2_5
242,38,C,8922,Male,clvr_cost_0.1_intro_0.2_5
243,39,C,8830,Male,clvr_cost_0.1_intro_0.2_5
244,40,C,8756,Male,clvr_cost_0.1_intro_0.2_5
245,41,C,8938,Male,clvr_cost_0.1_intro_0.2_5
246,42,C,9052,Male,clvr_cost_0.1_intro_0.2_5
247,43,C,8998,Male,clvr_cost_0.1_intro_0.2_5
248,44,C,8970,Male,clvr_cost_0.1_intro_0.2_5
249,45,C,9048,Male,clvr_cost_0.1_intro_0.2_5
250,46,C,9140,Male,clvr_cost_0.1_intro_0.2_5
251,47,C,8724,Male,clvr_cost_0.1_intro_0.2_5
252,48,C,8796,Male,clvr_cost_0.1_intro_0.2_5
253,49,C,8820,Male,clvr_cost_0.1_intro_0.2_5
254,50,C,8676,Male,clvr_cost_0.1_intro_0.2_5
255,0,A,10000,Male,clvr_cost_0.1_intro_0.2_5
256,1,A,7454,Male,clvr_cost_0.1_intro_0.2_5
257,2,A,6401,Male,clvr_cost_0.1_intro_0.2_5
258,3,A,5285,Male,clvr_cost_0.1_intro_0.2_5
259,4,A,4042,Male,clvr_cost_0.1_intro_0.2_5
260,5,A,2461,Male,clvr_cost_0.1_intro_0.2_5
261,6,A,1207,Male,clvr_cost_0.1_intro_0.2_5
262,7,A,322,Male,clvr_cost_0.1_intro_0.2_5
263,8,A,29,Male,clvr_cost_0.1_intro_0.2_5
264,9,A,5,Male,clvr_cost_0.1_intro_0.2_5
265,10,A,0,Male,clvr_cost_0.1_intro_0.2_5
266,11,A,0,Male,clvr_cost_0.1_intro_0.2_5
267,12,A,0,Male,clvr_cost_0.1_intro_0.2_5
268,13,A,0,Male,clvr_cost_0.1_intro_0.2_5
269,14,A,0,Male,clvr_cost_0.1_intro_0.2_5
270,15,A,0,Male,clvr_cost_0.1_intro_0.2_5
271,16,A,0,Male,clvr_cost_0.1_intro_0.2_5
272,17,A,0,Male,clvr_cost_0.1_intro_0.2_5
273,18,A,0,Male,clvr_cost_0.1_intro_0.2_5
274,19,A,0,Male,clvr_cost_0.1_intro_0.2_5
275,20,A,0,Male,clvr_cost_0.1_intro_0.2_5
276,21,A,0,Male,clvr_cost_0.1_intro_0.2_5
277,22,A,0,Male,clvr_cost_0.1_intro_0.2_5
278,23,A,0,Male,clvr_cost_0.1_intro_0.2_5
279,24,A,0,Male,clvr_cost_0.1_intro_0.2_5
280,25,A,0,Male,clvr_cost_0.1_intro_0.2_5
281,26,A,0,Male,clvr_cost_0.1_intro_0.2_5
282,27,A,0,Male,clvr_cost_0.1_intro_0.2_5
283,28,A,0,Male,clvr_cost_0.1_intro_0.2_5
284,29,A,0,Male,clvr_cost_0.1_intro_0.2_5
285,30,A,0,Male,clvr_cost_0.1_intro_0.2_5
286,31,A,0,Male,clvr_cost_0.1_intro_0.2_5
287,32,A,0,Male,clvr_cost_0.1_intro_0.2_5
288,33,A,0,Male,clvr_cost_0.1_intro_0.2_5
289,34,A,0,Male,clvr_cost_0.1_intro_0.2_5
290,35,A,0,Male,clvr_cost_0.1_intro_0.2_5
291,36,A,0,Male,clvr_cost_0.1_intro_0.2_5
292,37,A,0,Male,clvr_cost_0.1_intro_0.2_5
293,38,A,0,Male,clvr_cost_0.1_intro_0.2_5
294,39,A,0,Male,clvr_cost_0.1_intro_0.2_5
295,40,A,0,Male,clvr_cost_0.1_intro_0.2_5
296,41,A,0,Male,clvr_cost_0.1_intro_0.2_5
297,42,A,0,Male,clvr_cost_0.1_intro_0.2_5
298,43,A,0,Male,clvr_cost_0.1_intro_0.2_5
299,44,A,0,Male,clvr_cost_0.1_intro_0.2_5
300,45,A,0,Male,clvr_cost_0.1_intro_0.2_5
301,46,A,0,Male,clvr_cost_0.1_intro_0.2_5
302,47,A,0,Male,clvr_cost_0.1_intro_0.2_5
303,48,A,0,Male,clvr_cost_0.1_intro_0.2_5
304,49,A,0,Male,clvr_cost_0.1_intro_0.2_5
305,50,A,0,Male,clvr_cost_0.1_intro_0.2_5
306,0,V,4000,Male,clvr_cost_0.1_intro_0.2_5
307,1,V,1270,Male,clvr_cost_0.1_intro_0.2_5
308,2,V,1722,Male,clvr_cost_0.1_intro_0.2_5
309,3,V,2426,Male,clvr_cost_0.1_intro_0.2_5
310,4,V,3185,Male,clvr_cost_0.1_intro_0.2_5
311,5,V,4189,Male,clvr_cost_0.1_intro_0.2_5
312,6,V,5420,Male,clvr_cost_0.1_intro_0.2_5
313,7,V,6913,Male,clvr_cost_0.1_intro_0.2_5
314,8,V,8056,Male,clvr_cost_0.1_intro_0.2_5
315,9,V,8647,Male,clvr_cost_0.1_intro_0.2_5
316,10,V,8850,Male,clvr_cost_0.1_intro_0.2_5
317,11,V,9068,Male,clvr_cost_0.1_intro_0.2_5
318,12,V,8650,Male,clvr_cost_0.1_intro_0.2_5
319,13,V,8772,Male,clvr_cost_0.1_intro_0.2_5
320,14,V,8784,Male,clvr_cost_0.1_intro_0.2_5
321,15,V,8860,Male,clvr_cost_0.1_intro_0.2_5
322,16,V,8910,Male,clvr_cost_0.1_intro_0.2_5
323,17,V,8920,Male,clvr_cost_0.1_intro_0.2_5
324,18,V,8622,Male,clvr_cost_0.1_intro_0.2_5
325,19,V,8936,Male,clvr_cost_0.1_intro_0.2_5
326,20,V,8580,Male,clvr_cost_0.1_intro_0.2_5
327,21,V,8860,Male,clvr_cost_0.1_intro_0.2_5
328,22,V,8962,Male,clvr_cost_0.1_intro_0.2_5
329,23,V,9106,Male,clvr_cost_0.1_intro_0.2_5
330,24,V,8886,Male,clvr_cost_0.1_intro_0.2_5
331,25,V,8822,Male,clvr_cost_0.1_intro_0.2_5
332,26,V,8732,Male,clvr_cost_0.1_intro_0.2_5
333,27,V,8876,Male,clvr_cost_0.1_intro_0.2_5
334,28,V,8832,Male,clvr_cost_0.1_intro_0.2_5
335,29,V,8796,Male,clvr_cost_0.1_intro_0.2_5
336,30,V,8650,Male,clvr_cost_0.1_intro_0.2_5
337,31,V,8672,Male,clvr_cost_0.1_intro_0.2_5
338,32,V,8636,Male,clvr_cost_0.1_intro_0.2_5
339,33,V,8926,Male,clvr_cost_0.1_intro_0.2_5
340,34,V,8612,Male,clvr_cost_0.1_intro_0.2_5
341,35,V,8978,Male,clvr_cost_0.1_intro_0.2_5
342,36,V,8800,Male,clvr_cost_0.1_intro_0.2_5
343,37,V,9036,Male,clvr_cost_0.1_intro_0.2_5
344,38,V,8922,Male,clvr_cost_0.1_intro_0.2_5
345,39,V,8830,Male,clvr_cost_0.1_intro_0.2_5
346,40,V,8756,Male,clvr_cost_0.1_intro_0.2_5
347,41,V,8938,Male,clvr_cost_0.1_intro_0.2_5
348,42,V,9052,Male,clvr_cost_0.1_intro_0.2_5
349,43,V,8998,Male,clvr_cost_0.1_intro_0.2_5
350,44,V,8970,Male,clvr_cost_0.1_intro_0.2_5
351,45,V,9048,Male,clvr_cost_0.1_intro_0.2_5
352,46,V,9140,Male,clvr_cost_0.1_intro_0.2_5
353,47,V,8724,Male,clvr_cost_0.1_intro_0.2_5
354,48,V,8796,Male,clvr_cost_0.1_intro_0.2_5
355,49,V,8820,Male,clvr_cost_0.1_intro_0.2_5
356,50,V,8676,Male,clvr_cost_0.1_intro_0.2_5
357,0,W,10000,Male,clvr_cost_0.1_intro_0.2_5
358,1,W,7454,Male,clvr_cost_0.1_intro_0.2_5
359,2,W,6362,Male,clvr_cost_0.1_intro_0.2_5
360,3,W,5238,Male,clvr_cost_0.1_intro_0.2_5
361,4,W,3977,Male,clvr_cost_0.1_intro_0.2_5
362,5,W,2393,Male,clvr_cost_0.1_intro_0.2_5
363,6,W,1140,Male,clvr_cost_0.1_intro_0.2_5
364,7,W,279,Male,clvr_cost_0.1_intro_0.2_5
365,8,W,18,Male,clvr_cost_0.1_intro_0.2_5
366,9,W,1,Male,clvr_cost_0.1_intro_0.2_5
367,10,W,0,Male,clvr_cost_0.1_intro_0.2_5
368,11,W,0,Male,clvr_cost_0.1_intro_0.2_5
369,12,W,0,Male,clvr_cost_0.1_intro_0.2_5
370,13,W,0,Male,clvr_cost_0.1_intro_0.2_5
371,14,W,0,Male,clvr_cost_0.1_intro_0.2_5
372,15,W,0,Male,clvr_cost_0.1_intro_0.2_5
373,16,W,0,Male,clvr_cost_0.1_intro_0.2_5
374,17,W,0,Male,clvr_cost_0.1_intro_0.2_5
375,18,W,0,Male,clvr_cost_0.1_intro_0.2_5
376,19,W,0,Male,clvr_cost_0.1_intro_0.2_5
377,20,W,0,Male,clvr_cost_0.1_intro_0.2_5
378,21,W,0,Male,clvr_cost_0.1_intro_0.2_5
379,22,W,0,Male,clvr_cost_0.1_intro_0.2_5
380,23,W,0,Male,clvr_cost_0.1_intro_0.2_5
381,24,W,0,Male,clvr_cost_0.1_intro_0.2_5
382,25,W,0,Male,clvr_cost_0.1_intro_0.2_5
383,26,W,0,Male,clvr_cost_0.1_intro_0.2_5
384,27,W,0,Male,clvr_cost_0.1_intro_0.2_5
385,28,W,0,Male,clvr_cost_0.1_intro_0.2_5
386,29,W,0,Male,clvr_cost_0.1_intro_0.2_5
387,30,W,0,Male,clvr_cost_0.1_intro_0.2_5
388,31,W,0,Male,clvr_cost_0.1_intro_0.2_5
389,32,W,0,Male,clvr_cost_0.1_intro_0.2_5
390,33,W,0,Male,clvr_cost_0.1_intro_0.2_5
391,34,W,0,Male,clvr_cost_0.1_intro_0.2_5
392,35,W,0,Male,clvr_cost_0.1_intro_0.2_5
393,36,W,0,Male,clvr_cost_0.1_intro_0.2_5
394,37,W,0,Male,clvr_cost_0.1_intro_0.2_5
395,38,W,0,Male,clvr_cost_0.1_intro_0.2_5
396,39,W,0,Male,clvr_cost_0.1_intro_0.2_5
397,40,W,0,Male,clvr_cost_0.1_intro_0.2_5
398,41,W,0,Male,clvr_cost_0.1_intro_0.2_5
399,42,W,0,Male,clvr_cost_0.1_intro_0.2_5
400,43,W,0,Male,clvr_cost_0.1_intro_0.2_5
401,44,W,0,Male,clvr_cost_0.1_intro_0.2_5
402,45,W,0,Male,clvr_cost_0.1_intro_0.2_5
403,46,W,0,Male,clvr_cost_0.1_intro_0.2_5
404,47,W,0,Male,clvr_cost_0.1_intro_0.2_5
405,48,W,0,Male,clvr_cost_0.1_intro_0.2_5
406,49,W,0,Male,clvr_cost_0.1_intro_0.2_5
407,50,W,0,Male,clvr_cost_0.1_intro_0.2_5
,Generation,Allele,Count,Sex,Run
0,0,C,0,Female,clvr_cost_0.1_intro_0.2_6
1,1,C,1195,Female,clvr_cost_0.1_intro_0.2_6
2,2,C,1654,Female,clvr_cost_0.1_intro_0.2_6
3,3,C,2324,Female,clvr_cost_0.1_intro_0.2_6
4,4,C,3034,Female,clvr_cost_0.1_intro_0.2_6
5,5,C,3894,Female,clvr_cost_0.1_intro_0.2_6
6,6,C,5133,Female,clvr_cost_0.1_intro_0.2_6
7,7,C,6619,Female,clvr_cost_0.1_intro_0.2_6
8,8,C,7967,Female,clvr_cost_0.1_intro_0.2_6
9,9,C,8567,Female,clvr_cost_0.1_intro_0.2_6
10,10,C,8546,Female,clvr_cost_0.1_intro_0.2_6
11,11,C,8512,Female,clvr_cost_0.1_intro_0.2_6
12,12,C,8872,Female,clvr_cost_0.1_intro_0.2_6
13,13,C,8714,Female,clvr_cost_0.1_intro_0.2_6
14,14,C,8814,Female,clvr_cost_0.1_intro_0.2_6
15,15,C,8722,Female,clvr_cost_0.1_intro_0.2_6
16,16,C,8610,Female,clvr_cost_0.1_intro_0.2_6
17,17,C,8828,Female,clvr_cost_0.1_intro_0.2_6
18,18,C,8712,Female,clvr_cost_0.1_intro_0.2_6
19,19,C,8638,Female,clvr_cost_0.1_intro_0.2_6
20,20,C,8570,Female,clvr_cost_0.1_intro_0.2_6
21,21,C,8570,Female,clvr_cost_0.1_intro_0.2_6
22,22,C,8722,Female,clvr_cost_0.1_intro_0.2_6
23,23,C,8728,Female,clvr_cost_0.1_intro_0.2_6
24,24,C,8554,Female,clvr_cost_0.1_intro_0.2_6
25,25,C,8772,Female,clvr_cost_0.1_intro_0.2_6
26,26,C,9022,Female,clvr_cost_0.1_intro_0.2_6
27,27,C,8944,Female,clvr_cost_0.1_intro_0.2_6
28,28,C,8768,Female,clvr_cost_0.1_intro_0.2_6
29,29,C,8708,Female,clvr_cost_0.1_intro_0.2_6
30,30,C,8788,Female,clvr_cost_0.1_intro_0.2_6
31,31,C,8884,Female,clvr_cost_0.1_intro_0.2_6
32,32,C,8694,Female,clvr_cost_0.1_intro_0.2_6
33,33,C,8804,Female,clvr_cost_0.1_intro_0.2_6
34,34,C,8710,Female,clvr_cost_0.1_intro_0.2_6
35,35,C,8630,Female,clvr_cost_0.1_intro_0.2_6
36,36,C,8752,Female,clvr_cost_0.1_intro_0.2_6
37,37,C,8900,Female,clvr_cost_0.1_intro_0.2_6
38,38,C,8880,Female,clvr_cost_0.1_intro_0.2_6
39,39,C,8698,Female,clvr_cost_0.1_intro_0.2_6
40,40,C,8788,Female,clvr_cost_0.1_intro_0.2_6
41,41,C,8786,Female,clvr_cost_0.1_intro_0.2_6
42,42,C,8804,Female,clvr_cost_0.1_intro_0.2_6
43,43,C,8944,Female,clvr_cost_0.1_intro_0.2_6
44,44,C,8764,Female,clvr_cost_0.1_intro_0.2_6
45,45,C,8618,Female,clvr_cost_0.1_intro_0.2_6
46,46,C,8664,Female,clvr_cost_0.1_intro_0.2_6
47,47,C,8480,Female,clvr_cost_0.1_intro_0.2_6
48,48,C,8898,Female,clvr_cost_0.1_intro_0.2_6
49,49,C,8956,Female,clvr_cost_0.1_intro_0.2_6
50,50,C,8988,Female,clvr_cost_0.1_intro_0.2_6
51,0,A,10000,Female,clvr_cost_0.1_intro_0.2_6
52,1,A,7249,Female,clvr_cost_0.1_intro_0.2_6
53,2,A,6452,Female,clvr_cost_0.1_intro_0.2_6
54,3,A,5402,Female,clvr_cost_0.1_intro_0.2_6
55,4,A,4022,Female,clvr_cost_0.1_intro_0.2_6
56,5,A,2580,Female,clvr_cost_0.1_intro_0.2_6
57,6,A,1293,Female,clvr_cost_0.1_intro_0.2_6
58,7,A,305,Female,clvr_cost_0.1_intro_0.2_6
59,8,A,57,Female,clvr_cost_0.1_intro_0.2_6
60,9,A,3,Female,clvr_cost_0.1_intro_0.2_6
61,10,A,0,Female,clvr_cost_0.1_intro_0.2_6
62,11,A,0,Female,clvr_cost_0.1_intro_0.2_6
63,12,A,0,Female,clvr_cost_0.1_intro_0.2_6
64,13,A,0,Female,clvr_cost_0.1_intro_0.2_6
65,14,A,0,Female,clvr_cost_0.1_intro_0.2_6
66,15,A,0,Female,clvr_cost_0.1_intro_0.2_6
67,16,A,0,Female,clvr_cost_0.1_intro_0.2_6
68,17,A,0,Female,clvr_cost_0.1_intro_0.2_6
69,18,A,0,Female,clvr_cost_0.1_intro_0.2_6
70,19,A,0,Female,clvr_cost_0.1_intro_0.2_6
71,20,A,0,Female,clvr_cost_0.1_intro_0.2_6
72,21,A,0,Female,clvr_cost_0.1_intro_0.2_6
73,22,A,0,Female,clvr_cost_0.1_intro_0.2_6
74,23,A,0,Female,clvr_cost_0.1_intro_0.2_6
75,24,A,0,Female,clvr_cost_0.1_intro_0.2_6
76,25,A,0,Female,clvr_cost_0.1_intro_0.2_6
77,26,A,0,Female,clvr_cost_0.1_intro_0.2_6
78,27,A,0,Female,clvr_cost_0.1_intro_0.2_6
79,28,A,0,Female,clvr_cost_0.1_intro_0.2_6
80,29,A,0,Female,clvr_cost_0.1_intro_0.2_6
81,30,A,0,Female,clvr_cost_0.1_intro_0.2_6
82,31,A,0,Female,clvr_cost_0.1_intro_0.2_6
83,32,A,0,Female,clvr_cost_0.1_intro_0.2_6
84,33,A,0,Female,clvr_cost_0.1_intro_0.2_6
85,34,A,0,Female,clvr_cost_0.1_intro_0.2_6
86,35,A,0,Female,clvr_cost_0.1_intro_0.2_6
87,36,A,0,Female,clvr_cost_0.1_intro_0.2_6
88,37,A,0,Female,clvr_cost_0.1_intro_0.2_6
89,38,A,0,Female,clvr_cost_0.1_intro_0.2_6
90,39,A,0,Female,clvr_cost_0.1_intro_0.2_6
91,40,A,0,Female,clvr_cost_0.1_intro_0.2_6
92,41,A,0,Female,clvr_cost_0.1_intro_0.2_6
93,42,A,0,Female,clvr_cost_0.1_intro_0.2_6
94,43,A,0,Female,clvr_cost_0.1_intro_0.2_6
95,44,A,0,Female,clvr_cost_0.1_intro_0.2_6
96,45,A,0,Female,clvr_cost_0.1_intro_0.2_6
97,46,A,0,Female,clvr_cost_0.1_intro_0.2_6
98,47,A,0,Female,clvr_cost_0.1_intro_0.2_6
99,48,A,0,Female,clvr_cost_0.1_intro_0.2_6
100,49,A,0,Female,clvr_cost_0.1_intro_0.2_6
101,50,A,0,Female,clvr_cost_0.1_intro_0.2_6
102,0,V,0,Female,clvr_cost_0.1_intro_0.2_6
103,1,V,1195,Female,clvr_cost_0.1_intro_0.2_6
104,2,V,1708,Female,clvr_cost_0.1_intro_0.2_6
105,3,V,2384,Female,clvr_cost_0.1_intro_0.2_6
106,4,V,3104,Female,clvr_cost_0.1_intro_0.2_6
107,5,V,3968,Female,clvr_cost_0.1_intro_0.2_6
108,6,V,5196,Female,clvr_cost_0.1_intro_0.2_6
109,7,V,6663,Female,clvr_cost_0.1_intro_0.2_6
110,8,V,7990,Female,clvr_cost_0.1_intro_0.2_6
111,9,V,8569,Female,clvr_cost_0.1_intro_0.2_6
112,10,V,8546,Female,clvr_cost_0.1_intro_0.2_6
113,11,V,8512,Female,clvr_cost_0.1_intro_0.2_6
114,12,V,8872,Female,clvr_cost_0.1_intro_0.2_6
115,13,V,8714,Female,clvr_cost_0.1_intro_0.2_6
116,14,V,8814,Female,clvr_cost_0.1_intro_0.2_6
117,15,V,8722,Female,clvr_cost_0.1_intro_0.2_6
118,16,V,8610,Female,clvr_cost_0.1_intro_0.2_6
119,17,V,8828,Female,clvr_cost_0.1_intro_0.2_6
120,18,V,8712,Female,clvr_cost_0.1_intro_0.2_6
121,19,V,8638,Female,clvr_cost_0.1_intro_0.2_6
122,20,V,8570,Female,clvr_cost_0.1_intro_0.2_6
123,21,V,8570,Female,clvr_cost_0.1_intro_0.2_6
124,22,V,8722,Female,clvr_cost_0.1_intro_0.2_6
125,23,V,8728,Female,clvr_cost_0.1_intro_0.2_6
126,24,V,8554,Female,clvr_cost_0.1_intro_0.2_6
127,25,V,8772,Female,clvr_cost_0.1_intro_0.2_6
128,26,V,9022,Female,clvr_cost_0.1_intro_0.2_6
129,27,V,8944,Female,clvr_cost_0.1_intro_0.2_6
130,28,V,8768,Female,clvr_cost_0.1_intro_0.2_6
131,29,V,8708,Female,clvr_cost_0.1_intro_0.2_6
132,30,V,8788,Female,clvr_cost_0.1_intro_0.2_6
133,31,V,8884,Female,clvr_cost_0.1_intro_0.2_6
134,32,V,8694,Female,clvr_cost_0.1_intro_0.2_6
135,33,V,8804,Female,clvr_cost_0.1_intro_0.2_6
136,34,V,8710,Female,clvr_cost_0.1_intro_0.2_6
137,35,V,8630,Female,clvr_cost_0.1_intro_0.2_6
138,36,V,8752,Female,clvr_cost_0.1_intro_0.2_6
139,37,V,8900,Female,clvr_cost_0.1_intro_0.2_6
140,38,V,8880,Female,clvr_cost_0.1_intro_0.2_6
141,39,V,8698,Female,clvr_cost_0.1_intro_0.2_6
142,40,V,8788,Female,clvr_cost_0.1_intro_0.2_6
143,41,V,8786,Female,clvr_cost_0.1_intro_0.2_6
144,42,V,8804,Female,clvr_cost_0.1_intro_0.2_6
145,43,V,8944,Female,clvr_cost_0.1_intro_0.2_6
146,44,V,8764,Female,clvr_cost_0.1_intro_0.2_6
147,45,V,8618,Female,clvr_cost_0.1_intro_0.2_6
148,46,V,8664,Female,clvr_cost_0.1_intro_0.2_6
149,47,V,8480,Female,clvr_cost_0.1_intro_0.2_6
150,48,V,8898,Female,clvr_cost_0.1_intro_0.2_6
151,49,V,8956,Female,clvr_cost_0.1_intro_0.2_6
152,50,V,8988,Female,clvr_cost_0.1_intro_0.2_6
153,0,W,10000,Female,clvr_cost_0.1_intro_0.2_6
154,1,W,7249,Female,clvr_cost_0.1_intro_0.2_6
155,2,W,6398,Female,clvr_cost_0.1_intro_0.2_6
156,3,W,5342,Female,clvr_cost_0.1_intro_0.2_6
157,4,W,3952,Female,clvr_cost_0.1_intro_0.2_6
158,5,W,2506,Female,clvr_cost_0.1_intro_0.2_6
159,6,W,1230,Female,clvr_cost_0.1_intro_0.2_6
160,7,W,261,Female,clvr_cost_0.1_intro_0.2_6
161,8,W,34,Female,clvr_cost_0.1_intro_0.2_6
162,9,W,1,Female,clvr_cost_0.1_intro_0.2_6
163,10,W,0,Female,clvr_cost_0.1_intro_0.2_6
164,11,W,0,Female,clvr_cost_0.1_intro_0.2_6
165,12,W,0,Female,clvr_cost_0.1_intro_0.2_6
166,13,W,0,Female,clvr_cost_0.1_intro_0.2_6
167,14,W,0,Female,clvr_cost_0.1_intro_0.2_6
168,15,W,0,Female,clvr_cost_0.1_intro_0.2_6
169,16,W,0,Female,clvr_cost_0.1_intro_0.2_6
170,17,W,0,Female,clvr_cost_0.1_intro_0.2_6
171,18,W,0,Female,clvr_cost_0.1_intro_0.2_6
172,19,W,0,Female,clvr_cost_0.1_intro_0.2_6
173,20,W,0,Female,clvr_cost_0.1_intro_0.2_6
174,21,W,0,Female,clvr_cost_0.1_intro_0.2_6
175,22,W,0,Female,clvr_cost_0.1_intro_0.2_6
176,23,W,0,Female,clvr_cost_0.1_intro_0.2_6
177,24,W,0,Female,clvr_cost_0.1_intro_0.2_6
178,25,W,0,Female,clvr_cost_0.1_intro_0.2_6
179,26,W,0,Female,clvr_cost_0.1_intro_0.2_6
180,27,W,0,Female,clvr_cost_0.1_intro_0.2_6
181,28,W,0,Female,clvr_cost_0.1_intro_0.2_6
182,29,W,0,Female,clvr_cost_0.1_intro_0.2_6
183,30,W,0,Female,clvr_cost_0.1_intro_0.2_6
184,31,W,0,Female,clvr_cost_0.1_intro_0.2_6
185,32,W,0,Female,clvr_cost_0.1_intro_0.2_6
186,33,W,0,Female,clvr_cost_0.1_intro_0.2_6
187,34,W,0,Female,clvr_cost_0.1_intro_0.2_6
188,35,W,0,Female,clvr_cost_0.1_intro_0.2_6
189,36,W,0,Female,clvr_cost_0.1_intro_0.2_6
190,37,W,0,Female,clvr_cost_0.1_intro_0.2_6
191,38,W,0,Female,clvr_cost_0.1_intro_0.2_6
192,39,W,0,Female,clvr_cost_0.1_intro_0.2_6
193,40,W,0,Female,clvr_cost_0.1_intro_0.2_6
194,41,W,0,Female,clvr_cost_0.1_intro_0.2_6
195,42,W,0,Female,clvr_cost_0.1_intro_0.2_6
196,43,W,0,Female,clvr_cost_0.1_intro_0.2_6
197,44,W,0,Female,clvr_cost_0.1_intro_0.2_6
198,45,W,0,Female,clvr_cost_0.1_intro_0.2_6
199,46,W,0,Female,clvr_cost_0.1_intro_0.2_6
200,47,W,0,Female,clvr_cost_0.1_intro_0.2_6
201,48,W,0,Female,clvr_cost_0.1_intro_0.2_6
202,49,W,0,Female,clvr_cost_0.1_intro_0.2_6
203,50,W,0,Female,clvr_cost_0.1_intro_0.2_6
204,0,C,4000,Male,clvr_cost_0.1_intro_0.2_6
205,1,C,1227,Male,clvr_cost_0.1_intro_0.2_6
206,2,C,1706,Male,clvr_cost_0.1_intro_0.2_6
207,3,C,2430,Male,clvr_cost_0.1_intro_0.2_6
208,4,C,3122,Male,clvr_cost_0.1_intro_0.2_6
209,5,C,3974,Male,clvr_cost_0.1_intro_0.2_6
210,6,C,5251,Male,clvr_cost_0.1_intro_0.2_6
211,7,C,6648,Male,clvr_cost_0.1_intro_0.2_6
212,8,C,8049,Male,clvr_cost_0.1_intro_0.2_6
213,9,C,8659,Male,clvr_cost_0.1_intro_0.2_6
214,10,C,8824,Male,clvr_cost_0.1_intro_0.2_6
215,11,C,8596,Male,clvr_cost_0.1_intro_0.2_6
216,12,C,8938,Male,clvr_cost_0.1_intro_0.2_6
217,13,C,8728,Male,clvr_cost_0.1_intro_0.2_6
218,14,C,9036,Male,clvr_cost_0.1_intro_0.2_6
219,15,C,8832,Male,clvr_cost_0.1_intro_0.2_6
220,16,C,8640,Male,clvr_cost_0.1_intro_0.2_6
221,17,C,8900,Male,clvr_cost_0.1_intro_0.2_6
222,18,C,8774,Male,clvr_cost_0.1_intro_0.2_6
223,19,C,8846,Male,clvr_cost_0.1_intro_0.2_6
224,20,C,8596,Male,clvr_cost_0.1_intro_0.2_6
225,21,C,8702,Male,clvr_cost_0.1_intro_0.2_6
226,22,C,8862,Male,clvr_cost_0.1_intro_0.2_6
227,23,C,8846,Male,clvr_cost_0.1_intro_0.2_6
228,24,C,8712,Male,clvr_cost_0.1_intro_0.2_6
229,25,C,8786,Male,clvr_cost_0.1_intro_0.2_6
230,26,C,9038,Male,clvr_cost_0.1_intro_0.2_6
231,27,C,9178,Male,clvr_cost_0.1_intro_0.2_6
232,28,C,9030,Male,clvr_cost_0.1_intro_0.2_6
233,29,C,8710,Male,clvr_cost_0.1_intro_0.2_6
234,30,C,9014,Male,clvr_cost_0.1_intro_0.2_6
235,31,C,9008,Male,clvr_cost_0.1_intro_0.2_6
236,32,C,8894,Male,clvr_cost_0.1_intro_0.2_6
237,33,C,8858,Male,clvr_cost_0.1_intro_0.2_6
238,34,C,8906,Male,clvr_cost_0.1_intro_0.2_6
239,35,C,8682,Male,clvr_cost_0.1_intro_0.2_6
240,36,C,8854,Male,clvr_cost_0.1_intro_0.2_6
241,37,C,8956,Male,clvr_cost_0.1_intro_0.2_6
242,38,C,8914,Male,clvr_cost_0.1_intro_0.2_6
243,39,C,8706,Male,clvr_cost_0.1_intro_0.2_6
244,40,C,8882,Male,clvr_cost_0.1_intro_0.2_6
245,41,C,9054,Male,clvr_cost_0.1_intro_0.2_6
246,42,C,8860,Male,clvr_cost_0.1_intro_0.2_6
247,43,C,9012,Male,clvr_cost_0.1_intro_0.2_6
248,44,C,8944,Male,clvr_cost_0.1_intro_0.2_6
249,45,C,8828,Male,clvr_cost_0.1_intro_0.2_6
250,46,C,8990,Male,clvr_cost_0.1_intro_0.2_6
251,47,C,8566,Male,clvr_cost_0.1_intro_0.2_6
252,48,C,8904,Male,clvr_cost_0.1_intro_0.2_6
253,49,C,8964,Male,clvr_cost_0.1_intro_0.2_6
254,50,C,9038,Male,clvr_cost_0.1_intro_0.2_6
255,0,A,10000,Male,clvr_cost_0.1_intro_0.2_6
256,1,A,7419,Male,clvr_cost_0.1_intro_0.2_6
257,2,A,6422,Male,clvr_cost_0.1_intro_0.2_6
258,3,A,5526,Male,clvr_cost_0.1_intro_0.2_6
259,4,A,4122,Male,clvr_cost_0.1_intro_0.2_6
260,5,A,2564,Male,clvr_cost_0.1_intro_0.2_6
261,6,A,1199,Male,clvr_cost_0.1_intro_0.2_6
262,7,A,342,Male,clvr_cost_0.1_intro_0.2_6
263,8,A,45,Male,clvr_cost_0.1_intro_0.2_6
264,9,A,1,Male,clvr_cost_0.1_intro_0.2_6
265,10,A,0,Male,clvr_cost_0.1_intro_0.2_6
266,11,A,0,Male,clvr_cost_0.1_intro_0.2_6
267,12,A,0,Male,clvr_cost_0.1_intro_0.2_6
268,13,A,0,Male,clvr_cost_0.1_intro_0.2_6
269,14,A,0,Male,clvr_cost_0.1_intro_0.2_6
270,15,A,0,Male,clvr_cost_0.1_intro_0.2_6
271,16,A,0,Male,clvr_cost_0.1_intro_0.2_6
272,17,A,0,Male,clvr_cost_0.1_intro_0.2_6
273,18,A,0,Male,clvr_cost_0.1_intro_0.2_6
274,19,A,0,Male,clvr_cost_0.1_intro_0.2_6
275,20,A,0,Male,clvr_cost_0.1_intro_0.2_6
276,21,A,0,Male,clvr_cost_0.1_intro_0.2_6
277,22,A,0,Male,clvr_cost_0.1_intro_0.2_6
278,23,A,0,Male,clvr_cost_0.1_intro_0.2_6
279,24,A,0,Male,clvr_cost_0.1_intro_0.2_6
280,25,A,0,Male,clvr_cost_0.1_intro_0.2_6
281,26,A,0,Male,clvr_cost_0.1_intro_0.2_6
282,27,A,0,Male,clvr_cost_0.1_intro_0.2_6
283,28,A,0,Male,clvr_cost_0.1_intro_0.2_6
284,29,A,0,Male,clvr_cost_0.1_intro_0.2_6
285,30,A,0,Male,clvr_cost_0.1_intro_0.2_6
286,31,A,0,Male,clvr_cost_0.1_intro_0.2_6
287,32,A,0,Male,clvr_cost_0.1_intro_0.2_6
288,33,A,0,Male,clvr_cost_0.1_intro_0.2_6
289,34,A,0,Male,clvr_cost_0.1_intro_0.2_6
290,35,A,0,Male,clvr_cost_0.1_intro_0.2_6
291,36,A,0,Male,clvr_cost_0.1_intro_0.2_6
292,37,A,0,Male,clvr_cost_0.1_intro_0.2_6
293,38,A,0,Male,clvr_cost_0.1_intro_0.2_6
294,39,A,0,Male,clvr_cost_0.1_intro_0.2_6
295,40,A,0,Male,clvr_cost_0.1_intro_0.2_6
296,41,A,0,Male,clvr_cost_0.1_intro_0.2_6
297,42,A,0,Male,clvr_cost_0.1_intro_0.2_6
298,43,A,0,Male,clvr_cost_0.1_intro_0.2_6
299,44,A,0,Male,clvr_cost_0.1_intro_0.2_6
300,45,A,0,Male,clvr_cost_0.1_intro_0.2_6
301,46,A,0,Male,clvr_cost_0.1_intro_0.2_6
302,47,A,0,Male,clvr_cost_0.1_intro_0.2_6
303,48,A,0,Male,clvr_cost_0.1_intro_0.2_6
304,49,A,0,Male,clvr_cost_0.1_intro_0.2_6
305,50,A,0,Male,clvr_cost_0.1_intro_0.2_6
306,0,V,4000,Male,clvr_cost_0.1_intro_0.2_6
307,1,V,1227,Male,clvr_cost_0.1_intro_0.2_6
308,2,V,1741,Male,clvr_cost_0.1_intro_0.2_6
309,3,V,2480,Male,clvr_cost_0.1_intro_0.2_6
310,4,V,3191,Male,clvr_cost_0.1_intro_0.2_6
311,5,V,4052,Male,clvr_cost_0.1_intro_0.2_6
312,6,V,5313,Male,clvr_cost_0.1_intro_0.2_6
313,7,V,6703,Male,clvr_cost_0.1_intro_0.2_6
314,8,V,8069,Male,clvr_cost_0.1_intro_0.2_6
315,9,V,8660,Male,clvr_cost_0.1_intro_0.2_6
316,10,V,8824,Male,clvr_cost_0.1_intro_0.2_6
317,11,V,8596,Male,clvr_cost_0.1_intro_0.2_6
318,12,V,8938,Male,clvr_cost_0.1_intro_0.2_6
319,13,V,8728,Male,clvr_cost_0.1_intro_0.2_6
320,14,V,9036,Male,clvr_cost_0.1_intro_0.2_6
321,15,V,8832,Male,clvr_cost_0.1_intro_0.2_6
322,16,V,8640,Male,clvr_cost_0.1_intro_0.2_6
323,17,V,8900,Male,clvr_cost_0.1_intro_0.2_6
324,18,V,8774,Male,clvr_cost_0.1_intro_0.2_6
325,19,V,8846,Male,clvr_cost_0.1_intro_0.2_6
326,20,V,8596,Male,clvr_cost_0.1_intro_0.2_6
327,21,V,8702,Male,clvr_cost_0.1_intro_0.2_6
328,22,V,8862,Male,clvr_cost_0.1_intro_0.2_6
329,23,V,8846,Male,clvr_cost_0.1_intro_0.2_6
330,24,V,8712,Male,clvr_cost_0.1_intro_0.2_6
331,25,V,8786,Male,clvr_cost_0.1_intro_0.2_6
332,26,V,9038,Male,clvr_cost_0.1_intro_0.2_6
333,27,V,9178,Male,clvr_cost_0.1_intro_0.2_6
334,28,V,9030,Male,clvr_cost_0.1_intro_0.2_6
335,29,V,8710,Male,clvr_cost_0.1_intro_0.2_6
336,30,V,9014,Male,clvr_cost_0.1_intro_0.2_6
337,31,V,9008,Male,clvr_cost_0.1_intro_0.2_6
338,32,V,8894,Male,clvr_cost_0.1_intro_0.2_6
339,33,V,8858,Male,clvr_cost_0.1_intro_0.2_6
340,34,V,8906,Male,clvr_cost_0.1_intro_0.2_6
341,35,V,8682,Male,clvr_cost_0.1_intro_0.2_6
342,36,V,8854,Male,clvr_cost_0.1_intro_0.2_6
343,37,V,8956,Male,clvr_cost_0.1_intro_0.2_6
344,38,V,8914,Male,clvr_cost_0.1_intro_0.2_6
345,39,V,8706,Male,clvr_cost_0.1_intro_0.2_6
346,40,V,8882,Male,clvr_cost_0.1_intro_0.2_6
347,41,V,9054,Male,clvr_cost_0.1_intro_0.2_6
348,42,V,8860,Male,clvr_cost_0.1_intro_0.2_6
349,43,V,9012,Male,clvr_cost_0.1_intro_0.2_6
350,44,V,8944,Male,clvr_cost_0.1_intro_0.2_6
351,45,V,8828,Male,clvr_cost_0.1_intro_0.2_6
352,46,V,8990,Male,clvr_cost_0.1_intro_0.2_6
353,47,V,8566,Male,clvr_cost_0.1_intro_0.2_6
354,48,V,8904,Male,clvr_cost_0.1_intro_0.2_6
355,49,V,8964,Male,clvr_cost_0.1_intro_0.2_6
356,50,V,9038,Male,clvr_cost_0.1_intro_0.2_6
357,0,W,10000,Male,clvr_cost_0.1_intro_0.2_6
358,1,W,7419,Male,clvr_cost_0.1_intro_0.2_6
359,2,W,6387,Male,clvr_cost_0.1_intro_0.2_6
360,3,W,5476,Male,clvr_cost_0.1_intro_0.2_6
361,4,W,4053,Male,clvr_cost_0.1_intro_0.2_6
362,5,W,2486,Male,clvr_cost_0.1_intro_0.2_6
363,6,W,1137,Male,clvr_cost_0.1_intro_0.2_6
364,7,W,287,Male,clvr_cost_0.1_intro_0.2_6
365,8,W,25,Male,clvr_cost_0.1_intro_0.2_6
366,9,W,0,Male,clvr_cost_0.1_intro_0.2_6
367,10,W,0,Male,clvr_cost_0.1_intro_0.2_6
368,11,W,0,Male,clvr_cost_0.1_intro_0.2_6
369,12,W,0,Male,clvr_cost_0.1_intro_0.2_6
370,13,W,0,Male,clvr_cost_0.1_intro_0.2_6
371,14,W,0,Male,clvr_cost_0.1_intro_0.2_6
372,15,W,0,Male,clvr_cost_0.1_intro_0.2_6
373,16,W,0,Male,clvr_cost_0.1_intro_0.2_6
374,17,W,0,Male,clvr_cost_0.1_intro_0.2_6
375,18,W,0,Male,clvr_cost_0.1_intro_0.2_6
376,19,W,0,Male,clvr_cost_0.1_intro_0.2_6
377,20,W,0,Male,clvr_cost_0.1_intro_0.2_6
378,21,W,0,Male,clvr_cost_0.1_intro_0.2_6
379,22,W,0,Male,clvr_cost_0.1_intro_0.2_6
380,23,W,0,Male,clvr_cost_0.1_intro_0.2_6
381,24,W,0,Male,clvr_cost_0.1_intro_0.2_6
382,25,W,0,Male,clvr_cost_0.1_intro_0.2_6
383,26,W,0,Male,clvr_cost_0.1_intro_0.2_6
384,27,W,0,Male,clvr_cost_0.1_intro_0.2_6
385,28,W,0,Male,clvr_cost_0.1_intro_0.2_6
386,29,W,0,Male,clvr_cost_0.1_intro_0.2_6
387,30,W,0,Male,clvr_cost_0.1_intro_0.2_6
388,31,W,0,Male,clvr_cost_0.1_intro_0.2_6
389,32,W,0,Male,clvr_cost_0.1_intro_0.2_6
390,33,W,0,Male,clvr_cost_0.1_intro_0.2_6
391,34,W,0,Male,clvr_cost_0.1_intro_0.2_6
392,35,W,0,Male,clvr_cost_0.1_intro_0.2_6
393,36,W,0,Male,clvr_cost_0.1_intro_0.2_6
394,37,W,0,Male,clvr_cost_0.1_intro_0.2_6
395,38,W,0,Male,clvr_cost_0.1_intro_0.2_6
396,39,W,0,Male,clvr_cost_0.1_intro_0.2_6
397,40,W,0,Male,clvr_cost_0.1_intro_0.2_6
398,41,W,0,Male,clvr_cost_0.1_intro_0.2_6
399,42,W,0,Male,clvr_cost_0.1_intro_0.2_6
400,43,W,0,Male,clvr_cost_0.1_intro_0.2_6
401,44,W,0,Male,clvr_cost_0.1_intro_0.2_6
402,45,W,0,Male,clvr_cost_0.1_intro_0.2_6
403,46,W,0,Male,clvr_cost_0.1_intro_0.2_6
404,47,W,0,Male,clvr_cost_0.1_intro_0.2_6
405,48,W,0,Male,clvr_cost_0.1_intro_0.2_6
406,49,W,0,Male,clvr_cost_0.1_intro_0.2_6
407,50,W,0,Male,clvr_cost_0.1_intro_0.2_6
,Generation,Allele,Count,Sex,Run
0,0,C,0,Female,clvr_cost_0.1_intro_0.2_7
1,1,C,1239,Female,clvr_cost_0.1_intro_0.2_7
2,2,C,1750,Female,clvr_cost_0.1_intro_0.2_7
3,3,C,2297,Female,clvr_cost_0.1_intro_0.2_7
4,4,C,2932,Female,clvr_cost_0.1_intro_0.2_7
5,5,C,3830,Female,clvr_cost_0.1_intro_0.2_7
6,6,C,4987,Female,clvr_cost_0.1_intro_0.2_7
7,7,C,6588,Female,clvr_cost_0.1_intro_0.2_7
8,8,C,7939,Female,clvr_cost_0.1_intro_0.2_7
9,9,C,8587,Female,clvr_cost_0.1_intro_0.2_7
10,10,C,8912,Female,clvr_cost_0.1_intro_0.2_7
11,11,C,8890,Female,clvr_cost_0.1_intro_0.2_7
12,12,C,8638,Female,clvr_cost_0.1_intro_0.2_7
13,13,C,8834,Female,clvr_cost_0.1_intro_0.2_7
14,14,C,8718,Female,clvr_cost_0.1_intro_0.2_7
15,15,C,8750,Female,clvr_cost_0.1_intro_0.2_7
16,16,C,8662,Female,clvr_cost_0.1_intro_0.2_7
17,17,C,8682,Female,clvr_cost_0.1_intro_0.2_7
18,18,C,8746,Female,clvr_cost_0.1_intro_0.2_7
19,19,C,9132,Female,clvr_cost_0.1_intro_0.2_7
20,20,C,8656,Female,clvr_cost_0.1_intro_0.2_7
21,21,C,8626,Female,clvr_cost_0.1_intro_0.2_7
22,22,C,8668,Female,clvr_cost_0.1_intro_0.2_7
23,23,C,8766,Female,clvr_cost_0.1_intro_0.2_7
24,24,C,8586,Female,clvr_cost_0.1_intro_0.2_7
25,25,C,8710,Female,clvr_cost_0.1_intro_0.2_7
26,26,C,8750,Female,clvr_cost_0.1_intro_0.2_7
27,27,C,8496,Female,clvr_cost_0.1_intro_0.2_7
28,28,C,8504,Female,clvr_cost_0.1_intro_0.2_7
29,29,C,8606,Female,clvr_cost_0.1_intro_0.2_7
30,30,C,8782,Female,clvr_cost_0.1_intro_0.2_7
31,31,C,8582,Female,clvr_cost_0.1_intro_0.2_7
32,32,C,8680,Female,clvr_cost_0.1_intro_0.2_7
33,33,C,8566,Female,clvr_cost_0.1_intro_0.2_7
34,34,C,8762,Female,clvr_cost_0.1_intro_0.2_7
35,35,C,8562,Female,clvr_cost_0.1_intro_0.2_7
36,36,C,8428,Female,clvr_cost_0.1_intro_0.2_7
37,37,C,8640,Female,clvr_cost_0.1_intro_0.2_7
38,38,C,8632,Female,clvr_cost_0.1_intro_0.2_7
39,39,C,8720,Female,clvr_cost_0.1_intro_0.2_7
40,40,C,8794,Female,clvr_cost_0.1_intro_0.2_7
41,41,C,8498,Female,clvr_cost_0.1_intro_0.2_7
42,42,C,8436,Female,clvr_cost_0.1_intro_0.2_7
43,43,C,8640,Female,clvr_cost_0.1_intro_0.2_7
44,44,C,8680,Female,clvr_cost_0.1_intro_0.2_7
45,45,C,8728,Female,clvr_cost_0.1_intro_0.2_7
46,46,C,8768,Female,clvr_cost_0.1_intro_0.2_7
47,47,C,8680,Female,clvr_cost_0.1_intro_0.2_7
48,48,C,8630,Female,clvr_cost_0.1_intro_0.2_7
49,49,C,8736,Female,clvr_cost_0.1_intro_0.2_7
50,50,C,8786,Female,clvr_cost_0.1_intro_0.2_7
51,0,A,10000,Female,clvr_cost_0.1_intro_0.2_7
52,1,A,7615,Female,clvr_cost_0.1_intro_0.2_7
53,2,A,6790,Female,clvr_cost_0.1_intro_0.2_7
54,3,A,5551,Female,clvr_cost_0.1_intro_0.2_7
55,4,A,4130,Female,clvr_cost_0.1_intro_0.2_7
56,5,A,2522,Female,clvr_cost_0.1_intro_0.2_7
57,6,A,1243,Female,clvr_cost_0.1_intro_0.2_7
58,7,A,294,Female,clvr_cost_0.1_intro_0.2_7
59,8,A,23,Female,clvr_cost_0.1_intro_0.2_7
60,9,A,3,Female,clvr_cost_0.1_intro_0.2_7
61,10,A,0,Female,clvr_cost_0.1_intro_0.2_7
62,11,A,0,Female,clvr_cost_0.1_intro_0.2_7
63,12,A,0,Female,clvr_cost_0.1_intro_0.2_7
64,13,A,0,Female,clvr_cost_0.1_intro_0.2_7
65,14,A,0,Female,clvr_cost_0.1_intro_0.2_7
66,15,A,0,Female,clvr_cost_0.1_intro_0.2_7
67,16,A,0,Female,clvr_cost_0.1_intro_0.2_7
68,17,A,0,Female,clvr_cost_0.1_intro_0.2_7
69,18,A,0,Female,clvr_cost_0.1_intro_0.2_7
70,19,A,0,Female,clvr_cost_0.1_intro_0.2_7
71,20,A,0,Female,clvr_cost_0.1_intro_0.2_7
72,21,A,0,Female,clvr_cost_0.1_intro_0.2_7
73,22,A,0,Female,clvr_cost_0.1_intro_0.2_7
74,23,A,0,Female,clvr_cost_0.1_intro_0.2_7
75,24,A,0,Female,clvr_cost_0.1_intro_0.2_7
76,25,A,0,Female,clvr_cost_0.1_intro_0.2_7
77,26,A,0,Female,clvr_cost_0.1_intro_0.2_7
78,27,A,0,Female,clvr_cost_0.1_intro_0.2_7
79,28,A,0,Female,clvr_cost_0.1_intro_0.2_7
80,29,A,0,Female,clvr_cost_0.1_intro_0.2_7
81,30,A,0,Female,clvr_cost_0.1_intro_0.2_7
82,31,A,0,Female,clvr_cost_0.1_intro_0.2_7
83,32,A,0,Female,clvr_cost_0.1_intro_0.2_7
84,33,A,0,Female,clvr_cost_0.1_intro_0.2_7
85,34,A,0,Female,clvr_cost_0.1_intro_0.2_7
86,35,A,0,Female,clvr_cost_0.1_intro_0.2_7
87,36,A,0,Female,clvr_cost_0.1_intro_0.2_7
88,37,A,0,Female,clvr_cost_0.1_intro_0.2_7
89,38,A,0,Female,clvr_cost_0.1_intro_0.2_7
90,39,A,0,Female,clvr_cost_0.1_intro_0.2_7
91,40,A,0,Female,clvr_cost_0.1_intro_0.2_7
92,41,A,0,Female,clvr_cost_0.1_intro_0.2_7
93,42,A,0,Female,clvr_cost_0.1_intro_0.2_7
94,43,A,0,Female,clvr_cost_0.1_intro_0.2_7
95,44,A,0,Female,clvr_cost_0.1_intro_0.2_7
96,45,A,0,Female,clvr_cost_0.1_intro_0.2_7
97,46,A,0,Female,clvr_cost_0.1_intro_0.2_7
98,47,A,0,Female,clvr_cost_0.1_intro_0.2_7
99,48,A,0,Female,clvr_cost_0.1_intro_0.2_7
100,49,A,0,Female,clvr_cost_0.1_intro_0.2_7
101,50,A,0,Female,clvr_cost_0.1_intro_0.2_7
102,0,V,0,Female,clvr_cost_0.1_intro_0.2_7
103,1,V,1239,Female,clvr_cost_0.1_intro_0.2_7
104,2,V,1789,Female,clvr_cost_0.1_intro_0.2_7
105,3,V,2352,Female,clvr_cost_0.1_intro_0.2_7
106,4,V,2996,Female,clvr_cost_0.1_intro_0.2_7
107,5,V,3914,Female,clvr_cost_0.1_intro_0.2_7
108,6,V,5056,Female,clvr_cost_0.1_intro_0.2_7
109,7,V,6637,Female,clvr_cost_0.1_intro_0.2_7
110,8,V,7945,Female,clvr_cost_0.1_intro_0.2_7
111,9,V,8589,Female,clvr_cost_0.1_intro_0.2_7
112,10,V,8912,Female,clvr_cost_0.1_intro_0.2_7
113,11,V,8890,Female,clvr_cost_0.1_intro_0.2_7
114,12,V,8638,Female,clvr_cost_0.1_intro_0.2_7
115,13,V,8834,Female,clvr_cost_0.1_intro_0.2_7
116,14,V,8718,Female,clvr_cost_0.1_intro_0.2_7
117,15,V,8750,Female,clvr_cost_0.1_intro_0.2_7
118,16,V,8662,Female,clvr_cost_0.1_intro_0.2_7
119,17,V,8682,Female,clvr_cost_0.1_intro_0.2_7
120,18,V,8746,Female,clvr_cost_0.1_intro_0.2_7
121,19,V,9132,Female,clvr_cost_0.1_intro_0.2_7
122,20,V,8656,Female,clvr_cost_0.1_intro_0.2_7
123,21,V,8626,Female,clvr_cost_0.1_intro_0.2_7
124,22,V,8668,Female,clvr_cost_0.1_intro_0.2_7
125,23,V,8766,Female,clvr_cost_0.1_intro_0.2_7
126,24,V,8586,Female,clvr_cost_0.1_intro_0.2_7
127,25,V,8710,Female,clvr_cost_0.1_intro_0.2_7
128,26,V,8750,Female,clvr_cost_0.1_intro_0.2_7
129,27,V,8496,Female,clvr_cost_0.1_intro_0.2_7
130,28,V,8504,Female,clvr_cost_0.1_intro_0.2_7
131,29,V,8606,Female,clvr_cost_0.1_intro_0.2_7
132,30,V,8782,Female,clvr_cost_0.1_intro_0.2_7
133,31,V,8582,Female,clvr_cost_0.1_intro_0.2_7
134,32,V,8680,Female,clvr_cost_0.1_intro_0.2_7
135,33,V,8566,Female,clvr_cost_0.1_intro_0.2_7
136,34,V,8762,Female,clvr_cost_0.1_intro_0.2_7
137,35,V,8562,Female,clvr_cost_0.1_intro_0.2_7
138,36,V,8428,Female,clvr_cost_0.1_intro_0.2_7
139,37,V,8640,Female,clvr_cost_0.1_intro_0.2_7
140,38,V,8632,Female,clvr_cost_0.1_intro_0.2_7
141,39,V,8720,Female,clvr_cost_0.1_intro_0.2_7
142,40,V,8794,Female,clvr_cost_0.1_intro_0.2_7
143,41,V,8498,Female,clvr_cost_0.1_intro_0.2_7
144,42,V,8436,Female,clvr_cost_0.1_intro_0.2_7
145,43,V,8640,Female,clvr_cost_0.1_intro_0.2_7
146,44,V,8680,Female,clvr_cost_0.1_intro_0.2_7
147,45,V,8728,Female,clvr_cost_0.1_intro_0.2_7
148,46,V,8768,Female,clvr_cost_0.1_intro_0.2_7
149,47,V,8680,Female,clvr_cost_0.1_intro_0.2_7
150,48,V,8630,Female,clvr_cost_0.1_intro_0.2_7
151,49,V,8736,Female,clvr_cost_0.1_intro_0.2_7
152,50,V,8786,Female,clvr_cost_0.1_intro_0.2_7
153,0,W,10000,Female,clvr_cost_0.1_intro_0.2_7
154,1,W,7615,Female,clvr_cost_0.1_intro_0.2_7
155,2,W,6751,Female,clvr_cost_0.1_intro_0.2_7
156,3,W,5496,Female,clvr_cost_0.1_intro_0.2_7
157,4,W,4066,Female,clvr_cost_0.1_intro_0.2_7
158,5,W,2438,Female,clvr_cost_0.1_intro_0.2_7
159,6,W,1174,Female,clvr_cost_0.1_intro_0.2_7
160,7,W,245,Female,clvr_cost_0.1_intro_0.2_7
161,8,W,17,Female,clvr_cost_0.1_intro_0.2_7
162,9,W,1,Female,clvr_cost_0.1_intro_0.2_7
163,10,W,0,Female,clvr_cost_0.1_intro_0.2_7
164,11,W,0,Female,clvr_cost_0.1_intro_0.2_7
165,12,W,0,Female,clvr_cost_0.1_intro_0.2_7
166,13,W,0,Female,clvr_cost_0.1_intro_0.2_7
167,14,W,0,Female,clvr_cost_0.1_intro_0.2_7
168,15,W,0,Female,clvr_cost_0.1_intro_0.2_7
169,16,W,0,Female,clvr_cost_0.1_intro_0.2_7
170,17,W,0,Female,clvr_cost_0.1_intro_0.2_7
171,18,W,0,Female,clvr_cost_0.1_intro_0.2_7
172,19,W,0,Female,clvr_cost_0.1_intro_0.2_7
173,20,W,0,Female,clvr_cost_0.1_intro_0.2_7
174,21,W,0,Female,clvr_cost_0.1_intro_0.2_7
175,22,W,0,Female,clvr_cost_0.1_intro_0.2_7
176,23,W,0,Female,clvr_cost_0.1_intro_0.2_7
177,24,W,0,Female,clvr_cost_0.1_intro_0.2_7
178,25,W,0,Female,clvr_cost_0.1_intro_0.2_7
179,26,W,0,Female,clvr_cost_0.1_intro_0.2_7
180,27,W,0,Female,clvr_cost_0.1_intro_0.2_7
181,28,W,0,Female,clvr_cost_0.1_intro_0.2_7
182,29,W,0,Female,clvr_cost_0.1_intro_0.2_7
183,30,W,0,Female,clvr_cost_0.1_intro_0.2_7
184,31,W,0,Female,clvr_cost_0.1_intro_0.2_7
185,32,W,0,Female,clvr_cost_0.1_intro_0.2_7
186,33,W,0,Female,clvr_cost_0.1_intro_0.2_7
187,34,W,0,Female,clvr_cost_0.1_intro_0.2_7
188,35,W,0,Female,clvr_cost_0.1_intro_0.2_7
189,36,W,0,Female,clvr_cost_0.1_intro_0.2_7
190,37,W,0,Female,clvr_cost_0.1_intro_0.2_7
191,38,W,0,Female,clvr_cost_0.1_intro_0.2_7
192,39,W,0,Female,clvr_cost_0.1_intro_0.2_7
193,40,W,0,Female,clvr_cost_0.1_intro_0.2_7
194,41,W,0,Female,clvr_cost_0.1_intro_0.2_7
195,42,W,0,Female,clvr_cost_0.1_intro_0.2_7
196,43,W,0,Female,clvr_cost_0.1_intro_0.2_7
197,44,W,0,Female,clvr_cost_0.1_intro_0.2_7
198,45,W,0,Female,clvr_cost_0.1_intro_0.2_7
199,46,W,0,Female,clvr_cost_0.1_intro_0.2_7
200,47,W,0,Female,clvr_cost_0.1_intro_0.2_7
201,48,W,0,Female,clvr_cost_0.1_intro_0.2_7
202,49,W,0,Female,clvr_cost_0.1_intro_0.2_7
203,50,W,0,Female,clvr_cost_0.1_intro_0.2_7
204,0,C,4000,Male,clvr_cost_0.1_intro_0.2_7
205,1,C,1293,Male,clvr_cost_0.1_intro_0.2_7
206,2,C,1824,Male,clvr_cost_0.1_intro_0.2_7
207,3,C,2347,Male,clvr_cost_0.1_intro_0.2_7
208,4,C,3135,Male,clvr_cost_0.1_intro_0.2_7
209,5,C,3862,Male,clvr_cost_0.1_intro_0.2_7
210,6,C,5238,Male,clvr_cost_0.1_intro_0.2_7
211,7,C,6621,Male,clvr_cost_0.1_intro_0.2_7
212,8,C,8098,Male,clvr_cost_0.1_intro_0.2_7
213,9,C,8726,Male,clvr_cost_0.1_intro_0.2_7
214,10,C,9054,Male,clvr_cost_0.1_intro_0.2_7
215,11,C,8946,Male,clvr_cost_0.1_intro_0.2_7
216,12,C,8712,Male,clvr_cost_0.1_intro_0.2_7
217,13,C,8972,Male,clvr_cost_0.1_intro_0.2_7
218,14,C,8930,Male,clvr_cost_0.1_intro_0.2_7
219,15,C,8772,Male,clvr_cost_0.1_intro_0.2_7
220,16,C,9000,Male,clvr_cost_0.1_intro_0.2_7
221,17,C,8918,Male,clvr_cost_0.1_intro_0.2_7
222,18,C,8814,Male,clvr_cost_0.1_intro_0.2_7
223,19,C,9160,Male,clvr_cost_0.1_intro_0.2_7
224,20,C,8832,Male,clvr_cost_0.1_intro_0.2_7
225,21,C,8700,Male,clvr_cost_0.1_intro_0.2_7
226,22,C,8740,Male,clvr_cost_0.1_intro_0.2_7
227,23,C,8818,Male,clvr_cost_0.1_intro_0.2_7
228,24,C,8664,Male,clvr_cost_0.1_intro_0.2_7
229,25,C,8740,Male,clvr_cost_0.1_intro_0.2_7
230,26,C,8870,Male,clvr_cost_0.1_intro_0.2_7
231,27,C,8912,Male,clvr_cost_0.1_intro_0.2_7
232,28,C,8504,Male,clvr_cost_0.1_intro_0.2_7
233,29,C,8836,Male,clvr_cost_0.1_intro_0.2_7
234,30,C,8834,Male,clvr_cost_0.1_intro_0.2_7
235,31,C,8596,Male,clvr_cost_0.1_intro_0.2_7
236,32,C,8876,Male,clvr_cost_0.1_intro_0.2_7
237,33,C,8920,Male,clvr_cost_0.1_intro_0.2_7
238,34,C,8800,Male,clvr_cost_0.1_intro_0.2_7
239,35,C,9028,Male,clvr_cost_0.1_intro_0.2_7
240,36,C,8692,Male,clvr_cost_0.1_intro_0.2_7
241,37,C,8700,Male,clvr_cost_0.1_intro_0.2_7
242,38,C,8680,Male,clvr_cost_0.1_intro_0.2_7
243,39,C,8790,Male,clvr_cost_0.1_intro_0.2_7
244,40,C,8842,Male,clvr_cost_0.1_intro_0.2_7
245,41,C,8848,Male,clvr_cost_0.1_intro_0.2_7
246,42,C,8808,Male,clvr_cost_0.1_intro_0.2_7
247,43,C,8642,Male,clvr_cost_0.1_intro_0.2_7
248,44,C,8768,Male,clvr_cost_0.1_intro_0.2_7
249,45,C,8850,Male,clvr_cost_0.1_intro_0.2_7
250,46,C,8852,Male,clvr_cost_0.1_intro_0.2_7
251,47,C,8910,Male,clvr_cost_0.1_intro_0.2_7
252,48,C,8720,Male,clvr_cost_0.1_intro_0.2_7
253,49,C,8932,Male,clvr_cost_0.1_intro_0.2_7
254,50,C,8946,Male,clvr_cost_0.1_intro_0.2_7
255,0,A,10000,Male,clvr_cost_0.1_intro_0.2_7
256,1,A,7677,Male,clvr_cost_0.1_intro_0.2_7
257,2,A,6814,Male,clvr_cost_0.1_intro_0.2_7
258,3,A,5603,Male,clvr_cost_0.1_intro_0.2_7
259,4,A,4177,Male,clvr_cost_0.1_intro_0.2_7
260,5,A,2670,Male,clvr_cost_0.1_intro_0.2_7
261,6,A,1192,Male,clvr_cost_0.1_intro_0.2_7
262,7,A,337,Male,clvr_cost_0.1_intro_0.2_7
263,8,A,38,Male,clvr_cost_0.1_intro_0.2_7
264,9,A,2,Male,clvr_cost_0.1_intro_0.2_7
265,10,A,0,Male,clvr_cost_0.1_intro_0.2_7
266,11,A,0,Male,clvr_cost_0.1_intro_0.2_7
267,12,A,0,Male,clvr_cost_0.1_intro_0.2_7
268,13,A,0,Male,clvr_cost_0.1_intro_0.2_7
269,14,A,0,Male,clvr_cost_0.1_intro_0.2_7
270,15,A,0,Male,clvr_cost_0.1_intro_0.2_7
271,16,A,0,Male,clvr_cost_0.1_intro_0.2_7
272,17,A,0,Male,clvr_cost_0.1_intro_0.2_7
273,18,A,0,Male,clvr_cost_0.1_intro_0.2_7
274,19,A,0,Male,clvr_cost_0.1_intro_0.2_7
275,20,A,0,Male,clvr_cost_0.1_intro_0.2_7
276,21,A,0,Male,clvr_cost_0.1_intro_0.2_7
277,22,A,0,Male,clvr_cost_0.1_intro_0.2_7
278,23,A,0,Male,clvr_cost_0.1_intro_0.2_7
279,24,A,0,Male,clvr_cost_0.1_intro_0.2_7
280,25,A,0,Male,clvr_cost_0.1_intro_0.2_7
281,26,A,0,Male,clvr_cost_0.1_intro_0.2_7
282,27,A,0,Male,clvr_cost_0.1_intro_0.2_7
283,28,A,0,Male,clvr_cost_0.1_intro_0.2_7
284,29,A,0,Male,clvr_cost_0.1_intro_0.2_7
285,30,A,0,Male,clvr_cost_0.1_intro_0.2_7
286,31,A,0,Male,clvr_cost_0.1_intro_0.2_7
287,32,A,0,Male,clvr_cost_0.1_intro_0.2_7
288,33,A,0,Male,clvr_cost_0.1_intro_0.2_7
289,34,A,0,Male,clvr_cost_0.1_intro_0.2_7
290,35,A,0,Male,clvr_cost_0.1_intro_0.2_7
291,36,A,0,Male,clvr_cost_0.1_intro_0.2_7
292,37,A,0,Male,clvr_cost_0.1_intro_0.2_7
293,38,A,0,Male,clvr_cost_0.1_intro_0.2_7
294,39,A,0,Male,clvr_cost_0.1_intro_0.2_7
295,40,A,0,Male,clvr_cost_0.1_intro_0.2_7
296,41,A,0,Male,clvr_cost_0.1_intro_0.2_7
297,42,A,0,Male,clvr_cost_0.1_intro_0.2_7
298,43,A,0,Male,clvr_cost_0.1_intro_0.2_7
299,44,A,0,Male,clvr_cost_0.1_intro_0.2_7
300,45,A,0,Male,clvr_cost_0.1_intro_0.2_7
301,46,A,0,Male,clvr_cost_0.1_intro_0.2_7
302,47,A,0,Male,clvr_cost_0.1_intro_0.2_7
303,48,A,0,Male,clvr_cost_0.1_intro_0.2_7
304,49,A,0,Male,clvr_cost_0.1_intro_0.2_7
305,50,A,0,Male,clvr_cost_0.1_intro_0.2_7
306,0,V,4000,Male,clvr_cost_0.1_intro_0.2_7
307,1,V,1293,Male,clvr_cost_0.1_intro_0.2_7
308,2,V,1866,Male,clvr_cost_0.1_intro_0.2_7
309,3,V,2409,Male,clvr_cost_0.1_intro_0.2_7
310,4,V,3195,Male,clvr_cost_0.1_intro_0.2_7
311,5,V,3940,Male,clvr_cost_0.1_intro_0.2_7
312,6,V,5300,Male,clvr_cost_0.1_intro_0.2_7
313,7,V,6667,Male,clvr_cost_0.1_intro_0.2_7
314,8,V,8118,Male,clvr_cost_0.1_intro_0.2_7
315,9,V,8727,Male,clvr_cost_0.1_intro_0.2_7
316,10,V,9054,Male,clvr_cost_0.1_intro_0.2_7
317,11,V,8946,Male,clvr_cost_0.1_intro_0.2_7
318,12,V,8712,Male,clvr_cost_0.1_intro_0.2_7
319,13,V,8972,Male,clvr_cost_0.1_intro_0.2_7
320,14,V,8930,Male,clvr_cost_0.1_intro_0.2_7
321,15,V,8772,Male,clvr_cost_0.1_intro_0.2_7
322,16,V,9000,Male,clvr_cost_0.1_intro_0.2_7
323,17,V,8918,Male,clvr_cost_0.1_intro_0.2_7
324,18,V,8814,Male,clvr_cost_0.1_intro_0.2_7
325,19,V,9160,Male,clvr_cost_0.1_intro_0.2_7
326,20,V,8832,Male,clvr_cost_0.1_intro_0.2_7
327,21,V,8700,Male,clvr_cost_0.1_intro_0.2_7
328,22,V,8740,Male,clvr_cost_0.1_intro_0.2_7
329,23,V,8818,Male,clvr_cost_0.1_intro_0.2_7
330,24,V,8664,Male,clvr_cost_0.1_intro_0.2_7
331,25,V,8740,Male,clvr_cost_0.1_intro_0.2_7
332,26,V,8870,Male,clvr_cost_0.1_intro_0.2_7
333,27,V,8912,Male,clvr_cost_0.1_intro_0.2_7
334,28,V,8504,Male,clvr_cost_0.1_intro_0.2_7
335,29,V,8836,Male,clvr_cost_0.1_intro_0.2_7
336,30,V,8834,Male,clvr_cost_0.1_intro_0.2_7
337,31,V,8596,Male,clvr_cost_0.1_intro_0.2_7
338,32,V,8876,Male,clvr_cost_0.1_intro_0.2_7
339,33,V,8920,Male,clvr_cost_0.1_intro_0.2_7
340,34,V,8800,Male,clvr_cost_0.1_intro_0.2_7
341,35,V,9028,Male,clvr_cost_0.1_intro_0.2_7
342,36,V,8692,Male,clvr_cost_0.1_intro_0.2_7
343,37,V,8700,Male,clvr_cost_0.1_intro_0.2_7
344,38,V,8680,Male,clvr_cost_0.1_intro_0.2_7
345,39,V,8790,Male,clvr_cost_0.1_intro_0.2_7
346,40,V,8842,Male,clvr_cost_0.1_intro_0.2_7
347,41,V,8848,Male,clvr_cost_0.1_intro_0.2_7
348,42,V,8808,Male,clvr_cost_0.1_intro_0.2_7
349,43,V,8642,Male,clvr_cost_0.1_intro_0.2_7
350,44,V,8768,Male,clvr_cost_0.1_intro_0.2_7
351,45,V,8850,Male,clvr_cost_0.1_intro_0.2_7
352,46,V,8852,Male,clvr_cost_0.1_intro_0.2_7
353,47,V,8910,Male,clvr_cost_0.1_intro_0.2_7
354,48,V,8720,Male,clvr_cost_0.1_intro_0.2_7
355,49,V,8932,Male,clvr_cost_0.1_intro_0.2_7
356,50,V,8946,Male,clvr_cost_0.1_intro_0.2_7
357,0,W,10000,Male,clvr_cost_0.1_intro_0.2_7
358,1,W,7677,Male,clvr_cost_0.1_intro_0.2_7
359,2,W,6772,Male,clvr_cost_0.1_intro_0.2_7
360,3,W,5541,Male,clvr_cost_0.1_intro_0.2_7
361,4,W,4117,Male,clvr_cost_0.1_intro_0.2_7
362,5,W,2592,Male,clvr_cost_0.1_intro_0.2_7
363,6,W,1130,Male,clvr_cost_0.1_intro_0.2_7
364,7,W,291,Male,clvr_cost_0.1_intro_0.2_7
365,8,W,18,Male,clvr_cost_0.1_intro_0.2_7
366,9,W,1,Male,clvr_cost_0.1_intro_0.2_7
367,10,W,0,Male,clvr_cost_0.1_intro_0.2_7
368,11,W,0,Male,clvr_cost_0.1_intro_0.2_7
369,12,W,0,Male,clvr_cost_0.1_intro_0.2_7
370,13,W,0,Male,clvr_cost_0.1_intro_0.2_7
371,14,W,0,Male,clvr_cost_0.1_intro_0.2_7
372,15,W,0,Male,clvr_cost_0.1_intro_0.2_7
373,16,W,0,Male,clvr_cost_0.1_intro_0.2_7
374,17,W,0,Male,clvr_cost_0.1_intro_0.2_7
375,18,W,0,Male,clvr_cost_0.1_intro_0.2_7
376,19,W,0,Male,clvr_cost_0.1_intro_0.2_7
377,20,W,0,Male,clvr_cost_0.1_intro_0.2_7
378,21,W,0,Male,clvr_cost_0.1_intro_0.2_7
379,22,W,0,Male,clvr_cost_0.1_intro_0.2_7
380,23,W,0,Male,clvr_cost_0.1_intro_0.2_7
381,24,W,0,Male,clvr_cost_0.1_intro_0.2_7
382,25,W,0,Male,clvr_cost_0.1_intro_0.2_7
383,26,W,0,Male,clvr_cost_0.1_intro_0.2_7
384,27,W,0,Male,clvr_cost_0.1_intro_0.2_7
385,28,W,0,Male,clvr_cost_0.1_intro_0.2_7
386,29,W,0,Male,clvr_cost_0.1_intro_0.2_7
387,30,W,0,Male,clvr_cost_0.1_intro_0.2_7
388,31,W,0,Male,clvr_cost_0.1_intro_0.2_7
389,32,W,0,Male,clvr_cost_0.1_intro_0.2_7
390,33,W,0,Male,clvr_cost_0.1_intro_0.2_7
391,34,W,0,Male,clvr_cost_0.1_intro_0.2_7
392,35,W,0,Male,clvr_cost_0.1_intro_0.2_7
393,36,W,0,Male,clvr_cost_0.1_intro_0.2_7
394,37,W,0,Male,clvr_cost_0.1_intro_0.2_7
395,38,W,0,Male,clvr_cost_0.1_intro_0.2_7
396,39,W,0,Male,clvr_cost_0.1_intro_0.2_7
397,40,W,0,Male,clvr_cost_0.1_intro_0.2_7
398,41,W,0,Male,clvr_cost_0.1_intro_0.2_7
399,42,W,0,Male,clvr_cost_0.1_intro_0.2_7
400,43,W,0,Male,clvr_cost_0.1_intro_0.2_7
401,44,W,0,Male,clvr_cost_0.1_intro_0.2_7
402,45,W,0,Male,clvr_cost_0.1_intro_0.2_7
403,46,W,0,Male,clvr_cost_0.1_intro_0.2_7
404,47,W,0,Male,clvr_cost_0.1_intro_0.2_7
405,48,W,0,Male,clvr_cost_0.1_intro_0.2_7
406,49,W,0,Male,clvr_cost_0.1_intro_0.2_7
407,50,W,0,Male,clvr_cost_0.1_intro_0.2_7
,Generation,Allele,Count,Sex,Run
0,0,C,0,Female,clvr_cost_0.1_intro_0.2_8
1,1,C,1248,Female,clvr_cost_0.1_intro_0.2_8
2,2,C,1731,Female,clvr_cost_0.1_intro_0.2_8
3,3,C,2351,Female,clvr_cost_0.1_intro_0.2_8
4,4,C,3123,Female,clvr_cost_0.1_intro_0.2_8
5,5,C,3931,Female,clvr_cost_0.1_intro_0.2_8
6,6,C,5182,Female,clvr_cost_0.1_intro_0.2_8
7,7,C,6656,Female,clvr_cost_0.1_intro_0.2_8
8,8,C,7924,Female,clvr_cost_0.1_intro_0.2_8
9,9,C,8634,Female,clvr_cost_0.1_intro_0.2_8
10,10,C,8644,Female,clvr_cost_0.1_intro_0.2_8
11,11,C,8588,Female,clvr_cost_0.1_intro_0.2_8
12,12,C,8678,Female,clvr_cost_0.1_intro_0.2_8
13,13,C,8680,Female,clvr_cost_0.1_intro_0.2_8
14,14,C,8698,Female,clvr_cost_0.1_intro_0.2_8
15,15,C,8620,Female,clvr_cost_0.1_intro_0.2_8
16,16,C,8482,Female,clvr_cost_0.1_intro_0.2_8
17,17,C,8508,Female,clvr_cost_0.1_intro_0.2_8
18,18,C,8764,Female,clvr_cost_0.1_intro_0.2_8
19,19,C,8972,Female,clvr_cost_0.1_intro_0.2_8
20,20,C,8802,Female,clvr_cost_0.1_intro_0.2_8
21,21,C,8722,Female,clvr_cost_0.1_intro_0.2_8
22,22,C,8812,Female,clvr_cost_0.1_intro_0.2_8
23,23,C,8824,Female,clvr_cost_0.1_intro_0.2_8
24,24,C,8742,Female,clvr_cost_0.1_intro_0.2_8
25,25,C,8688,Female,clvr_cost_0.1_intro_0.2_8
26,26,C,8762,Female,clvr_cost_0.1_intro_0.2_8
27,27,C,8976,Female,clvr_cost_0.1_intro_0.2_8
28,28,C,8660,Female,clvr_cost_0.1_intro_0.2_8
29,29,C,8906,Female,clvr_cost_0.1_intro_0.2_8
30,30,C,8578,Female,clvr_cost_0.1_intro_0.2_8
31,31,C,8512,Female,clvr_cost_0.1_intro_0.2_8
32,32,C,8444,Female,clvr_cost_0.1_intro_0.2_8
33,33,C,8548,Female,clvr_cost_0.1_intro_0.2_8
34,34,C,8752,Female,clvr_cost_0.1_intro_0.2_8
35,35,C,8638,Female,clvr_cost_0.1_intro_0.2_8
36,36,C,8674,Female,clvr_cost_0.1_intro_0.2_8
37,37,C,8848,Female,clvr_cost_0.1_intro_0.2_8
38,38,C,8840,Female,clvr_cost_0.1_intro_0.2_8
39,39,C,8772,Female,clvr_cost_0.1_intro_0.2_8
40,40,C,8886,Female,clvr_cost_0.1_intro_0.2_8
41,41,C,8686,Female,clvr_cost_0.1_intro_0.2_8
42,42,C,8628,Female,clvr_cost_0.1_intro_0.2_8
43,43,C,8626,Female,clvr_cost_0.1_intro_0.2_8
44,44,C,8674,Female,clvr_cost_0.1_intro_0.2_8
45,45,C,8718,Female,clvr_cost_0.1_intro_0.2_8
46,46,C,8474,Female,clvr_cost_0.1_intro_0.2_8
47,47,C,8522,Female,clvr_cost_0.1_intro_0.2_8
48,48,C,8846,Female,clvr_cost_0.1_intro_0.2_8
49,49,C,8426,Female,clvr_cost_0.1_intro_0.2_8
50,50,C,8620,Female,clvr_cost_0.1_intro_0.2_8
51,0,A,10000,Female,clvr_cost_0.1_intro_0.2_8
52,1,A,7248,Female,clvr_cost_0.1_intro_0.2_8
53,2,A,6315,Female,clvr_cost_0.1_intro_0.2_8
54,3,A,5315,Female,clvr_cost_0.1_intro_0.2_8
55,4,A,4049,Female,clvr_cost_0.1_intro_0.2_8
56,5,A,2417,Female,clvr_cost_0.1_intro_0.2_8
57,6,A,1138,Female,clvr_cost_0.1_intro_0.2_8
58,7,A,264,Female,clvr_cost_0.1_intro_0.2_8
59,8,A,48,Female,clvr_cost_0.1_intro_0.2_8
60,9,A,4,Female,clvr_cost_0.1_intro_0.2_8
61,10,A,0,Female,clvr_cost_0.1_intro_0.2_8
62,11,A,0,Female,clvr_cost_0.1_intro_0.2_8
63,12,A,0,Female,clvr_cost_0.1_intro_0.2_8
64,13,A,0,Female,clvr_cost_0.1_intro_0.2_8
65,14,A,0,Female,clvr_cost_0.1_intro_0.2_8
66,15,A,0,Female,clvr_cost_0.1_intro_0.2_8
67,16,A,0,Female,clvr_cost_0.1_intro_0.2_8
68,17,A,0,Female,clvr_cost_0.1_intro_0.2_8
69,18,A,0,Female,clvr_cost_0.1_intro_0.2_8
70,19,A,0,Female,clvr_cost_0.1_intro_0.2_8
71,20,A,0,Female,clvr_cost_0.1_intro_0.2_8
72,21,A,0,Female,clvr_cost_0.1_intro_0.2_8
73,22,A,0,Female,clvr_cost_0.1_intro_0.2_8
74,23,A,0,Female,clvr_cost_0.1_intro_0.2_8
75,24,A,0,Female,clvr_cost_0.1_intro_0.2_8
76,25,A,0,Female,clvr_cost_0.1_intro_0.2_8
77,26,A,0,Female,clvr_cost_0.1_intro_0.2_8
78,27,A,0,Female,clvr_cost_0.1_intro_0.2_8
79,28,A,0,Female,clvr_cost_0.1_intro_0.2_8
80,29,A,0,Female,clvr_cost_0.1_intro_0.2_8
81,30,A,0,Female,clvr_cost_0.1_intro_0.2_8
82,31,A,0,Female,clvr_cost_0.1_intro_0.2_8
83,32,A,0,Female,clvr_cost_0.1_intro_0.2_8
84,33,A,0,Female,clvr_cost_0.1_intro_0.2_8
85,34,A,0,Female,clvr_cost_0.1_intro_0.2_8
86,35,A,0,Female,clvr_cost_0.1_intro_0.2_8
87,36,A,0,Female,clvr_cost_0.1_intro_0.2_8
88,37,A,0,Female,clvr_cost_0.1_intro_0.2_8
89,38,A,0,Female,clvr_cost_0.1_intro_0.2_8
90,39,A,0,Female,clvr_cost_0.1_intro_0.2_8
91,40,A,0,Female,clvr_cost_0.1_intro_0.2_8
92,41,A,0,Female,clvr_cost_0.1_intro_0.2_8
93,42,A,0,Female,clvr_cost_0.1_intro_0.2_8
94,43,A,0,Female,clvr_cost_0.1_intro_0.2_8
95,44,A,0,Female,clvr_cost_0.1_intro_0.2_8
96,45,A,0,Female,clvr_cost_0.1_intro_0.2_8
97,46,A,0,Female,clvr_cost_0.1_intro_0.2_8
98,47,A,0,Female,clvr_cost_0.1_intro_0.2_8
99,48,A,0,Female,clvr_cost_0.1_intro_0.2_8
100,49,A,0,Female,clvr_cost_0.1_intro_0.2_8
101,50,A,0,Female,clvr_cost_0.1_intro_0.2_8
102,0,V,0,Female,clvr_cost_0.1_intro_0.2_8
103,1,V,1248,Female,clvr_cost_0.1_intro_0.2_8
104,2,V,1768,Female,clvr_cost_0.1_intro_0.2_8
105,3,V,2402,Female,clvr_cost_0.1_intro_0.2_8
106,4,V,3203,Female,clvr_cost_0.1_intro_0.2_8
107,5,V,3988,Female,clvr_cost_0.1_intro_0.2_8
108,6,V,5252,Female,clvr_cost_0.1_intro_0.2_8
109,7,V,6701,Female,clvr_cost_0.1_intro_0.2_8
110,8,V,7938,Female,clvr_cost_0.1_intro_0.2_8
111,9,V,8635,Female,clvr_cost_0.1_intro_0.2_8
112,10,V,8644,Female,clvr_cost_0.1_intro_0.2_8
113,11,V,8588,Female,clvr_cost_0.1_intro_0.2_8
114,12,V,8678,Female,clvr_cost_0.1_intro_0.2_8
115,13,V,8680,Female,clvr_cost_0.1_intro_0.2_8
116,14,V,8698,Female,clvr_cost_0.1_intro_0.2_8
117,15,V,8620,Female,clvr_cost_0.1_intro_0.2_8
118,16,V,8482,Female,clvr_cost_0.1_intro_0.2_8
119,17,V,8508,Female,clvr_cost_0.1_intro_0.2_8
120,18,V,8764,Female,clvr_cost_0.1_intro_0.2_8
121,19,V,8972,Female,clvr_cost_0.1_intro_0.2_8
122,20,V,8802,Female,clvr_cost_0.1_intro_0.2_8
123,21,V,8722,Female,clvr_cost_0.1_intro_0.2_8
124,22,V,8812,Female,clvr_cost_0.1_intro_0.2_8
125,23,V,8824,Female,clvr_cost_0.1_intro_0.2_8
126,24,V,8742,Female,clvr_cost_0.1_intro_0.2_8
127,25,V,8688,Female,clvr_cost_0.1_intro_0.2_8
128,26,V,8762,Female,clvr_cost_0.1_intro_0.2_8
129,27,V,8976,Female,clvr_cost_0.1_intro_0.2_8
130,28,V,8660,Female,clvr_cost_0.1_intro_0.2_8
131,29,V,8906,Female,clvr_cost_0.1_intro_0.2_8
132,30,V,8578,Female,clvr_cost_0.1_intro_0.2_8
133,31,V,8512,Female,clvr_cost_0.1_intro_0.2_8
134,32,V,8444,Female,clvr_cost_0.1_intro_0.2_8
135,33,V,8548,Female,clvr_cost_0.1_intro_0.2_8
136,34,V,8752,Female,clvr_cost_0.1_intro_0.2_8
137,35,V,8638,Female,clvr_cost_0.1_intro_0.2_8
138,36,V,8674,Female,clvr_cost_0.1_intro_0.2_8
139,37,V,8848,Female,clvr_cost_0.1_intro_0.2_8
140,38,V,8840,Female,clvr_cost_0.1_intro_0.2_8
141,39,V,8772,Female,clvr_cost_0.1_intro_0.2_8
142,40,V,8886,Female,clvr_cost_0.1_intro_0.2_8
143,41,V,8686,Female,clvr_cost_0.1_intro_0.2_8
144,42,V,8628,Female,clvr_cost_0.1_intro_0.2_8
145,43,V,8626,Female,clvr_cost_0.1_intro_0.2_8
146,44,V,8674,Female,clvr_cost_0.1_intro_0.2_8
147,45,V,8718,Female,clvr_cost_0.1_intro_0.2_8
148,46,V,8474,Female,clvr_cost_0.1_intro_0.2_8
149,47,V,8522,Female,clvr_cost_0.1_intro_0.2_8
150,48,V,8846,Female,clvr_cost_0.1_intro_0.2_8
151,49,V,8426,Female,clvr_cost_0.1_intro_0.2_8
152,50,V,8620,Female,clvr_cost_0.1_intro_0.2_8
153,0,W,10000,Female,clvr_cost_0.1_intro_0.2_8
154,1,W,7248,Female,clvr_cost_0.1_intro_0.2_8
155,2,W,6278,Female,clvr_cost_0.1_intro_0.2_8
156,3,W,5264,Female,clvr_cost_0.1_intro_0.2_8
157,4,W,3969,Female,clvr_cost_0.1_intro_0.2_8
158,5,W,2360,Female,clvr_cost_0.1_intro_0.2_8
159,6,W,1068,Female,clvr_cost_0.1_intro_0.2_8
160,7,W,219,Female,clvr_cost_0.1_intro_0.2_8
161,8,W,34,Female,clvr_cost_0.1_intro_0.2_8
162,9,W,3,Female,clvr_cost_0.1_intro_0.2_8
163,10,W,0,Female,clvr_cost_0.1_intro_0.2_8
164,11,W,0,Female,clvr_cost_0.1_intro_0.2_8
165,12,W,0,Female,clvr_cost_0.1_intro_0.2_8
166,13,W,0,Female,clvr_cost_0.1_intro_0.2_8
167,14,W,0,Female,clvr_cost_0.1_intro_0.2_8
168,15,W,0,Female,clvr_cost_0.1_intro_0.2_8
169,16,W,0,Female,clvr_cost_0.1_intro_0.2_8
170,17,W,0,Female,clvr_cost_0.1_intro_0.2_8
171,18,W,0,Female,clvr_cost_0.1_intro_0.2_8
172,19,W,0,Female,clvr_cost_0.1_intro_0.2_8
173,20,W,0,Female,clvr_cost_0.1_intro_0.2_8
174,21,W,0,Female,clvr_cost_0.1_intro_0.2_8
175,22,W,0,Female,clvr_cost_0.1_intro_0.2_8
176,23,W,0,Female,clvr_cost_0.1_intro_0.2_8
177,24,W,0,Female,clvr_cost_0.1_intro_0.2_8
178,25,W,0,Female,clvr_cost_0.1_intro_0.2_8
179,26,W,0,Female,clvr_cost_0.1_intro_0.2_8
180,27,W,0,Female,clvr_cost_0.1_intro_0.2_8
181,28,W,0,Female,clvr_cost_0.1_intro_0.2_8
182,29,W,0,Female,clvr_cost_0.1_intro_0.2_8
183,30,W,0,Female,clvr_cost_0.1_intro_0.2_8
184,31,W,0,Female,clvr_cost_0.1_intro_0.2_8
185,32,W,0,Female,clvr_cost_0.1_intro_0.2_8
186,33,W,0,Female,clvr_cost_0.1_intro_0.2_8
187,34,W,0,Female,clvr_cost_0.1_intro_0.2_8
188,35,W,0,Female,clvr_cost_0.1_intro_0.2_8
189,36,W,0,Female,clvr_cost_0.1_intro_0.2_8
190,37,W,0,Female,clvr_cost_0.1_intro_0.2_8
191,38,W,0,Female,clvr_cost_0.1_intro_0.2_8
192,39,W,0,Female,clvr_cost_0.1_intro_0.2_8
193,40,W,0,Female,clvr_cost_0.1_intro_0.2_8
194,41,W,0,Female,clvr_cost_0.1_intro_0.2_8
195,42,W,0,Female,clvr_cost_0.1_intro_0.2_8
196,43,W,0,Female,clvr_cost_0.1_intro_0.2_8
197,44,W,0,Female,clvr_cost_0.1_intro_0.2_8
198,45,W,0,Female,clvr_cost_0.1_intro_0.2_8
199,46,W,0,Female,clvr_cost_0.1_intro_0.2_8
200,47,W,0,Female,clvr_cost_0.1_intro_0.2_8
201,48,W,0,Female,clvr_cost_0.1_intro_0.2_8
202,49,W,0,Female,clvr_cost_0.1_intro_0.2_8
203,50,W,0,Female,clvr_cost_0.1_intro_0.2_8
204,0,C,4000,Male,clvr_cost_0.1_intro_0.2_8
205,1,C,1264,Male,clvr_cost_0.1_intro_0.2_8
206,2,C,1701,Male,clvr_cost_0.1_intro_0.2_8
207,3,C,2442,Male,clvr_cost_0.1_intro_0.2_8
208,4,C,3191,Male,clvr_cost_0.1_intro_0.2_8
209,5,C,4049,Male,clvr_cost_0.1_intro_0.2_8
210,6,C,5458,Male,clvr_cost_0.1_intro_0.2_8
211,7,C,6688,Male,clvr_cost_0.1_intro_0.2_8
212,8,C,8031,Male,clvr_cost_0.1_intro_0.2_8
213,9,C,8640,Male,clvr_cost_0.1_intro_0.2_8
214,10,C,8660,Male,clvr_cost_0.1_intro_0.2_8
215,11,C,8856,Male,clvr_cost_0.1_intro_0.2_8
216,12,C,8704,Male,clvr_cost_0.1_intro_0.2_8
217,13,C,8898,Male,clvr_cost_0.1_intro_0.2_8
218,14,C,8964,Male,clvr_cost_0.1_intro_0.2_8
219,15,C,8672,Male,clvr_cost_0.1_intro_0.2_8
220,16,C,8646,Male,clvr_cost_0.1_intro_0.2_8
221,17,C,8662,Male,clvr_cost_0.1_intro_0.2_8
222,18,C,8768,Male,clvr_cost_0.1_intro_0.2_8
223,19,C,9032,Male,clvr_cost_0.1_intro_0.2_8
224,20,C,9038,Male,clvr_cost_0.1_intro_0.2_8
225,21,C,8750,Male,clvr_cost_0.1_intro_0.2_8
226,22,C,8916,Male,clvr_cost_0.1_intro_0.2_8
227,23,C,8844,Male,clvr_cost_0.1_intro_0.2_8
228,24,C,8814,Male,clvr_cost_0.1_intro_0.2_8
229,25,C,8992,Male,clvr_cost_0.1_intro_0.2_8
230,26,C,8778,Male,clvr_cost_0.1_intro_0.2_8
231,27,C,9126,Male,clvr_cost_0.1_intro_0.2_8
232,28,C,8722,Male,clvr_cost_0.1_intro_0.2_8
233,29,C,8914,Male,clvr_cost_0.1_intro_0.2_8
234,30,C,8948,Male,clvr_cost_0.1_intro_0.2_8
235,31,C,8772,Male,clvr_cost_0.1_intro_0.2_8
236,32,C,8762,Male,clvr_cost_0.1_intro_0.2_8
237,33,C,8594,Male,clvr_cost_0.1_intro_0.2_8
238,34,C,8776,Male,clvr_cost_0.1_intro_0.2_8
239,35,C,8906,Male,clvr_cost_0.1_intro_0.2_8
240,36,C,8764,Male,clvr_cost_0.1_intro_0.2_8
241,37,C,8854,Male,clvr_cost_0.1_intro_0.2_8
242,38,C,8990,Male,clvr_cost_0.1_intro_0.2_8
243,39,C,8794,Male,clvr_cost_0.1_intro_0.2_8
244,40,C,8902,Male,clvr_cost_0.1_intro_0.2_8
245,41,C,8700,Male,clvr_cost_0.1_intro_0.2_8
246,42,C,8968,Male,clvr_cost_0.1_intro_0.2_8
247,43,C,8780,Male,clvr_cost_0.1_intro_0.2_8
248,44,C,8746,Male,clvr_cost_0.1_intro_0.2_8
249,45,C,8766,Male,clvr_cost_0.1_intro_0.2_8
250,46,C,8964,Male,clvr_cost_0.1_intro_0.2_8
251,47,C,8522,Male,clvr_cost_0.1_intro_0.2_8
252,48,C,9014,Male,clvr_cost_0.1_intro_0.2_8
253,49,C,8630,Male,clvr_cost_0.1_intro_0.2_8
254,50,C,8698,Male,clvr_cost_0.1_intro_0.2_8
255,0,A,10000,Male,clvr_cost_0.1_intro_0.2_8
256,1,A,7500,Male,clvr_cost_0.1_intro_0.2_8
257,2,A,6371,Male,clvr_cost_0.1_intro_0.2_8
258,3,A,5542,Male,clvr_cost_0.1_intro_0.2_8
259,4,A,4045,Male,clvr_cost_0.1_intro_0.2_8
260,5,A,2415,Male,clvr_cost_0.1_intro_0.2_8
261,6,A,1200,Male,clvr_cost_0.1_intro_0.2_8
262,7,A,298,Male,clvr_cost_0.1_intro_0.2_8
263,8,A,33,Male,clvr_cost_0.1_intro_0.2_8
264,9,A,6,Male,clvr_cost_0.1_intro_0.2_8
265,10,A,0,Male,clvr_cost_0.1_intro_0.2_8
266,11,A,0,Male,clvr_cost_0.1_intro_0.2_8
267,12,A,0,Male,clvr_cost_0.1_intro_0.2_8
268,13,A,0,Male,clvr_cost_0.1_intro_0.2_8
269,14,A,0,Male,clvr_cost_0.1_intro_0.2_8
270,15,A,0,Male,clvr_cost_0.1_intro_0.2_8
271,16,A,0,Male,clvr_cost_0.1_intro_0.2_8
272,17,A,0,Male,clvr_cost_0.1_intro_0.2_8
273,18,A,0,Male,clvr_cost_0.1_intro_0.2_8
274,19,A,0,Male,clvr_cost_0.1_intro_0.2_8
275,20,A,0,Male,clvr_cost_0.1_intro_0.2_8
276,21,A,0,Male,clvr_cost_0.1_intro_0.2_8
277,22,A,0,Male,clvr_cost_0.1_intro_0.2_8
278,23,A,0,Male,clvr_cost_0.1_intro_0.2_8
279,24,A,0,Male,clvr_cost_0.1_intro_0.2_8
280,25,A,0,Male,clvr_cost_0.1_intro_0.2_8
281,26,A,0,Male,clvr_cost_0.1_intro_0.2_8
282,27,A,0,Male,clvr_cost_0.1_intro_0.2_8
283,28,A,0,Male,clvr_cost_0.1_intro_0.2_8
284,29,A,0,Male,clvr_cost_0.1_intro_0.2_8
285,30,A,0,Male,clvr_cost_0.1_intro_0.2_8
286,31,A,0,Male,clvr_cost_0.1_intro_0.2_8
287,32,A,0,Male,clvr_cost_0.1_intro_0.2_8
288,33,A,0,Male,clvr_cost_0.1_intro_0.2_8
289,34,A,0,Male,clvr_cost_0.1_intro_0.2_8
290,35,A,0,Male,clvr_cost_0.1_intro_0.2_8
291,36,A,0,Male,clvr_cost_0.1_intro_0.2_8
292,37,A,0,Male,clvr_cost_0.1_intro_0.2_8
293,38,A,0,Male,clvr_cost_0.1_intro_0.2_8
294,39,A,0,Male,clvr_cost_0.1_intro_0.2_8
295,40,A,0,Male,clvr_cost_0.1_intro_0.2_8
296,41,A,0,Male,clvr_cost_0.1_intro_0.2_8
297,42,A,0,Male,clvr_cost_0.1_intro_0.2_8
298,43,A,0,Male,clvr_cost_0.1_intro_0.2_8
299,44,A,0,Male,clvr_cost_0.1_intro_0.2_8
300,45,A,0,Male,clvr_cost_0.1_intro_0.2_8
301,46,A,0,Male,clvr_cost_0.1_intro_0.2_8
302,47,A,0,Male,clvr_cost_0.1_intro_0.2_8
303,48,A,0,Male,clvr_cost_0.1_intro_0.2_8
304,49,A,0,Male,clvr_cost_0.1_intro_0.2_8
305,50,A,0,Male,clvr_cost_0.1_intro_0.2_8
306,0,V,4000,Male,clvr_cost_0.1_intro_0.2_8
307,1,V,1264,Male,clvr_cost_0.1_intro_0.2_8
308,2,V,1749,Male,clvr_cost_0.1_intro_0.2_8
309,3,V,2498,Male,clvr_cost_0.1_intro_0.2_8
310,4,V,3258,Male,clvr_cost_0.1_intro_0.2_8
311,5,V,4102,Male,clvr_cost_0.1_intro_0.2_8
312,6,V,5524,Male,clvr_cost_0.1_intro_0.2_8
313,7,V,6729,Male,clvr_cost_0.1_intro_0.2_8
314,8,V,8041,Male,clvr_cost_0.1_intro_0.2_8
315,9,V,8644,Male,clvr_cost_0.1_intro_0.2_8
316,10,V,8660,Male,clvr_cost_0.1_intro_0.2_8
317,11,V,8856,Male,clvr_cost_0.1_intro_0.2_8
318,12,V,8704,Male,clvr_cost_0.1_intro_0.2_8
319,13,V,8898,Male,clvr_cost_0.1_intro_0.2_8
320,14,V,8964,Male,clvr_cost_0.1_intro_0.2_8
321,15,V,8672,Male,clvr_cost_0.1_intro_0.2_8
322,16,V,8646,Male,clvr_cost_0.1_intro_0.2_8
323,17,V,8662,Male,clvr_cost_0.1_intro_0.2_8
324,18,V,8768,Male,clvr_cost_0.1_intro_0.2_8
325,19,V,9032,Male,clvr_cost_0.1_intro_0.2_8
326,20,V,9038,Male,clvr_cost_0.1_intro_0.2_8
327,21,V,8750,Male,clvr_cost_0.1_intro_0.2_8
328,22,V,8916,Male,clvr_cost_0.1_intro_0.2_8
329,23,V,8844,Male,clvr_cost_0.1_intro_0.2_8
330,24,V,8814,Male,clvr_cost_0.1_intro_0.2_8
331,25,V,8992,Male,clvr_cost_0.1_intro_0.2_8
332,26,V,8778,Male,clvr_cost_0.1_intro_0.2_8
333,27,V,9126,Male,clvr_cost_0.1_intro_0.2_8
334,28,V,8722,Male,clvr_cost_0.1_intro_0.2_8
335,29,V,8914,Male,clvr_cost_0.1_intro_0.2_8
336,30,V,8948,Male,clvr_cost_0.1_intro_0.2_8
337,31,V,8772,Male,clvr_cost_0.1_intro_0.2_8
338,32,V,8762,Male,clvr_cost_0.1_intro_0.2_8
339,33,V,8594,Male,clvr_cost_0.1_intro_0.2_8
340,34,V,8776,Male,clvr_cost_0.1_intro_0.2_8
341,35,V,8906,Male,clvr_cost_0.1_intro_0.2_8
342,36,V,8764,Male,clvr_cost_0.1_intro_0.2_8
343,37,V,8854,Male,clvr_cost_0.1_intro_0.2_8
344,38,V,8990,Male,clvr_cost_0.1_intro_0.2_8
345,39,V,8794,Male,clvr_cost_0.1_intro_0.2_8
346,40,V,8902,Male,clvr_cost_0.1_intro_0.2_8
347,41,V,8700,Male,clvr_cost_0.1_intro_0.2_8
348,42,V,8968,Male,clvr_cost_0.1_intro_0.2_8
349,43,V,8780,Male,clvr_cost_0.1_intro_0.2_8
350,44,V,8746,Male,clvr_cost_0.1_intro_0.2_8
351,45,V,8766,Male,clvr_cost_0.1_intro_0.2_8
352,46,V,8964,Male,clvr_cost_0.1_intro_0.2_8
353,47,V,8522,Male,clvr_cost_0.1_intro_0.2_8
354,48,V,9014,Male,clvr_cost_0.1_intro_0.2_8
355,49,V,8630,Male,clvr_cost_0.1_intro_0.2_8
356,50,V,8698,Male,clvr_cost_0.1_intro_0.2_8
357,0,W,10000,Male,clvr_cost_0.1_intro_0.2_8
358,1,W,7500,Male,clvr_cost_0.1_intro_0.2_8
359,2,W,6323,Male,clvr_cost_0.1_intro_0.2_8
360,3,W,5486,Male,clvr_cost_0.1_intro_0.2_8
361,4,W,3978,Male,clvr_cost_0.1_intro_0.2_8
362,5,W,2362,Male,clvr_cost_0.1_intro_0.2_8
363,6,W,1134,Male,clvr_cost_0.1_intro_0.2_8
364,7,W,257,Male,clvr_cost_0.1_intro_0.2_8
365,8,W,23,Male,clvr_cost_0.1_intro_0.2_8
366,9,W,2,Male,clvr_cost_0.1_intro_0.2_8
367,10,W,0,Male,clvr_cost_0.1_intro_0.2_8
368,11,W,0,Male,clvr_cost_0.1_intro_0.2_8
369,12,W,0,Male,clvr_cost_0.1_intro_0.2_8
370,13,W,0,Male,clvr_cost_0.1_intro_0.2_8
371,14,W,0,Male,clvr_cost_0.1_intro_0.2_8
372,15,W,0,Male,clvr_cost_0.1_intro_0.2_8
373,16,W,0,Male,clvr_cost_0.1_intro_0.2_8
374,17,W,0,Male,clvr_cost_0.1_intro_0.2_8
375,18,W,0,Male,clvr_cost_0.1_intro_0.2_8
376,19,W,0,Male,clvr_cost_0.1_intro_0.2_8
377,20,W,0,Male,clvr_cost_0.1_intro_0.2_8
378,21,W,0,Male,clvr_cost_0.1_intro_0.2_8
379,22,W,0,Male,clvr_cost_0.1_intro_0.2_8
380,23,W,0,Male,clvr_cost_0.1_intro_0.2_8
381,24,W,0,Male,clvr_cost_0.1_intro_0.2_8
382,25,W,0,Male,clvr_cost_0.1_intro_0.2_8
383,26,W,0,Male,clvr_cost_0.1_intro_0.2_8
384,27,W,0,Male,clvr_cost_0.1_intro_0.2_8
385,28,W,0,Male,clvr_cost_0.1_intro_0.2_8
386,29,W,0,Male,clvr_cost_0.1_intro_0.2_8
387,30,W,0,Male,clvr_cost_0.1_intro_0.2_8
388,31,W,0,Male,clvr_cost_0.1_intro_0.2_8
389,32,W,0,Male,clvr_cost_0.1_intro_0.2_8
390,33,W,0,Male,clvr_cost_0.1_intro_0.2_8
391,34,W,0,Male,clvr_cost_0.1_intro_0.2_8
392,35,W,0,Male,clvr_cost_0.1_intro_0.2_8
393,36,W,0,Male,clvr_cost_0.1_intro_0.2_8
394,37,W,0,Male,clvr_cost_0.1_intro_0.2_8
395,38,W,0,Male,clvr_cost_0.1_intro_0.2_8
396,39,W,0,Male,clvr_cost_0.1_intro_0.2_8
397,40,W,0,Male,clvr_cost_0.1_intro_0.2_8
398,41,W,0,Male,clvr_cost_0.1_intro_0.2_8
399,42,W,0,Male,clvr_cost_0.1_intro_0.2_8
400,43,W,0,Male,clvr_cost_0.1_intro_0.2_8
401,44,W,0,Male,clvr_cost_0.1_intro_0.2_8
402,45,W,0,Male,clvr_cost_0.1_intro_0.2_8
403,46,W,0,Male,clvr_cost_0.1_intro_0.2_8
404,47,W,0,Male,clvr_cost_0.1_intro_0.2_8
405,48,W,0,Male,clvr_cost_0.1_intro_0.2_8
406,49,W,0,Male,clvr_cost_0.1_intro_0.2_8
407,50,W,0,Male,clvr_cost_0.1_intro_0.2_8
,Generation,Allele,Count,Sex,Run
0,0,C,0,Female,clvr_cost_0.1_intro_0.2_9
1,1,C,1190,Female,clvr_cost_0.1_intro_0.2_9
2,2,C,1711,Female,clvr_cost_0.1_intro_0.2_9
3,3,C,2409,Female,clvr_cost_0.1_intro_0.2_9
4,4,C,3143,Female,clvr_cost_0.1_intro_0.2_9
5,5,C,4118,Female,clvr_cost_0.1_intro_0.2_9
6,6,C,5232,Female,clvr_cost_0.1_intro_0.2_9
7,7,C,6573,Female,clvr_cost_0.1_intro_0.2_9
8,8,C,8009,Female,clvr_cost_0.1_intro_0.2_9
9,9,C,8368,Female,clvr_cost_0.1_intro_0.2_9
10,10,C,8671,Female,clvr_cost_0.1_intro_0.2_9
11,11,C,8734,Female,clvr_cost_0.1_intro_0.2_9
12,12,C,8564,Female,clvr_cost_0.1_intro_0.2_9
13,13,C,8574,Female,clvr_cost_0.1_intro_0.2_9
14,14,C,8850,Female,clvr_cost_0.1_intro_0.2_9
15,15,C,8750,Female,clvr_cost_0.1_intro_0.2_9
16,16,C,8686,Female,clvr_cost_0.1_intro_0.2_9
17,17,C,8806,Female,clvr_cost_0.1_intro_0.2_9
18,18,C,8686,Female,clvr_cost_0.1_intro_0.2_9
19,19,C,8652,Female,clvr_cost_0.1_intro_0.2_9
20,20,C,8774,Female,clvr_cost_0.1_intro_0.2_9
21,21,C,8658,Female,clvr_cost_0.1_intro_0.2_9
22,22,C,9044,Female,clvr_cost_0.1_intro_0.2_9
23,23,C,8726,Female,clvr_cost_0.1_intro_0.2_9
24,24,C,8728,Female,clvr_cost_0.1_intro_0.2_9
25,25,C,8454,Female,clvr_cost_0.1_intro_0.2_9
26,26,C,8550,Female,clvr_cost_0.1_intro_0.2_9
27,27,C,8890,Female,clvr_cost_0.1_intro_0.2_9
28,28,C,8734,Female,clvr_cost_0.1_intro_0.2_9
29,29,C,8980,Female,clvr_cost_0.1_intro_0.2_9
30,30,C,8634,Female,clvr_cost_0.1_intro_0.2_9
31,31,C,8794,Female,clvr_cost_0.1_intro_0.2_9
32,32,C,8784,Female,clvr_cost_0.1_intro_0.2_9
33,33,C,8632,Female,clvr_cost_0.1_intro_0.2_9
34,34,C,8770,Female,clvr_cost_0.1_intro_0.2_9
35,35,C,8626,Female,clvr_cost_0.1_intro_0.2_9
36,36,C,8770,Female,clvr_cost_0.1_intro_0.2_9
37,37,C,8850,Female,clvr_cost_0.1_intro_0.2_9
38,38,C,8790,Female,clvr_cost_0.1_intro_0.2_9
39,39,C,8718,Female,clvr_cost_0.1_intro_0.2_9
40,40,C,8578,Female,clvr_cost_0.1_intro_0.2_9
41,41,C,8820,Female,clvr_cost_0.1_intro_0.2_9
42,42,C,8864,Female,clvr_cost_0.1_intro_0.2_9
43,43,C,8894,Female,clvr_cost_0.1_intro_0.2_9
44,44,C,8558,Female,clvr_cost_0.1_intro_0.2_9
45,45,C,8800,Female,clvr_cost_0.1_intro_0.2_9
46,46,C,8794,Female,clvr_cost_0.1_intro_0.2_9
47,47,C,8834,Female,clvr_cost_0.1_intro_0.2_9
48,48,C,8640,Female,clvr_cost_0.1_intro_0.2_9
49,49,C,8650,Female,clvr_cost_0.1_intro_0.2_9
50,50,C,8652,Female,clvr_cost_0.1_intro_0.2_9
51,0,A,10000,Female,clvr_cost_0.1_intro_0.2_9
52,1,A,7376,Female,clvr_cost_0.1_intro_0.2_9
53,2,A,6481,Female,clvr_cost_0.1_intro_0.2_9
54,3,A,5475,Female,clvr_cost_0.1_intro_0.2_9
55,4,A,4035,Female,clvr_cost_0.1_intro_0.2_9
56,5,A,2692,Female,clvr_cost_0.1_intro_0.2_9
57,6,A,1282,Female,clvr_cost_0.1_intro_0.2_9
58,7,A,299,Female,clvr_cost_0.1_intro_0.2_9
59,8,A,43,Female,clvr_cost_0.1_intro_0.2_9
60,9,A,0,Female,clvr_cost_0.1_intro_0.2_9
61,10,A,1,Female,clvr_cost_0.1_intro_0.2_9
62,11,A,0,Female,clvr_cost_0.1_intro_0.2_9
63,12,A,0,Female,clvr_cost_0.1_intro_0.2_9
64,13,A,0,Female,clvr_cost_0.1_intro_0.2_9
65,14,A,0,Female,clvr_cost_0.1_intro_0.2_9
66,15,A,0,Female,clvr_cost_0.1_intro_0.2_9
67,16,A,0,Female,clvr_cost_0.1_intro_0.2_9
68,17,A,0,Female,clvr_cost_0.1_intro_0.2_9
69,18,A,0,Female,clvr_cost_0.1_intro_0.2_9
70,19,A,0,Female,clvr_cost_0.1_intro_0.2_9
71,20,A,0,Female,clvr_cost_0.1_intro_0.2_9
72,21,A,0,Female,clvr_cost_0.1_intro_0.2_9
73,22,A,0,Female,clvr_cost_0.1_intro_0.2_9
74,23,A,0,Female,clvr_cost_0.1_intro_0.2_9
75,24,A,0,Female,clvr_cost_0.1_intro_0.2_9
76,25,A,0,Female,clvr_cost_0.1_intro_0.2_9
77,26,A,0,Female,clvr_cost_0.1_intro_0.2_9
78,27,A,0,Female,clvr_cost_0.1_intro_0.2_9
79,28,A,0,Female,clvr_cost_0.1_intro_0.2_9
80,29,A,0,Female,clvr_cost_0.1_intro_0.2_9
81,30,A,0,Female,clvr_cost_0.1_intro_0.2_9
82,31,A,0,Female,clvr_cost_0.1_intro_0.2_9
83,32,A,0,Female,clvr_cost_0.1_intro_0.2_9
84,33,A,0,Female,clvr_cost_0.1_intro_0.2_9
85,34,A,0,Female,clvr_cost_0.1_intro_0.2_9
86,35,A,0,Female,clvr_cost_0.1_intro_0.2_9
87,36,A,0,Female,clvr_cost_0.1_intro_0.2_9
88,37,A,0,Female,clvr_cost_0.1_intro_0.2_9
89,38,A,0,Female,clvr_cost_0.1_intro_0.2_9
90,39,A,0,Female,clvr_cost_0.1_intro_0.2_9
91,40,A,0,Female,clvr_cost_0.1_intro_0.2_9
92,41,A,0,Female,clvr_cost_0.1_intro_0.2_9
93,42,A,0,Female,clvr_cost_0.1_intro_0.2_9
94,43,A,0,Female,clvr_cost_0.1_intro_0.2_9
95,44,A,0,Female,clvr_cost_0.1_intro_0.2_9
96,45,A,0,Female,clvr_cost_0.1_intro_0.2_9
97,46,A,0,Female,clvr_cost_0.1_intro_0.2_9
98,47,A,0,Female,clvr_cost_0.1_intro_0.2_9
99,48,A,0,Female,clvr_cost_0.1_intro_0.2_9
100,49,A,0,Female,clvr_cost_0.1_intro_0.2_9
101,50,A,0,Female,clvr_cost_0.1_intro_0.2_9
102,0,V,0,Female,clvr_cost_0.1_intro_0.2_9
103,1,V,1190,Female,clvr_cost_0.1_intro_0.2_9
104,2,V,1755,Female,clvr_cost_0.1_intro_0.2_9
105,3,V,2468,Female,clvr_cost_0.1_intro_0.2_9
106,4,V,3212,Female,clvr_cost_0.1_intro_0.2_9
107,5,V,4188,Female,clvr_cost_0.1_intro_0.2_9
108,6,V,5294,Female,clvr_cost_0.1_intro_0.2_9
109,7,V,6621,Female,clvr_cost_0.1_intro_0.2_9
110,8,V,8027,Female,clvr_cost_0.1_intro_0.2_9
111,9,V,8368,Female,clvr_cost_0.1_intro_0.2_9
112,10,V,8671,Female,clvr_cost_0.1_intro_0.2_9
113,11,V,8734,Female,clvr_cost_0.1_intro_0.2_9
114,12,V,8564,Female,clvr_cost_0.1_intro_0.2_9
115,13,V,8574,Female,clvr_cost_0.1_intro_0.2_9
116,14,V,8850,Female,clvr_cost_0.1_intro_0.2_9
117,15,V,8750,Female,clvr_cost_0.1_intro_0.2_9
118,16,V,8686,Female,clvr_cost_0.1_intro_0.2_9
119,17,V,8806,Female,clvr_cost_0.1_intro_0.2_9
120,18,V,8686,Female,clvr_cost_0.1_intro_0.2_9
121,19,V,8652,Female,clvr_cost_0.1_intro_0.2_9
122,20,V,8774,Female,clvr_cost_0.1_intro_0.2_9
123,21,V,8658,Female,clvr_cost_0.1_intro_0.2_9
124,22,V,9044,Female,clvr_cost_0.1_intro_0.2_9
125,23,V,8726,Female,clvr_cost_0.1_intro_0.2_9
126,24,V,8728,Female,clvr_cost_0.1_intro_0.2_9
127,25,V,8454,Female,clvr_cost_0.1_intro_0.2_9
128,26,V,8550,Female,clvr_cost_0.1_intro_0.2_9
129,27,V,8890,Female,clvr_cost_0.1_intro_0.2_9
130,28,V,8734,Female,clvr_cost_0.1_intro_0.2_9
131,29,V,8980,Female,clvr_cost_0.1_intro_0.2_9
132,30,V,8634,Female,clvr_cost_0.1_intro_0.2_9
133,31,V,8794,Female,clvr_cost_0.1_intro_0.2_9
134,32,V,8784,Female,clvr_cost_0.1_intro_0.2_9
135,33,V,8632,Female,clvr_cost_0.1_intro_0.2_9
136,34,V,8770,Female,clvr_cost_0.1_intro_0.2_9
137,35,V,8626,Female,clvr_cost_0.1_intro_0.2_9
138,36,V,8770,Female,clvr_cost_0.1_intro_0.2_9
139,37,V,8850,Female,clvr_cost_0.1_intro_0.2_9
140,38,V,8790,Female,clvr_cost_0.1_intro_0.2_9
141,39,V,8718,Female,clvr_cost_0.1_intro_0.2_9
142,40,V,8578,Female,clvr_cost_0.1_intro_0.2_9
143,41,V,8820,Female,clvr_cost_0.1_intro_0.2_9
144,42,V,8864,Female,clvr_cost_0.1_intro_0.2_9
145,43,V,8894,Female,clvr_cost_0.1_intro_0.2_9
146,44,V,8558,Female,clvr_cost_0.1_intro_0.2_9
147,45,V,8800,Female,clvr_cost_0.1_intro_0.2_9
148,46,V,8794,Female,clvr_cost_0.1_intro_0.2_9
149,47,V,8834,Female,clvr_cost_0.1_intro_0.2_9
150,48,V,8640,Female,clvr_cost_0.1_intro_0.2_9
151,49,V,8650,Female,clvr_cost_0.1_intro_0.2_9
152,50,V,8652,Female,clvr_cost_0.1_intro_0.2_9
153,0,W,10000,Female,clvr_cost_0.1_intro_0.2_9
154,1,W,7376,Female,clvr_cost_0.1_intro_0.2_9
155,2,W,6437,Female,clvr_cost_0.1_intro_0.2_9
156,3,W,5416,Female,clvr_cost_0.1_intro_0.2_9
157,4,W,3966,Female,clvr_cost_0.1_intro_0.2_9
158,5,W,2622,Female,clvr_cost_0.1_intro_0.2_9
159,6,W,1220,Female,clvr_cost_0.1_intro_0.2_9
160,7,W,251,Female,clvr_cost_0.1_intro_0.2_9
161,8,W,25,Female,clvr_cost_0.1_intro_0.2_9
162,9,W,0,Female,clvr_cost_0.1_intro_0.2_9
163,10,W,1,Female,clvr_cost_0.1_intro_0.2_9
164,11,W,0,Female,clvr_cost_0.1_intro_0.2_9
165,12,W,0,Female,clvr_cost_0.1_intro_0.2_9
166,13,W,0,Female,clvr_cost_0.1_intro_0.2_9
167,14,W,0,Female,clvr_cost_0.1_intro_0.2_9
168,15,W,0,Female,clvr_cost_0.1_intro_0.2_9
169,16,W,0,Female,clvr_cost_0.1_intro_0.2_9
170,17,W,0,Female,clvr_cost_0.1_intro_0.2_9
171,18,W,0,Female,clvr_cost_0.1_intro_0.2_9
172,19,W,0,Female,clvr_cost_0.1_intro_0.2_9
173,20,W,0,Female,clvr_cost_0.1_intro_0.2_9
174,21,W,0,Female,clvr_cost_0.1_intro_0.2_9
175,22,W,0,Female,clvr_cost_0.1_intro_0.2_9
176,23,W,0,Female,clvr_cost_0.1_intro_0.2_9
177,24,W,0,Female,clvr_cost_0.1_intro_0.2_9
178,25,W,0,Female,clvr_cost_0.1_intro_0.2_9
179,26,W,0,Female,clvr_cost_0.1_intro_0.2_9
180,27,W,0,Female,clvr_cost_0.1_intro_0.2_9
181,28,W,0,Female,clvr_cost_0.1_intro_0.2_9
182,29,W,0,Female,clvr_cost_0.1_intro_0.2_9
183,30,W,0,Female,clvr_cost_0.1_intro_0.2_9
184,31,W,0,Female,clvr_cost_0.1_intro_0.2_9
185,32,W,0,Female,clvr_cost_0.1_intro_0.2_9
186,33,W,0,Female,clvr_cost_0.1_intro_0.2_9
187,34,W,0,Female,clvr_cost_0.1_intro_0.2_9
188,35,W,0,Female,clvr_cost_0.1_intro_0.2_9
189,36,W,0,Female,clvr_cost_0.1_intro_0.2_9
190,37,W,0,Female,clvr_cost_0.1_intro_0.2_9
191,38,W,0,Female,clvr_cost_0.1_intro_0.2_9
192,39,W,0,Female,clvr_cost_0.1_intro_0.2_9
193,40,W,0,Female,clvr_cost_0.1_intro_0.2_9
194,41,W,0,Female,clvr_cost_0.1_intro_0.2_9
195,42,W,0,Female,clvr_cost_0.1_intro_0.2_9
196,43,W,0,Female,clvr_cost_0.1_intro_0.2_9
197,44,W,0,Female,clvr_cost_0.1_intro_0.2_9
198,45,W,0,Female,clvr_cost_0.1_intro_0.2_9
199,46,W,0,Female,clvr_cost_0.1_intro_0.2_9
200,47,W,0,Female,clvr_cost_0.1_intro_0.2_9
201,48,W,0,Female,clvr_cost_0.1_intro_0.2_9
202,49,W,0,Female,clvr_cost_0.1_intro_0.2_9
203,50,W,0,Female,clvr_cost_0.1_intro_0.2_9
204,0,C,4000,Male,clvr_cost_0.1_intro_0.2_9
205,1,C,1222,Male,clvr_cost_0.1_intro_0.2_9
206,2,C,1696,Male,clvr_cost_0.1_intro_0.2_9
207,3,C,2366,Male,clvr_cost_0.1_intro_0.2_9
208,4,C,3107,Male,clvr_cost_0.1_intro_0.2_9
209,5,C,4152,Male,clvr_cost_0.1_intro_0.2_9
210,6,C,5336,Male,clvr_cost_0.1_intro_0.2_9
211,7,C,6676,Male,clvr_cost_0.1_intro_0.2_9
212,8,C,8098,Male,clvr_cost_0.1_intro_0.2_9
213,9,C,8666,Male,clvr_cost_0.1_intro_0.2_9
214,10,C,8751,Male,clvr_cost_0.1_intro_0.2_9
215,11,C,9070,Male,clvr_cost_0.1_intro_0.2_9
216,12,C,8778,Male,clvr_cost_0.1_intro_0.2_9
217,13,C,8816,Male,clvr_cost_0.1_intro_0.2_9
218,14,C,8982,Male,clvr_cost_0.1_intro_0.2_9
219,15,C,8766,Male,clvr_cost_0.1_intro_0.2_9
220,16,C,8756,Male,clvr_cost_0.1_intro_0.2_9
221,17,C,8870,Male,clvr_cost_0.1_intro_0.2_9
222,18,C,8916,Male,clvr_cost_0.1_intro_0.2_9
223,19,C,8746,Male,clvr_cost_0.1_intro_0.2_9
224,20,C,8822,Male,clvr_cost_0.1_intro_0.2_9
225,21,C,8770,Male,clvr_cost_0.1_intro_0.2_9
226,22,C,9084,Male,clvr_cost_0.1_intro_0.2_9
227,23,C,9134,Male,clvr_cost_0.1_intro_0.2_9
228,24,C,8730,Male,clvr_cost_0.1_intro_0.2_9
229,25,C,8890,Male,clvr_cost_0.1_intro_0.2_9
230,26,C,8570,Male,clvr_cost_0.1_intro_0.2_9
231,27,C,8952,Male,clvr_cost_0.1_intro_0.2_9
232,28,C,8906,Male,clvr_cost_0.1_intro_0.2_9
233,29,C,9020,Male,clvr_cost_0.1_intro_0.2_9
234,30,C,8780,Male,clvr_cost_0.1_intro_0.2_9
235,31,C,8816,Male,clvr_cost_0.1_intro_0.2_9
236,32,C,8844,Male,clvr_cost_0.1_intro_0.2_9
237,33,C,8912,Male,clvr_cost_0.1_intro_0.2_9
238,34,C,8984,Male,clvr_cost_0.1_intro_0.2_9
239,35,C,8796,Male,clvr_cost_0.1_intro_0.2_9
240,36,C,8846,Male,clvr_cost_0.1_intro_0.2_9
241,37,C,8852,Male,clvr_cost_0.1_intro_0.2_9
242,38,C,8816,Male,clvr_cost_0.1_intro_0.2_9
243,39,C,8894,Male,clvr_cost_0.1_intro_0.2_9
244,40,C,8812,Male,clvr_cost_0.1_intro_0.2_9
245,41,C,8852,Male,clvr_cost_0.1_intro_0.2_9
246,42,C,8920,Male,clvr_cost_0.1_intro_0.2_9
247,43,C,9078,Male,clvr_cost_0.1_intro_0.2_9
248,44,C,8710,Male,clvr_cost_0.1_intro_0.2_9
249,45,C,8824,Male,clvr_cost_0.1_intro_0.2_9
250,46,C,8880,Male,clvr_cost_0.1_intro_0.2_9
251,47,C,8880,Male,clvr_cost_0.1_intro_0.2_9
252,48,C,9014,Male,clvr_cost_0.1_intro_0.2_9
253,49,C,8804,Male,clvr_cost_0.1_intro_0.2_9
254,50,C,8858,Male,clvr_cost_0.1_intro_0.2_9
255,0,A,10000,Male,clvr_cost_0.1_intro_0.2_9
256,1,A,7414,Male,clvr_cost_0.1_intro_0.2_9
257,2,A,6508,Male,clvr_cost_0.1_intro_0.2_9
258,3,A,5530,Male,clvr_cost_0.1_intro_0.2_9
259,4,A,4077,Male,clvr_cost_0.1_intro_0.2_9
260,5,A,2700,Male,clvr_cost_0.1_intro_0.2_9
261,6,A,1312,Male,clvr_cost_0.1_intro_0.2_9
262,7,A,330,Male,clvr_cost_0.1_intro_0.2_9
263,8,A,28,Male,clvr_cost_0.1_intro_0.2_9
264,9,A,2,Male,clvr_cost_0.1_intro_0.2_9
265,10,A,1,Male,clvr_cost_0.1_intro_0.2_9
266,11,A,0,Male,clvr_cost_0.1_intro_0.2_9
267,12,A,0,Male,clvr_cost_0.1_intro_0.2_9
268,13,A,0,Male,clvr_cost_0.1_intro_0.2_9
269,14,A,0,Male,clvr_cost_0.1_intro_0.2_9
270,15,A,0,Male,clvr_cost_0.1_intro_0.2_9
271,16,A,0,Male,clvr_cost_0.1_intro_0.2_9
272,17,A,0,Male,clvr_cost_0.1_intro_0.2_9
273,18,A,0,Male,clvr_cost_0.1_intro_0.2_9
274,19,A,0,Male,clvr_cost_0.1_intro_0.2_9
275,20,A,0,Male,clvr_cost_0.1_intro_0.2_9
276,21,A,0,Male,clvr_cost_0.1_intro_0.2_9
277,22,A,0,Male,clvr_cost_0.1_intro_0.2_9
278,23,A,0,Male,clvr_cost_0.1_intro_0.2_9
279,24,A,0,Male,clvr_cost_0.1_intro_0.2_9
280,25,A,0,Male,clvr_cost_0.1_intro_0.2_9
281,26,A,0,Male,clvr_cost_0.1_intro_0.2_9
282,27,A,0,Male,clvr_cost_0.1_intro_0.2_9
283,28,A,0,Male,clvr_cost_0.1_intro_0.2_9
284,29,A,0,Male,clvr_cost_0.1_intro_0.2_9
285,30,A,0,Male,clvr_cost_0.1_intro_0.2_9
286,31,A,0,Male,clvr_cost_0.1_intro_0.2_9
287,32,A,0,Male,clvr_cost_0.1_intro_0.2_9
288,33,A,0,Male,clvr_cost_0.1_intro_0.2_9
289,34,A,0,Male,clvr_cost_0.1_intro_0.2_9
290,35,A,0,Male,clvr_cost_0.1_intro_0.2_9
291,36,A,0,Male,clvr_cost_0.1_intro_0.2_9
292,37,A,0,Male,clvr_cost_0.1_intro_0.2_9
293,38,A,0,Male,clvr_cost_0.1_intro_0.2_9
294,39,A,0,Male,clvr_cost_0.1_intro_0.2_9
295,40,A,0,Male,clvr_cost_0.1_intro_0.2_9
296,41,A,0,Male,clvr_cost_0.1_intro_0.2_9
297,42,A,0,Male,clvr_cost_0.1_intro_0.2_9
298,43,A,0,Male,clvr_cost_0.1_intro_0.2_9
299,44,A,0,Male,clvr_cost_0.1_intro_0.2_9
300,45,A,0,Male,clvr_cost_0.1_intro_0.2_9
301,46,A,0,Male,clvr_cost_0.1_intro_0.2_9
302,47,A,0,Male,clvr_cost_0.1_intro_0.2_9
303,48,A,0,Male,clvr_cost_0.1_intro_0.2_9
304,49,A,0,Male,clvr_cost_0.1_intro_0.2_9
305,50,A,0,Male,clvr_cost_0.1_intro_0.2_9
306,0,V,4000,Male,clvr_cost_0.1_intro_0.2_9
307,1,V,1222,Male,clvr_cost_0.1_intro_0.2_9
308,2,V,1742,Male,clvr_cost_0.1_intro_0.2_9
309,3,V,2418,Male,clvr_cost_0.1_intro_0.2_9
310,4,V,3157,Male,clvr_cost_0.1_intro_0.2_9
311,5,V,4221,Male,clvr_cost_0.1_intro_0.2_9
312,6,V,5407,Male,clvr_cost_0.1_intro_0.2_9
313,7,V,6727,Male,clvr_cost_0.1_intro_0.2_9
314,8,V,8112,Male,clvr_cost_0.1_intro_0.2_9
315,9,V,8667,Male,clvr_cost_0.1_intro_0.2_9
316,10,V,8751,Male,clvr_cost_0.1_intro_0.2_9
317,11,V,9070,Male,clvr_cost_0.1_intro_0.2_9
318,12,V,8778,Male,clvr_cost_0.1_intro_0.2_9
319,13,V,8816,Male,clvr_cost_0.1_intro_0.2_9
320,14,V,8982,Male,clvr_cost_0.1_intro_0.2_9
321,15,V,8766,Male,clvr_cost_0.1_intro_0.2_9
322,16,V,8756,Male,clvr_cost_0.1_intro_0.2_9
323,17,V,8870,Male,clvr_cost_0.1_intro_0.2_9
324,18,V,8916,Male,clvr_cost_0.1_intro_0.2_9
325,19,V,8746,Male,clvr_cost_0.1_intro_0.2_9
326,20,V,8822,Male,clvr_cost_0.1_intro_0.2_9
327,21,V,8770,Male,clvr_cost_0.1_intro_0.2_9
328,22,V,9084,Male,clvr_cost_0.1_intro_0.2_9
329,23,V,9134,Male,clvr_cost_0.1_intro_0.2_9
330,24,V,8730,Male,clvr_cost_0.1_intro_0.2_9
331,25,V,8890,Male,clvr_cost_0.1_intro_0.2_9
332,26,V,8570,Male,clvr_cost_0.1_intro_0.2_9
333,27,V,8952,Male,clvr_cost_0.1_intro_0.2_9
334,28,V,8906,Male,clvr_cost_0.1_intro_0.2_9
335,29,V,9020,Male,clvr_cost_0.1_intro_0.2_9
336,30,V,8780,Male,clvr_cost_0.1_intro_0.2_9
337,31,V,8816,Male,clvr_cost_0.1_intro_0.2_9
338,32,V,8844,Male,clvr_cost_0.1_intro_0.2_9
339,33,V,8912,Male,clvr_cost_0.1_intro_0.2_9
340,34,V,8984,Male,clvr_cost_0.1_intro_0.2_9
341,35,V,8796,Male,clvr_cost_0.1_intro_0.2_9
342,36,V,8846,Male,clvr_cost_0.1_intro_0.2_9
343,37,V,8852,Male,clvr_cost_0.1_intro_0.2_9
344,38,V,8816,Male,clvr_cost_0.1_intro_0.2_9
345,39,V,8894,Male,clvr_cost_0.1_intro_0.2_9
346,40,V,8812,Male,clvr_cost_0.1_intro_0.2_9
347,41,V,8852,Male,clvr_cost_0.1_intro_0.2_9
348,42,V,8920,Male,clvr_cost_0.1_intro_0.2_9
349,43,V,9078,Male,clvr_cost_0.1_intro_0.2_9
350,44,V,8710,Male,clvr_cost_0.1_intro_0.2_9
351,45,V,8824,Male,clvr_cost_0.1_intro_0.2_9
352,46,V,8880,Male,clvr_cost_0.1_intro_0.2_9
353,47,V,8880,Male,clvr_cost_0.1_intro_0.2_9
354,48,V,9014,Male,clvr_cost_0.1_intro_0.2_9
355,49,V,8804,Male,clvr_cost_0.1_intro_0.2_9
356,50,V,8858,Male,clvr_cost_0.1_intro_0.2_9
357,0,W,10000,Male,clvr_cost_0.1_intro_0.2_9
358,1,W,7414,Male,clvr_cost_0.1_intro_0.2_9
359,2,W,6462,Male,clvr_cost_0.1_intro_0.2_9
360,3,W,5478,Male,clvr_cost_0.1_intro_0.2_9
361,4,W,4027,Male,clvr_cost_0.1_intro_0.2_9
362,5,W,2631,Male,clvr_cost_0.1_intro_0.2_9
363,6,W,1241,Male,clvr_cost_0.1_intro_0.2_9
364,7,W,279,Male,clvr_cost_0.1_intro_0.2_9
365,8,W,14,Male,clvr_cost_0.1_intro_0.2_9
366,9,W,1,Male,clvr_cost_0.1_intro_0.2_9
367,10,W,1,Male,clvr_cost_0.1_intro_0.2_9
368,11,W,0,Male,clvr_cost_0.1_intro_0.2_9
369,12,W,0,Male,clvr_cost_0.1_intro_0.2_9
370,13,W,0,Male,clvr_cost_0.1_intro_0.2_9
371,14,W,0,Male,clvr_cost_0.1_intro_0.2_9
372,15,W,0,Male,clvr_cost_0.1_intro_0.2_9
373,16,W,0,Male,clvr_cost_0.1_intro_0.2_9
374,17,W,0,Male,clvr_cost_0.1_intro_0.2_9
375,18,W,0,Male,clvr_cost_0.1_intro_0.2_9
376,19,W,0,Male,clvr_cost_0.1_intro_0.2_9
377,20,W,0,Male,clvr_cost_0.1_intro_0.2_9
378,21,W,0,Male,clvr_cost_0.1_intro_0.2_9
379,22,W,0,Male,clvr_cost_0.1_intro_0.2_9
380,23,W,0,Male,clvr_cost_0.1_intro_0.2_9
381,24,W,0,Male,clvr_cost_0.1_intro_0.2_9
382,25,W,0,Male,clvr_cost_0.1_intro_0.2_9
383,26,W,0,Male,clvr_cost_0.1_intro_0.2_9
384,27,W,0,Male,clvr_cost_0.1_intro_0.2_9
385,28,W,0,Male,clvr_cost_0.1_intro_0.2_9
386,29,W,0,Male,clvr_cost_0.1_intro_0.2_9
387,30,W,0,Male,clvr_cost_0.1_intro_0.2_9
388,31,W,0,Male,clvr_cost_0.1_intro_0.2_9
389,32,W,0,Male,clvr_cost_0.1_intro_0.2_9
390,33,W,0,Male,clvr_cost_0.1_intro_0.2_9
391,34,W,0,Male,clvr_cost_0.1_intro_0.2_9
392,35,W,0,Male,clvr_cost_0.1_intro_0.2_9
393,36,W,0,Male,clvr_cost_0.1_intro_0.2_9
394,37,W,0,Male,clvr_cost_0.1_intro_0.2_9
395,38,W,0,Male,clvr_cost_0.1_intro_0.2_9
396,39,W,0,Male,clvr_cost_0.1_intro_0.2_9
397,40,W,0,Male,clvr_cost_0.1_intro_0.2_9
398,41,W,0,Male,clvr_cost_0.1_intro_0.2_9
399,42,W,0,Male,clvr_cost_0.1_intro_0.2_9
400,43,W,0,Male,clvr_cost_0.1_intro_0.2_9
401,44,W,0,Male,clvr_cost_0.1_intro_0.2_9
402,45,W,0,Male,clvr_cost_0.1_intro_0.2_9
403,46,W,0,Male,clvr_cost_0.1_intro_0.2_9
404,47,W,0,Male,clvr_cost_0.1_intro_0.2_9
405,48,W,0,Male,clvr_cost_0.1_intro_0.2_9
406,49,W,0,Male,clvr_cost_0.1_intro_0.2_9
407,50,W,0,Male,clvr_cost_0.1_intro_0.2_9
,Generation,Allele,Count,Sex,Run
0,0,C,0,Female,clvr_cost_0.1_intro_0.2_10
1,1,C,1306,Female,clvr_cost_0.1_intro_0.2_10
2,2,C,1692,Female,clvr_cost_0.1_intro_0.2_10
3,3,C,2321,Female,clvr_cost_0.1_intro_0.2_10
4,4,C,3073,Female,clvr_cost_0.1_intro_0.2_10
5,5,C,3996,Female,clvr_cost_0.1_intro_0.2_10
6,6,C,5250,Female,clvr_cost_0.1_intro_0.2_10
7,7,C,6734,Female,clvr_cost_0.1_intro_0.2_10
8,8,C,8157,Female,clvr_cost_0.1_intro_0.2_10
9,9,C,8459,Female,clvr_cost_0.1_intro_0.2_10
10,10,C,8584,Female,clvr_cost_0.1_intro_0.2_10
11,11,C,8492,Female,clvr_cost_0.1_intro_0.2_10
12,12,C,8712,Female,clvr_cost_0.1_intro_0.2_10
13,13,C,8624,Female,clvr_cost_0.1_intro_0.2_10
14,14,C,8898,Female,clvr_cost_0.1_intro_0.2_10
15,15,C,9058,Female,clvr_cost_0.1_intro_0.2_10
16,16,C,8836,Female,clvr_cost_0.1_intro_0.2_10
17,17,C,8782,Female,clvr_cost_0.1_intro_0.2_10
18,18,C,8702,Female,clvr_cost_0.1_intro_0.2_10
19,19,C,8786,Female,clvr_cost_0.1_intro_0.2_10
20,20,C,8974,Female,clvr_cost_0.1_intro_0.2_10
21,21,C,9086,Female,clvr_cost_0.1_intro_0.2_10
22,22,C,8662,Female,clvr_cost_0.1_intro_0.2_10
23,23,C,8614,Female,clvr_cost_0.1_intro_0.2_10
24,24,C,8808,Female,clvr_cost_0.1_intro_0.2_10
25,25,C,8790,Female,clvr_cost_0.1_intro_0.2_10
26,26,C,8606,Female,clvr_cost_0.1_intro_0.2_10
27,27,C,8716,Female,clvr_cost_0.1_intro_0.2_10
28,28,C,8826,Female,clvr_cost_0.1_intro_0.2_10
29,29,C,8740,Female,clvr_cost_0.1_intro_0.2_10
30,30,C,8796,Female,clvr_cost_0.1_intro_0.2_10
31,31,C,8780,Female,clvr_cost_0.1_intro_0.2_10
32,32,C,8654,Female,clvr_cost_0.1_intro_0.2_10
33,33,C,8750,Female,clvr_cost_0.1_intro_0.2_10
34,34,C,8808,Female,clvr_cost_0.1_intro_0.2_10
35,35,C,8680,Female,clvr_cost_0.1_intro_0.2_10
36,36,C,8624,Female,clvr_cost_0.1_intro_0.2_10
37,37,C,8620,Female,clvr_cost_0.1_intro_0.2_10
38,38,C,8848,Female,clvr_cost_0.1_intro_0.2_10
39,39,C,8876,Female,clvr_cost_0.1_intro_0.2_10
40,40,C,8834,Female,clvr_cost_0.1_intro_0.2_10
41,41,C,8706,Female,clvr_cost_0.1_intro_0.2_10
42,42,C,8878,Female,clvr_cost_0.1_intro_0.2_10
43,43,C,8930,Female,clvr_cost_0.1_intro_0.2_10
44,44,C,8758,Female,clvr_cost_0.1_intro_0.2_10
45,45,C,8698,Female,clvr_cost_0.1_intro_0.2_10
46,46,C,8754,Female,clvr_cost_0.1_intro_0.2_10
47,47,C,8682,Female,clvr_cost_0.1_intro_0.2_10
48,48,C,8788,Female,clvr_cost_0.1_intro_0.2_10
49,49,C,8732,Female,clvr_cost_0.1_intro_0.2_10
50,50,C,8590,Female,clvr_cost_0.1_intro_0.2_10
51,0,A,10000,Female,clvr_cost_0.1_intro_0.2_10
52,1,A,7600,Female,clvr_cost_0.1_intro_0.2_10
53,2,A,6502,Female,clvr_cost_0.1_intro_0.2_10
54,3,A,5429,Female,clvr_cost_0.1_intro_0.2_10
55,4,A,4035,Female,clvr_cost_0.1_intro_0.2_10
56,5,A,2498,Female,clvr_cost_0.1_intro_0.2_10
57,6,A,1130,Female,clvr_cost_0.1_intro_0.2_10
58,7,A,278,Female,clvr_cost_0.1_intro_0.2_10
59,8,A,37,Female,clvr_cost_0.1_intro_0.2_10
60,9,A,3,Female,clvr_cost_0.1_intro_0.2_10
61,10,A,0,Female,clvr_cost_0.1_intro_0.2_10
62,11,A,0,Female,clvr_cost_0.1_intro_0.2_10
63,12,A,0,Female,clvr_cost_0.1_intro_0.2_10
64,13,A,0,Female,clvr_cost_0.1_intro_0.2_10
65,14,A,0,Female,clvr_cost_0.1_intro_0.2_10
66,15,A,0,Female,clvr_cost_0.1_intro_0.2_10
67,16,A,0,Female,clvr_cost_0.1_intro_0.2_10
68,17,A,0,Female,clvr_cost_0.1_intro_0.2_10
69,18,A,0,Female,clvr_cost_0.1_intro_0.2_10
70,19,A,0,Female,clvr_cost_0.1_intro_0.2_10
71,20,A,0,Female,clvr_cost_0.1_intro_0.2_10
72,21,A,0,Female,clvr_cost_0.1_intro_0.2_10
73,22,A,0,Female,clvr_cost_0.1_intro_0.2_10
74,23,A,0,Female,clvr_cost_0.1_intro_0.2_10
75,24,A,0,Female,clvr_cost_0.1_intro_0.2_10
76,25,A,0,Female,clvr_cost_0.1_intro_0.2_10
77,26,A,0,Female,clvr_cost_0.1_intro_0.2_10
78,27,A,0,Female,clvr_cost_0.1_intro_0.2_10
79,28,A,0,Female,clvr_cost_0.1_intro_0.2_10
80,29,A,0,Female,clvr_cost_0.1_intro_0.2_10
81,30,A,0,Female,clvr_cost_0.1_intro_0.2_10
82,31,A,0,Female,clvr_cost_0.1_intro_0.2_10
83,32,A,0,Female,clvr_cost_0.1_intro_0.2_10
84,33,A,0,Female,clvr_cost_0.1_intro_0.2_10
85,34,A,0,Female,clvr_cost_0.1_intro_0.2_10
86,35,A,0,Female,clvr_cost_0.1_intro_0.2_10
87,36,A,0,Female,clvr_cost_0.1_intro_0.2_10
88,37,A,0,Female,clvr_cost_0.1_intro_0.2_10
89,38,A,0,Female,clvr_cost_0.1_intro_0.2_10
90,39,A,0,Female,clvr_cost_0.1_intro_0.2_10
91,40,A,0,Female,clvr_cost_0.1_intro_0.2_10
92,41,A,0,Female,clvr_cost_0.1_intro_0.2_10
93,42,A,0,Female,clvr_cost_0.1_intro_0.2_10
94,43,A,0,Female,clvr_cost_0.1_intro_0.2_10
95,44,A,0,Female,clvr_cost_0.1_intro_0.2_10
96,45,A,0,Female,clvr_cost_0.1_intro_0.2_10
97,46,A,0,Female,clvr_cost_0.1_intro_0.2_10
98,47,A,0,Female,clvr_cost_0.1_intro_0.2_10
99,48,A,0,Female,clvr_cost_0.1_intro_0.2_10
100,49,A,0,Female,clvr_cost_0.1_intro_0.2_10
101,50,A,0,Female,clvr_cost_0.1_intro_0.2_10
102,0,V,0,Female,clvr_cost_0.1_intro_0.2_10
103,1,V,1306,Female,clvr_cost_0.1_intro_0.2_10
104,2,V,1733,Female,clvr_cost_0.1_intro_0.2_10
105,3,V,2372,Female,clvr_cost_0.1_intro_0.2_10
106,4,V,3128,Female,clvr_cost_0.1_intro_0.2_10
107,5,V,4066,Female,clvr_cost_0.1_intro_0.2_10
108,6,V,5301,Female,clvr_cost_0.1_intro_0.2_10
109,7,V,6783,Female,clvr_cost_0.1_intro_0.2_10
110,8,V,8176,Female,clvr_cost_0.1_intro_0.2_10
111,9,V,8461,Female,clvr_cost_0.1_intro_0.2_10
112,10,V,8584,Female,clvr_cost_0.1_intro_0.2_10
113,11,V,8492,Female,clvr_cost_0.1_intro_0.2_10
114,12,V,8712,Female,clvr_cost_0.1_intro_0.2_10
115,13,V,8624,Female,clvr_cost_0.1_intro_0.2_10
116,14,V,8898,Female,clvr_cost_0.1_intro_0.2_10
117,15,V,9058,Female,clvr_cost_0.1_intro_0.2_10
118,16,V,8836,Female,clvr_cost_0.1_intro_0.2_10
119,17,V,8782,Female,clvr_cost_0.1_intro_0.2_10
120,18,V,8702,Female,clvr_cost_0.1_intro_0.2_10
121,19,V,8786,Female,clvr_cost_0.1_intro_0.2_10
122,20,V,8974,Female,clvr_cost_0.1_intro_0.2_10
123,21,V,9086,Female,clvr_cost_0.1_intro_0.2_10
124,22,V,8662,Female,clvr_cost_0.1_intro_0.2_10
125,23,V,8614,Female,clvr_cost_0.1_intro_0.2_10
126,24,V,8808,Female,clvr_cost_0.1_intro_0.2_10
127,25,V,8790,Female,clvr_cost_0.1_intro_0.2_10
128,26,V,8606,Female,clvr_cost_0.1_intro_0.2_10
129,27,V,8716,Female,clvr_cost_0.1_intro_0.2_10
130,28,V,8826,Female,clvr_cost_0.1_intro_0.2_10
131,29,V,8740,Female,clvr_cost_0.1_intro_0.2_10
132,30,V,8796,Female,clvr_cost_0.1_intro_0.2_10
133,31,V,8780,Female,clvr_cost_0.1_intro_0.2_10
134,32,V,8654,Female,clvr_cost_0.1_intro_0.2_10
135,33,V,8750,Female,clvr_cost_0.1_intro_0.2_10
136,34,V,8808,Female,clvr_cost_0.1_intro_0.2_10
137,35,V,8680,Female,clvr_cost_0.1_intro_0.2_10
138,36,V,8624,Female,clvr_cost_0.1_intro_0.2_10
139,37,V,8620,Female,clvr_cost_0.1_intro_0.2_10
140,38,V,8848,Female,clvr_cost_0.1_intro_0.2_10
141,39,V,8876,Female,clvr_cost_0.1_intro_0.2_10
142,40,V,8834,Female,clvr_cost_0.1_intro_0.2_10
143,41,V,8706,Female,clvr_cost_0.1_intro_0.2_10
144,42,V,8878,Female,clvr_cost_0.1_intro_0.2_10
145,43,V,8930,Female,clvr_cost_0.1_intro_0.2_10
146,44,V,8758,Female,clvr_cost_0.1_intro_0.2_10
147,45,V,8698,Female,clvr_cost_0.1_intro_0.2_10
148,46,V,8754,Female,clvr_cost_0.1_intro_0.2_10
149,47,V,8682,Female,clvr_cost_0.1_intro_0.2_10
150,48,V,8788,Female,clvr_cost_0.1_intro_0.2_10
151,49,V,8732,Female,clvr_cost_0.1_intro_0.2_10
152,50,V,8590,Female,clvr_cost_0.1_intro_0.2_10
153,0,W,10000,Female,clvr_cost_0.1_intro_0.2_10
154,1,W,7600,Female,clvr_cost_0.1_intro_0.2_10
155,2,W,6461,Female,clvr_cost_0.1_intro_0.2_10
156,3,W,5378,Female,clvr_cost_0.1_intro_0.2_10
157,4,W,3980,Female,clvr_cost_0.1_intro_0.2_10
158,5,W,2428,Female,clvr_cost_0.1_intro_0.2_10
159,6,W,1079,Female,clvr_cost_0.1_intro_0.2_10
160,7,W,229,Female,clvr_cost_0.1_intro_0.2_10
161,8,W,18,Female,clvr_cost_0.1_intro_0.2_10
162,9,W,1,Female,clvr_cost_0.1_intro_0.2_10
163,10,W,0,Female,clvr_cost_0.1_intro_0.2_10
164,11,W,0,Female,clvr_cost_0.1_intro_0.2_10
165,12,W,0,Female,clvr_cost_0.1_intro_0.2_10
166,13,W,0,Female,clvr_cost_0.1_intro_0.2_10
167,14,W,0,Female,clvr_cost_0.1_intro_0.2_10
168,15,W,0,Female,clvr_cost_0.1_intro_0.2_10
169,16,W,0,Female,clvr_cost_0.1_intro_0.2_10
170,17,W,0,Female,clvr_cost_0.1_intro_0.2_10
171,18,W,0,Female,clvr_cost_0.1_intro_0.2_10
172,19,W,0,Female,clvr_cost_0.1_intro_0.2_10
173,20,W,0,Female,clvr_cost_0.1_intro_0.2_10
174,21,W,0,Female,clvr_cost_0.1_intro_0.2_10
175,22,W,0,Female,clvr_cost_0.1_intro_0.2_10
176,23,W,0,Female,clvr_cost_0.1_intro_0.2_10
177,24,W,0,Female,clvr_cost_0.1_intro_0.2_10
178,25,W,0,Female,clvr_cost_0.1_intro_0.2_10
179,26,W,0,Female,clvr_cost_0.1_intro_0.2_10
180,27,W,0,Female,clvr_cost_0.1_intro_0.2_10
181,28,W,0,Female,clvr_cost_0.1_intro_0.2_10
182,29,W,0,Female,clvr_cost_0.1_intro_0.2_10
183,30,W,0,Female,clvr_cost_0.1_intro_0.2_10
184,31,W,0,Female,clvr_cost_0.1_intro_0.2_10
185,32,W,0,Female,clvr_cost_0.1_intro_0.2_10
186,33,W,0,Female,clvr_cost_0.1_intro_0.2_10
187,34,W,0,Female,clvr_cost_0.1_intro_0.2_10
188,35,W,0,Female,clvr_cost_0.1_intro_0.2_10
189,36,W,0,Female,clvr_cost_0.1_intro_0.2_10
190,37,W,0,Female,clvr_cost_0.1_intro_0.2_10
191,38,W,0,Female,clvr_cost_0.1_intro_0.2_10
192,39,W,0,Female,clvr_cost_0.1_intro_0.2_10
193,40,W,0,Female,clvr_cost_0.1_intro_0.2_10
194,41,W,0,Female,clvr_cost_0.1_intro_0.2_10
195,42,W,0,Female,clvr_cost_0.1_intro_0.2_10
196,43,W,0,Female,clvr_cost_0.1_intro_0.2_10
197,44,W,0,Female,clvr_cost_0.1_intro_0.2_10
198,45,W,0,Female,clvr_cost_0.1_intro_0.2_10
199,46,W,0,Female,clvr_cost_0.1_intro_0.2_10
200,47,W,0,Female,clvr_cost_0.1_intro_0.2_10
201,48,W,0,Female,clvr_cost_0.1_intro_0.2_10
202,49,W,0,Female,clvr_cost_0.1_intro_0.2_10
203,50,W,0,Female,clvr_cost_0.1_intro_0.2_10
204,0,C,4000,Male,clvr_cost_0.1_intro_0.2_10
205,1,C,1268,Male,clvr_cost_0.1_intro_0.2_10
206,2,C,1746,Male,clvr_cost_0.1_intro_0.2_10
207,3,C,2379,Male,clvr_cost_0.1_intro_0.2_10
208,4,C,3183,Male,clvr_cost_0.1_intro_0.2_10
209,5,C,4108,Male,clvr_cost_0.1_intro_0.2_10
210,6,C,5336,Male,clvr_cost_0.1_intro_0.2_10
211,7,C,6914,Male,clvr_cost_0.1_intro_0.2_10
212,8,C,8200,Male,clvr_cost_0.1_intro_0.2_10
213,9,C,8852,Male,clvr_cost_0.1_intro_0.2_10
214,10,C,8776,Male,clvr_cost_0.1_intro_0.2_10
215,11,C,8694,Male,clvr_cost_0.1_intro_0.2_10
216,12,C,8934,Male,clvr_cost_0.1_intro_0.2_10
217,13,C,8710,Male,clvr_cost_0.1_intro_0.2_10
218,14,C,8938,Male,clvr_cost_0.1_intro_0.2_10
219,15,C,9068,Male,clvr_cost_0.1_intro_0.2_10
220,16,C,9004,Male,clvr_cost_0.1_intro_0.2_10
221,17,C,8940,Male,clvr_cost_0.1_intro_0.2_10
222,18,C,8714,Male,clvr_cost_0.1_intro_0.2_10
223,19,C,8920,Male,clvr_cost_0.1_intro_0.2_10
224,20,C,8978,Male,clvr_cost_0.1_intro_0.2_10
225,21,C,9098,Male,clvr_cost_0.1_intro_0.2_10
226,22,C,8902,Male,clvr_cost_0.1_intro_0.2_10
227,23,C,8614,Male,clvr_cost_0.1_intro_0.2_10
228,24,C,8828,Male,clvr_cost_0.1_intro_0.2_10
229,25,C,9044,Male,clvr_cost_0.1_intro_0.2_10
230,26,C,8754,Male,clvr_cost_0.1_intro_0.2_10
231,27,C,8758,Male,clvr_cost_0.1_intro_0.2_10
232,28,C,8954,Male,clvr_cost_0.1_intro_0.2_10
233,29,C,8844,Male,clvr_cost_0.1_intro_0.2_10
234,30,C,9022,Male,clvr_cost_0.1_intro_0.2_10
235,31,C,8930,Male,clvr_cost_0.1_intro_0.2_10
236,32,C,8772,Male,clvr_cost_0.1_intro_0.2_10
237,33,C,8758,Male,clvr_cost_0.1_intro_0.2_10
238,34,C,8922,Male,clvr_cost_0.1_intro_0.2_10
239,35,C,8702,Male,clvr_cost_0.1_intro_0.2_10
240,36,C,8870,Male,clvr_cost_0.1_intro_0.2_10
241,37,C,8708,Male,clvr_cost_0.1_intro_0.2_10
242,38,C,8874,Male,clvr_cost_0.1_intro_0.2_10
243,39,C,8882,Male,clvr_cost_0.1_intro_0.2_10
244,40,C,8882,Male,clvr_cost_0.1_intro_0.2_10
245,41,C,8884,Male,clvr_cost_0.1_intro_0.2_10
246,42,C,8878,Male,clvr_cost_0.1_intro_0.2_10
247,43,C,8972,Male,clvr_cost_0.1_intro_0.2_10
248,44,C,8822,Male,clvr_cost_0.1_intro_0.2_10
249,45,C,8874,Male,clvr_cost_0.1_intro_0.2_10
250,46,C,8852,Male,clvr_cost_0.1_intro_0.2_10
251,47,C,8824,Male,clvr_cost_0.1_intro_0.2_10
252,48,C,8918,Male,clvr_cost_0.1_intro_0.2_10
253,49,C,8948,Male,clvr_cost_0.1_intro_0.2_10
254,50,C,8746,Male,clvr_cost_0.1_intro_0.2_10
255,0,A,10000,Male,clvr_cost_0.1_intro_0.2_10
256,1,A,7660,Male,clvr_cost_0.1_intro_0.2_10
257,2,A,6584,Male,clvr_cost_0.1_intro_0.2_10
258,3,A,5535,Male,clvr_cost_0.1_intro_0.2_10
259,4,A,4023,Male,clvr_cost_0.1_intro_0.2_10
260,5,A,2578,Male,clvr_cost_0.1_intro_0.2_10
261,6,A,1132,Male,clvr_cost_0.1_intro_0.2_10
262,7,A,262,Male,clvr_cost_0.1_intro_0.2_10
263,8,A,34,Male,clvr_cost_0.1_intro_0.2_10
264,9,A,2,Male,clvr_cost_0.1_intro_0.2_10
265,10,A,0,Male,clvr_cost_0.1_intro_0.2_10
266,11,A,0,Male,clvr_cost_0.1_intro_0.2_10
267,12,A,0,Male,clvr_cost_0.1_intro_0.2_10
268,13,A,0,Male,clvr_cost_0.1_intro_0.2_10
269,14,A,0,Male,clvr_cost_0.1_intro_0.2_10
270,15,A,0,Male,clvr_cost_0.1_intro_0.2_10
271,16,A,0,Male,clvr_cost_0.1_intro_0.2_10
272,17,A,0,Male,clvr_cost_0.1_intro_0.2_10
273,18,A,0,Male,clvr_cost_0.1_intro_0.2_10
274,19,A,0,Male,clvr_cost_0.1_intro_0.2_10
275,20,A,0,Male,clvr_cost_0.1_intro_0.2_10
276,21,A,0,Male,clvr_cost_0.1_intro_0.2_10
277,22,A,0,Male,clvr_cost_0.1_intro_0.2_10
278,23,A,0,Male,clvr_cost_0.1_intro_0.2_10
279,24,A,0,Male,clvr_cost_0.1_intro_0.2_10
280,25,A,0,Male,clvr_cost_0.1_intro_0.2_10
281,26,A,0,Male,clvr_cost_0.1_intro_0.2_10
282,27,A,0,Male,clvr_cost_0.1_intro_0.2_10
283,28,A,0,Male,clvr_cost_0.1_intro_0.2_10
284,29,A,0,Male,clvr_cost_0.1_intro_0.2_10
285,30,A,0,Male,clvr_cost_0.1_intro_0.2_10
286,31,A,0,Male,clvr_cost_0.1_intro_0.2_10
287,32,A,0,Male,clvr_cost_0.1_intro_0.2_10
288,33,A,0,Male,clvr_cost_0.1_intro_0.2_10
289,34,A,0,Male,clvr_cost_0.1_intro_0.2_10
290,35,A,0,Male,clvr_cost_0.1_intro_0.2_10
291,36,A,0,Male,clvr_cost_0.1_intro_0.2_10
292,37,A,0,Male,clvr_cost_0.1_intro_0.2_10
293,38,A,0,Male,clvr_cost_0.1_intro_0.2_10
294,39,A,0,Male,clvr_cost_0.1_intro_0.2_10
295,40,A,0,Male,clvr_cost_0.1_intro_0.2_10
296,41,A,0,Male,clvr_cost_0.1_intro_0.2_10
297,42,A,0,Male,clvr_cost_0.1_intro_0.2_10
298,43,A,0,Male,clvr_cost_0.1_intro_0.2_10
299,44,A,0,Male,clvr_cost_0.1_intro_0.2_10
300,45,A,0,Male,clvr_cost_0.1_intro_0.2_10
301,46,A,0,Male,clvr_cost_0.1_intro_0.2_10
302,47,A,0,Male,clvr_cost_0.1_intro_0.2_10
303,48,A,0,Male,clvr_cost_0.1_intro_0.2_10
304,49,A,0,Male,clvr_cost_0.1_intro_0.2_10
305,50,A,0,Male,clvr_cost_0.1_intro_0.2_10
306,0,V,4000,Male,clvr_cost_0.1_intro_0.2_10
307,1,V,1268,Male,clvr_cost_0.1_intro_0.2_10
308,2,V,1799,Male,clvr_cost_0.1_intro_0.2_10
309,3,V,2440,Male,clvr_cost_0.1_intro_0.2_10
310,4,V,3251,Male,clvr_cost_0.1_intro_0.2_10
311,5,V,4176,Male,clvr_cost_0.1_intro_0.2_10
312,6,V,5392,Male,clvr_cost_0.1_intro_0.2_10
313,7,V,6953,Male,clvr_cost_0.1_intro_0.2_10
314,8,V,8218,Male,clvr_cost_0.1_intro_0.2_10
315,9,V,8854,Male,clvr_cost_0.1_intro_0.2_10
316,10,V,8776,Male,clvr_cost_0.1_intro_0.2_10
317,11,V,8694,Male,clvr_cost_0.1_intro_0.2_10
318,12,V,8934,Male,clvr_cost_0.1_intro_0.2_10
319,13,V,8710,Male,clvr_cost_0.1_intro_0.2_10
320,14,V,8938,Male,clvr_cost_0.1_intro_0.2_10
321,15,V,9068,Male,clvr_cost_0.1_intro_0.2_10
322,16,V,9004,Male,clvr_cost_0.1_intro_0.2_10
323,17,V,8940,Male,clvr_cost_0.1_intro_0.2_10
324,18,V,8714,Male,clvr_cost_0.1_intro_0.2_10
325,19,V,8920,Male,clvr_cost_0.1_intro_0.2_10
326,20,V,8978,Male,clvr_cost_0.1_intro_0.2_10
327,21,V,9098,Male,clvr_cost_0.1_intro_0.2_10
328,22,V,8902,Male,clvr_cost_0.1_intro_0.2_10
329,23,V,8614,Male,clvr_cost_0.1_intro_0.2_10
330,24,V,8828,Male,clvr_cost_0.1_intro_0.2_10
331,25,V,9044,Male,clvr_cost_0.1_intro_0.2_10
332,26,V,8754,Male,clvr_cost_0.1_intro_0.2_10
333,27,V,8758,Male,clvr_cost_0.1_intro_0.2_10
334,28,V,8954,Male,clvr_cost_0.1_intro_0.2_10
335,29,V,8844,Male,clvr_cost_0.1_intro_0.2_10
336,30,V,9022,Male,clvr_cost_0.1_intro_0.2_10
337,31,V,8930,Male,clvr_cost_0.1_intro_0.2_10
338,32,V,8772,Male,clvr_cost_0.1_intro_0.2_10
339,33,V,8758,Male,clvr_cost_0.1_intro_0.2_10
340,34,V,8922,Male,clvr_cost_0.1_intro_0.2_10
341,35,V,8702,Male,clvr_cost_0.1_intro_0.2_10
342,36,V,8870,Male,clvr_cost_0.1_intro_0.2_10
343,37,V,8708,Male,clvr_cost_0.1_intro_0.2_10
344,38,V,8874,Male,clvr_cost_0.1_intro_0.2_10
345,39,V,8882,Male,clvr_cost_0.1_intro_0.2_10
346,40,V,8882,Male,clvr_cost_0.1_intro_0.2_10
347,41,V,8884,Male,clvr_cost_0.1_intro_0.2_10
348,42,V,8878,Male,clvr_cost_0.1_intro_0.2_10
349,43,V,8972,Male,clvr_cost_0.1_intro_0.2_10
350,44,V,8822,Male,clvr_cost_0.1_intro_0.2_10
351,45,V,8874,Male,clvr_cost_0.1_intro_0.2_10
352,46,V,8852,Male,clvr_cost_0.1_intro_0.2_10
353,47,V,8824,Male,clvr_cost_0.1_intro_0.2_10
354,48,V,8918,Male,clvr_cost_0.1_intro_0.2_10
355,49,V,8948,Male,clvr_cost_0.1_intro_0.2_10
356,50,V,8746,Male,clvr_cost_0.1_intro_0.2_10
357,0,W,10000,Male,clvr_cost_0.1_intro_0.2_10
358,1,W,7660,Male,clvr_cost_0.1_intro_0.2_10
359,2,W,6531,Male,clvr_cost_0.1_intro_0.2_10
360,3,W,5474,Male,clvr_cost_0.1_intro_0.2_10
361,4,W,3955,Male,clvr_cost_0.1_intro_0.2_10
362,5,W,2510,Male,clvr_cost_0.1_intro_0.2_10
363,6,W,1076,Male,clvr_cost_0.1_intro_0.2_10
364,7,W,223,Male,clvr_cost_0.1_intro_0.2_10
365,8,W,16,Male,clvr_cost_0.1_intro_0.2_10
366,9,W,0,Male,clvr_cost_0.1_intro_0.2_10
367,10,W,0,Male,clvr_cost_0.1_intro_0.2_10
368,11,W,0,Male,clvr_cost_0.1_intro_0.2_10
369,12,W,0,Male,clvr_cost_0.1_intro_0.2_10
370,13,W,0,Male,clvr_cost_0.1_intro_0.2_10
371,14,W,0,Male,clvr_cost_0.1_intro_0.2_10
372,15,W,0,Male,clvr_cost_0.1_intro_0.2_10
373,16,W,0,Male,clvr_cost_0.1_intro_0.2_10
374,17,W,0,Male,clvr_cost_0.1_intro_0.2_10
375,18,W,0,Male,clvr_cost_0.1_intro_0.2_10
376,19,W,0,Male,clvr_cost_0.1_intro_0.2_10
377,20,W,0,Male,clvr_cost_0.1_intro_0.2_10
378,21,W,0,Male,clvr_cost_0.1_intro_0.2_10
379,22,W,0,Male,clvr_cost_0.1_intro_0.2_10
380,23,W,0,Male,clvr_cost_0.1_intro_0.2_10
381,24,W,0,Male,clvr_cost_0.1_intro_0.2_10
382,25,W,0,Male,clvr_cost_0.1_intro_0.2_10
383,26,W,0,Male,clvr_cost_0.1_intro_0.2_10
384,27,W,0,Male,clvr_cost_0.1_intro_0.2_10
385,28,W,0,Male,clvr_cost_0.1_intro_0.2_10
386,29,W,0,Male,clvr_cost_0.1_intro_0.2_10
387,30,W,0,Male,clvr_cost_0.1_intro_0.2_10
388,31,W,0,Male,clvr_cost_0.1_intro_0.2_10
389,32,W,0,Male,clvr_cost_0.1_intro_0.2_10
390,33,W,0,Male,clvr_cost_0.1_intro_0.2_10
391,34,W,0,Male,clvr_cost_0.1_intro_0.2_10
392,35,W,0,Male,clvr_cost_0.1_intro_0.2_10
393,36,W,0,Male,clvr_cost_0.1_intro_0.2_10
394,37,W,0,Male,clvr_cost_0.1_intro_0.2_10
395,38,W,0,Male,clvr_cost_0.1_intro_0.2_10
396,39,W,0,Male,clvr_cost_0.1_intro_0.2_10
397,40,W,0,Male,clvr_cost_0.1_intro_0.2_10
398,41,W,0,Male,clvr_cost_0.1_intro_0.2_10
399,42,W,0,Male,clvr_cost_0.1_intro_0.2_10
400,43,W,0,Male,clvr_cost_0.1_intro_0.2_10
401,44,W,0,Male,clvr_cost_0.1_intro_0.2_10
402,45,W,0,Male,clvr_cost_0.1_intro_0.2_10
403,46,W,0,Male,clvr_cost_0.1_intro_0.2_10
404,47,W,0,Male,clvr_cost_0.1_intro_0.2_10
405,48,W,0,Male,clvr_cost_0.1_intro_0.2_10
406,49,W,0,Male,clvr_cost_0.1_intro_0.2_10
407,50,W,0,Male,clvr_cost_0.1_intro_0.2_10
,Generation,Allele,Count,Sex,Run
0,0,C,0,Female,clvr_cost_0.15_intro_0.2_1
1,1,C,1228,Female,clvr_cost_0.15_intro_0.2_1
2,2,C,1677,Female,clvr_cost_0.15_intro_0.2_1
3,3,C,2317,Female,clvr_cost_0.15_intro_0.2_1
4,4,C,2905,Female,clvr_cost_0.15_intro_0.2_1
5,5,C,3677,Female,clvr_cost_0.15_intro_0.2_1
6,6,C,4564,Female,clvr_cost_0.15_intro_0.2_1
7,7,C,6066,Female,clvr_cost_0.15_intro_0.2_1
8,8,C,7312,Female,clvr_cost_0.15_intro_0.2_1
9,9,C,7908,Female,clvr_cost_0.15_intro_0.2_1
10,10,C,8158,Female,clvr_cost_0.15_intro_0.2_1
11,11,C,8170,Female,clvr_cost_0.15_intro_0.2_1
12,12,C,8182,Female,clvr_cost_0.15_intro_0.2_1
13,13,C,8252,Female,clvr_cost_0.15_intro_0.2_1
14,14,C,7942,Female,clvr_cost_0.15_intro_0.2_1
15,15,C,8318,Female,clvr_cost_0.15_intro_0.2_1
16,16,C,8284,Female,clvr_cost_0.15_intro_0.2_1
17,17,C,8084,Female,clvr_cost_0.15_intro_0.2_1
18,18,C,8318,Female,clvr_cost_0.15_intro_0.2_1
19,19,C,8044,Female,clvr_cost_0.15_intro_0.2_1
20,20,C,8154,Female,clvr_cost_0.15_intro_0.2_1
21,21,C,8144,Female,clvr_cost_0.15_intro_0.2_1
22,22,C,8228,Female,clvr_cost_0.15_intro_0.2_1
23,23,C,8218,Female,clvr_cost_0.15_intro_0.2_1
24,24,C,8256,Female,clvr_cost_0.15_intro_0.2_1
25,25,C,8132,Female,clvr_cost_0.15_intro_0.2_1
26,26,C,8212,Female,clvr_cost_0.15_intro_0.2_1
27,27,C,8136,Female,clvr_cost_0.15_intro_0.2_1
28,28,C,8252,Female,clvr_cost_0.15_intro_0.2_1
29,29,C,8126,Female,clvr_cost_0.15_intro_0.2_1
30,30,C,8094,Female,clvr_cost_0.15_intro_0.2_1
31,31,C,8118,Female,clvr_cost_0.15_intro_0.2_1
32,32,C,8370,Female,clvr_cost_0.15_intro_0.2_1
33,33,C,8204,Female,clvr_cost_0.15_intro_0.2_1
34,34,C,8000,Female,clvr_cost_0.15_intro_0.2_1
35,35,C,7894,Female,clvr_cost_0.15_intro_0.2_1
36,36,C,7836,Female,clvr_cost_0.15_intro_0.2_1
37,37,C,8056,Female,clvr_cost_0.15_intro_0.2_1
38,38,C,8218,Female,clvr_cost_0.15_intro_0.2_1
39,39,C,8014,Female,clvr_cost_0.15_intro_0.2_1
40,40,C,8020,Female,clvr_cost_0.15_intro_0.2_1
41,41,C,8228,Female,clvr_cost_0.15_intro_0.2_1
42,42,C,8314,Female,clvr_cost_0.15_intro_0.2_1
43,43,C,8128,Female,clvr_cost_0.15_intro_0.2_1
44,44,C,8230,Female,clvr_cost_0.15_intro_0.2_1
45,45,C,8018,Female,clvr_cost_0.15_intro_0.2_1
46,46,C,8242,Female,clvr_cost_0.15_intro_0.2_1
47,47,C,8080,Female,clvr_cost_0.15_intro_0.2_1
48,48,C,8190,Female,clvr_cost_0.15_intro_0.2_1
49,49,C,8422,Female,clvr_cost_0.15_intro_0.2_1
50,50,C,8344,Female,clvr_cost_0.15_intro_0.2_1
51,0,A,10000,Female,clvr_cost_0.15_intro_0.2_1
52,1,A,7326,Female,clvr_cost_0.15_intro_0.2_1
53,2,A,6443,Female,clvr_cost_0.15_intro_0.2_1
54,3,A,5519,Female,clvr_cost_0.15_intro_0.2_1
55,4,A,4053,Female,clvr_cost_0.15_intro_0.2_1
56,5,A,2567,Female,clvr_cost_0.15_intro_0.2_1
57,6,A,1276,Female,clvr_cost_0.15_intro_0.2_1
58,7,A,378,Female,clvr_cost_0.15_intro_0.2_1
59,8,A,58,Female,clvr_cost_0.15_intro_0.2_1
60,9,A,2,Female,clvr_cost_0.15_intro_0.2_1
61,10,A,0,Female,clvr_cost_0.15_intro_0.2_1
62,11,A,0,Female,clvr_cost_0.15_intro_0.2_1
63,12,A,0,Female,clvr_cost_0.15_intro_0.2_1
64,13,A,0,Female,clvr_cost_0.15_intro_0.2_1
65,14,A,0,Female,clvr_cost_0.15_intro_0.2_1
66,15,A,0,Female,clvr_cost_0.15_intro_0.2_1
67,16,A,0,Female,clvr_cost_0.15_intro_0.2_1
68,17,A,0,Female,clvr_cost_0.15_intro_0.2_1
69,18,A,0,Female,clvr_cost_0.15_intro_0.2_1
70,19,A,0,Female,clvr_cost_0.15_intro_0.2_1
71,20,A,0,Female,clvr_cost_0.15_intro_0.2_1
72,21,A,0,Female,clvr_cost_0.15_intro_0.2_1
73,22,A,0,Female,clvr_cost_0.15_intro_0.2_1
74,23,A,0,Female,clvr_cost_0.15_intro_0.2_1
75,24,A,0,Female,clvr_cost_0.15_intro_0.2_1
76,25,A,0,Female,clvr_cost_0.15_intro_0.2_1
77,26,A,0,Female,clvr_cost_0.15_intro_0.2_1
78,27,A,0,Female,clvr_cost_0.15_intro_0.2_1
79,28,A,0,Female,clvr_cost_0.15_intro_0.2_1
80,29,A,0,Female,clvr_cost_0.15_intro_0.2_1
81,30,A,0,Female,clvr_cost_0.15_intro_0.2_1
82,31,A,0,Female,clvr_cost_0.15_intro_0.2_1
83,32,A,0,Female,clvr_cost_0.15_intro_0.2_1
84,33,A,0,Female,clvr_cost_0.15_intro_0.2_1
85,34,A,0,Female,clvr_cost_0.15_intro_0.2_1
86,35,A,0,Female,clvr_cost_0.15_intro_0.2_1
87,36,A,0,Female,clvr_cost_0.15_intro_0.2_1
88,37,A,0,Female,clvr_cost_0.15_intro_0.2_1
89,38,A,0,Female,clvr_cost_0.15_intro_0.2_1
90,39,A,0,Female,clvr_cost_0.15_intro_0.2_1
91,40,A,0,Female,clvr_cost_0.15_intro_0.2_1
92,41,A,0,Female,clvr_cost_0.15_intro_0.2_1
93,42,A,0,Female,clvr_cost_0.15_intro_0.2_1
94,43,A,0,Female,clvr_cost_0.15_intro_0.2_1
95,44,A,0,Female,clvr_cost_0.15_intro_0.2_1
96,45,A,0,Female,clvr_cost_0.15_intro_0.2_1
97,46,A,0,Female,clvr_cost_0.15_intro_0.2_1
98,47,A,0,Female,clvr_cost_0.15_intro_0.2_1
99,48,A,0,Female,clvr_cost_0.15_intro_0.2_1
100,49,A,0,Female,clvr_cost_0.15_intro_0.2_1
101,50,A,0,Female,clvr_cost_0.15_intro_0.2_1
102,0,V,0,Female,clvr_cost_0.15_intro_0.2_1
103,1,V,1228,Female,clvr_cost_0.15_intro_0.2_1
104,2,V,1724,Female,clvr_cost_0.15_intro_0.2_1
105,3,V,2377,Female,clvr_cost_0.15_intro_0.2_1
106,4,V,2955,Female,clvr_cost_0.15_intro_0.2_1
107,5,V,3748,Female,clvr_cost_0.15_intro_0.2_1
108,6,V,4611,Female,clvr_cost_0.15_intro_0.2_1
109,7,V,6116,Female,clvr_cost_0.15_intro_0.2_1
110,8,V,7327,Female,clvr_cost_0.15_intro_0.2_1
111,9,V,7910,Female,clvr_cost_0.15_intro_0.2_1
112,10,V,8158,Female,clvr_cost_0.15_intro_0.2_1
113,11,V,8170,Female,clvr_cost_0.15_intro_0.2_1
114,12,V,8182,Female,clvr_cost_0.15_intro_0.2_1
115,13,V,8252,Female,clvr_cost_0.15_intro_0.2_1
116,14,V,7942,Female,clvr_cost_0.15_intro_0.2_1
117,15,V,8318,Female,clvr_cost_0.15_intro_0.2_1
118,16,V,8284,Female,clvr_cost_0.15_intro_0.2_1
119,17,V,8084,Female,clvr_cost_0.15_intro_0.2_1
120,18,V,8318,Female,clvr_cost_0.15_intro_0.2_1
121,19,V,8044,Female,clvr_cost_0.15_intro_0.2_1
122,20,V,8154,Female,clvr_cost_0.15_intro_0.2_1
123,21,V,8144,Female,clvr_cost_0.15_intro_0.2_1
124,22,V,8228,Female,clvr_cost_0.15_intro_0.2_1
125,23,V,8218,Female,clvr_cost_0.15_intro_0.2_1
126,24,V,8256,Female,clvr_cost_0.15_intro_0.2_1
127,25,V,8132,Female,clvr_cost_0.15_intro_0.2_1
128,26,V,8212,Female,clvr_cost_0.15_intro_0.2_1
129,27,V,8136,Female,clvr_cost_0.15_intro_0.2_1
130,28,V,8252,Female,clvr_cost_0.15_intro_0.2_1
131,29,V,8126,Female,clvr_cost_0.15_intro_0.2_1
132,30,V,8094,Female,clvr_cost_0.15_intro_0.2_1
133,31,V,8118,Female,clvr_cost_0.15_intro_0.2_1
134,32,V,8370,Female,clvr_cost_0.15_intro_0.2_1
135,33,V,8204,Female,clvr_cost_0.15_intro_0.2_1
136,34,V,8000,Female,clvr_cost_0.15_intro_0.2_1
137,35,V,7894,Female,clvr_cost_0.15_intro_0.2_1
138,36,V,7836,Female,clvr_cost_0.15_intro_0.2_1
139,37,V,8056,Female,clvr_cost_0.15_intro_0.2_1
140,38,V,8218,Female,clvr_cost_0.15_intro_0.2_1
141,39,V,8014,Female,clvr_cost_0.15_intro_0.2_1
142,40,V,8020,Female,clvr_cost_0.15_intro_0.2_1
143,41,V,8228,Female,clvr_cost_0.15_intro_0.2_1
144,42,V,8314,Female,clvr_cost_0.15_intro_0.2_1
145,43,V,8128,Female,clvr_cost_0.15_intro_0.2_1
146,44,V,8230,Female,clvr_cost_0.15_intro_0.2_1
147,45,V,8018,Female,clvr_cost_0.15_intro_0.2_1
148,46,V,8242,Female,clvr_cost_0.15_intro_0.2_1
149,47,V,8080,Female,clvr_cost_0.15_intro_0.2_1
150,48,V,8190,Female,clvr_cost_0.15_intro_0.2_1
151,49,V,8422,Female,clvr_cost_0.15_intro_0.2_1
152,50,V,8344,Female,clvr_cost_0.15_intro_0.2_1
153,0,W,10000,Female,clvr_cost_0.15_intro_0.2_1
154,1,W,7326,Female,clvr_cost_0.15_intro_0.2_1
155,2,W,6396,Female,clvr_cost_0.15_intro_0.2_1
156,3,W,5459,Female,clvr_cost_0.15_intro_0.2_1
157,4,W,4003,Female,clvr_cost_0.15_intro_0.2_1
158,5,W,2496,Female,clvr_cost_0.15_intro_0.2_1
159,6,W,1229,Female,clvr_cost_0.15_intro_0.2_1
160,7,W,328,Female,clvr_cost_0.15_intro_0.2_1
161,8,W,43,Female,clvr_cost_0.15_intro_0.2_1
162,9,W,0,Female,clvr_cost_0.15_intro_0.2_1
163,10,W,0,Female,clvr_cost_0.15_intro_0.2_1
164,11,W,0,Female,clvr_cost_0.15_intro_0.2_1
165,12,W,0,Female,clvr_cost_0.15_intro_0.2_1
166,13,W,0,Female,clvr_cost_0.15_intro_0.2_1
167,14,W,0,Female,clvr_cost_0.15_intro_0.2_1
168,15,W,0,Female,clvr_cost_0.15_intro_0.2_1
169,16,W,0,Female,clvr_cost_0.15_intro_0.2_1
170,17,W,0,Female,clvr_cost_0.15_intro_0.2_1
171,18,W,0,Female,clvr_cost_0.15_intro_0.2_1
172,19,W,0,Female,clvr_cost_0.15_intro_0.2_1
173,20,W,0,Female,clvr_cost_0.15_intro_0.2_1
174,21,W,0,Female,clvr_cost_0.15_intro_0.2_1
175,22,W,0,Female,clvr_cost_0.15_intro_0.2_1
176,23,W,0,Female,clvr_cost_0.15_intro_0.2_1
177,24,W,0,Female,clvr_cost_0.15_intro_0.2_1
178,25,W,0,Female,clvr_cost_0.15_intro_0.2_1
179,26,W,0,Female,clvr_cost_0.15_intro_0.2_1
180,27,W,0,Female,clvr_cost_0.15_intro_0.2_1
181,28,W,0,Female,clvr_cost_0.15_intro_0.2_1
182,29,W,0,Female,clvr_cost_0.15_intro_0.2_1
183,30,W,0,Female,clvr_cost_0.15_intro_0.2_1
184,31,W,0,Female,clvr_cost_0.15_intro_0.2_1
185,32,W,0,Female,clvr_cost_0.15_intro_0.2_1
186,33,W,0,Female,clvr_cost_0.15_intro_0.2_1
187,34,W,0,Female,clvr_cost_0.15_intro_0.2_1
188,35,W,0,Female,clvr_cost_0.15_intro_0.2_1
189,36,W,0,Female,clvr_cost_0.15_intro_0.2_1
190,37,W,0,Female,clvr_cost_0.15_intro_0.2_1
191,38,W,0,Female,clvr_cost_0.15_intro_0.2_1
192,39,W,0,Female,clvr_cost_0.15_intro_0.2_1
193,40,W,0,Female,clvr_cost_0.15_intro_0.2_1
194,41,W,0,Female,clvr_cost_0.15_intro_0.2_1
195,42,W,0,Female,clvr_cost_0.15_intro_0.2_1
196,43,W,0,Female,clvr_cost_0.15_intro_0.2_1
197,44,W,0,Female,clvr_cost_0.15_intro_0.2_1
198,45,W,0,Female,clvr_cost_0.15_intro_0.2_1
199,46,W,0,Female,clvr_cost_0.15_intro_0.2_1
200,47,W,0,Female,clvr_cost_0.15_intro_0.2_1
201,48,W,0,Female,clvr_cost_0.15_intro_0.2_1
202,49,W,0,Female,clvr_cost_0.15_intro_0.2_1
203,50,W,0,Female,clvr_cost_0.15_intro_0.2_1
204,0,C,4000,Male,clvr_cost_0.15_intro_0.2_1
205,1,C,1225,Male,clvr_cost_0.15_intro_0.2_1
206,2,C,1720,Male,clvr_cost_0.15_intro_0.2_1
207,3,C,2324,Male,clvr_cost_0.15_intro_0.2_1
208,4,C,3072,Male,clvr_cost_0.15_intro_0.2_1
209,5,C,3852,Male,clvr_cost_0.15_intro_0.2_1
210,6,C,4674,Male,clvr_cost_0.15_intro_0.2_1
211,7,C,6198,Male,clvr_cost_0.15_intro_0.2_1
212,8,C,7341,Male,clvr_cost_0.15_intro_0.2_1
213,9,C,7995,Male,clvr_cost_0.15_intro_0.2_1
214,10,C,8202,Male,clvr_cost_0.15_intro_0.2_1
215,11,C,8298,Male,clvr_cost_0.15_intro_0.2_1
216,12,C,8200,Male,clvr_cost_0.15_intro_0.2_1
217,13,C,8606,Male,clvr_cost_0.15_intro_0.2_1
218,14,C,7996,Male,clvr_cost_0.15_intro_0.2_1
219,15,C,8370,Male,clvr_cost_0.15_intro_0.2_1
220,16,C,8390,Male,clvr_cost_0.15_intro_0.2_1
221,17,C,8150,Male,clvr_cost_0.15_intro_0.2_1
222,18,C,8324,Male,clvr_cost_0.15_intro_0.2_1
223,19,C,8324,Male,clvr_cost_0.15_intro_0.2_1
224,20,C,8216,Male,clvr_cost_0.15_intro_0.2_1
225,21,C,8266,Male,clvr_cost_0.15_intro_0.2_1
226,22,C,8278,Male,clvr_cost_0.15_intro_0.2_1
227,23,C,8242,Male,clvr_cost_0.15_intro_0.2_1
228,24,C,8394,Male,clvr_cost_0.15_intro_0.2_1
229,25,C,8158,Male,clvr_cost_0.15_intro_0.2_1
230,26,C,8336,Male,clvr_cost_0.15_intro_0.2_1
231,27,C,8210,Male,clvr_cost_0.15_intro_0.2_1
232,28,C,8312,Male,clvr_cost_0.15_intro_0.2_1
233,29,C,8218,Male,clvr_cost_0.15_intro_0.2_1
234,30,C,8236,Male,clvr_cost_0.15_intro_0.2_1
235,31,C,8136,Male,clvr_cost_0.15_intro_0.2_1
236,32,C,8432,Male,clvr_cost_0.15_intro_0.2_1
237,33,C,8212,Male,clvr_cost_0.15_intro_0.2_1
238,34,C,8232,Male,clvr_cost_0.15_intro_0.2_1
239,35,C,8134,Male,clvr_cost_0.15_intro_0.2_1
240,36,C,7970,Male,clvr_cost_0.15_intro_0.2_1
241,37,C,8070,Male,clvr_cost_0.15_intro_0.2_1
242,38,C,8392,Male,clvr_cost_0.15_intro_0.2_1
243,39,C,8046,Male,clvr_cost_0.15_intro_0.2_1
244,40,C,8106,Male,clvr_cost_0.15_intro_0.2_1
245,41,C,8360,Male,clvr_cost_0.15_intro_0.2_1
246,42,C,8392,Male,clvr_cost_0.15_intro_0.2_1
247,43,C,8320,Male,clvr_cost_0.15_intro_0.2_1
248,44,C,8244,Male,clvr_cost_0.15_intro_0.2_1
249,45,C,8210,Male,clvr_cost_0.15_intro_0.2_1
250,46,C,8258,Male,clvr_cost_0.15_intro_0.2_1
251,47,C,8160,Male,clvr_cost_0.15_intro_0.2_1
252,48,C,8262,Male,clvr_cost_0.15_intro_0.2_1
253,49,C,8434,Male,clvr_cost_0.15_intro_0.2_1
254,50,C,8416,Male,clvr_cost_0.15_intro_0.2_1
255,0,A,10000,Male,clvr_cost_0.15_intro_0.2_1
256,1,A,7385,Male,clvr_cost_0.15_intro_0.2_1
257,2,A,6490,Male,clvr_cost_0.15_intro_0.2_1
258,3,A,5550,Male,clvr_cost_0.15_intro_0.2_1
259,4,A,4130,Male,clvr_cost_0.15_intro_0.2_1
260,5,A,2714,Male,clvr_cost_0.15_intro_0.2_1
261,6,A,1276,Male,clvr_cost_0.15_intro_0.2_1
262,7,A,338,Male,clvr_cost_0.15_intro_0.2_1
263,8,A,51,Male,clvr_cost_0.15_intro_0.2_1
264,9,A,5,Male,clvr_cost_0.15_intro_0.2_1
265,10,A,0,Male,clvr_cost_0.15_intro_0.2_1
266,11,A,0,Male,clvr_cost_0.15_intro_0.2_1
267,12,A,0,Male,clvr_cost_0.15_intro_0.2_1
268,13,A,0,Male,clvr_cost_0.15_intro_0.2_1
269,14,A,0,Male,clvr_cost_0.15_intro_0.2_1
270,15,A,0,Male,clvr_cost_0.15_intro_0.2_1
271,16,A,0,Male,clvr_cost_0.15_intro_0.2_1
272,17,A,0,Male,clvr_cost_0.15_intro_0.2_1
273,18,A,0,Male,clvr_cost_0.15_intro_0.2_1
274,19,A,0,Male,clvr_cost_0.15_intro_0.2_1
275,20,A,0,Male,clvr_cost_0.15_intro_0.2_1
276,21,A,0,Male,clvr_cost_0.15_intro_0.2_1
277,22,A,0,Male,clvr_cost_0.15_intro_0.2_1
278,23,A,0,Male,clvr_cost_0.15_intro_0.2_1
279,24,A,0,Male,clvr_cost_0.15_intro_0.2_1
280,25,A,0,Male,clvr_cost_0.15_intro_0.2_1
281,26,A,0,Male,clvr_cost_0.15_intro_0.2_1
282,27,A,0,Male,clvr_cost_0.15_intro_0.2_1
283,28,A,0,Male,clvr_cost_0.15_intro_0.2_1
284,29,A,0,Male,clvr_cost_0.15_intro_0.2_1
285,30,A,0,Male,clvr_cost_0.15_intro_0.2_1
286,31,A,0,Male,clvr_cost_0.15_intro_0.2_1
287,32,A,0,Male,clvr_cost_0.15_intro_0.2_1
288,33,A,0,Male,clvr_cost_0.15_intro_0.2_1
289,34,A,0,Male,clvr_cost_0.15_intro_0.2_1
290,35,A,0,Male,clvr_cost_0.15_intro_0.2_1
291,36,A,0,Male,clvr_cost_0.15_intro_0.2_1
292,37,A,0,Male,clvr_cost_0.15_intro_0.2_1
293,38,A,0,Male,clvr_cost_0.15_intro_0.2_1
294,39,A,0,Male,clvr_cost_0.15_intro_0.2_1
295,40,A,0,Male,clvr_cost_0.15_intro_0.2_1
296,41,A,0,Male,clvr_cost_0.15_intro_0.2_1
297,42,A,0,Male,clvr_cost_0.15_intro_0.2_1
298,43,A,0,Male,clvr_cost_0.15_intro_0.2_1
299,44,A,0,Male,clvr_cost_0.15_intro_0.2_1
300,45,A,0,Male,clvr_cost_0.15_intro_0.2_1
301,46,A,0,Male,clvr_cost_0.15_intro_0.2_1
302,47,A,0,Male,clvr_cost_0.15_intro_0.2_1
303,48,A,0,Male,clvr_cost_0.15_intro_0.2_1
304,49,A,0,Male,clvr_cost_0.15_intro_0.2_1
305,50,A,0,Male,clvr_cost_0.15_intro_0.2_1
306,0,V,4000,Male,clvr_cost_0.15_intro_0.2_1
307,1,V,1225,Male,clvr_cost_0.15_intro_0.2_1
308,2,V,1767,Male,clvr_cost_0.15_intro_0.2_1
309,3,V,2371,Male,clvr_cost_0.15_intro_0.2_1
310,4,V,3123,Male,clvr_cost_0.15_intro_0.2_1
311,5,V,3935,Male,clvr_cost_0.15_intro_0.2_1
312,6,V,4744,Male,clvr_cost_0.15_intro_0.2_1
313,7,V,6230,Male,clvr_cost_0.15_intro_0.2_1
314,8,V,7355,Male,clvr_cost_0.15_intro_0.2_1
315,9,V,7997,Male,clvr_cost_0.15_intro_0.2_1
316,10,V,8202,Male,clvr_cost_0.15_intro_0.2_1
317,11,V,8298,Male,clvr_cost_0.15_intro_0.2_1
318,12,V,8200,Male,clvr_cost_0.15_intro_0.2_1
319,13,V,8606,Male,clvr_cost_0.15_intro_0.2_1
320,14,V,7996,Male,clvr_cost_0.15_intro_0.2_1
321,15,V,8370,Male,clvr_cost_0.15_intro_0.2_1
322,16,V,8390,Male,clvr_cost_0.15_intro_0.2_1
323,17,V,8150,Male,clvr_cost_0.15_intro_0.2_1
324,18,V,8324,Male,clvr_cost_0.15_intro_0.2_1
325,19,V,8324,Male,clvr_cost_0.15_intro_0.2_1
326,20,V,8216,Male,clvr_cost_0.15_intro_0.2_1
327,21,V,8266,Male,clvr_cost_0.15_intro_0.2_1
328,22,V,8278,Male,clvr_cost_0.15_intro_0.2_1
329,23,V,8242,Male,clvr_cost_0.15_intro_0.2_1
330,24,V,8394,Male,clvr_cost_0.15_intro_0.2_1
331,25,V,8158,Male,clvr_cost_0.15_intro_0.2_1
332,26,V,8336,Male,clvr_cost_0.15_intro_0.2_1
333,27,V,8210,Male,clvr_cost_0.15_intro_0.2_1
334,28,V,8312,Male,clvr_cost_0.15_intro_0.2_1
335,29,V,8218,Male,clvr_cost_0.15_intro_0.2_1
336,30,V,8236,Male,clvr_cost_0.15_intro_0.2_1
337,31,V,8136,Male,clvr_cost_0.15_intro_0.2_1
338,32,V,8432,Male,clvr_cost_0.15_intro_0.2_1
339,33,V,8212,Male,clvr_cost_0.15_intro_0.2_1
340,34,V,8232,Male,clvr_cost_0.15_intro_0.2_1
341,35,V,8134,Male,clvr_cost_0.15_intro_0.2_1
342,36,V,7970,Male,clvr_cost_0.15_intro_0.2_1
343,37,V,8070,Male,clvr_cost_0.15_intro_0.2_1
344,38,V,8392,Male,clvr_cost_0.15_intro_0.2_1
345,39,V,8046,Male,clvr_cost_0.15_intro_0.2_1
346,40,V,8106,Male,clvr_cost_0.15_intro_0.2_1
347,41,V,8360,Male,clvr_cost_0.15_intro_0.2_1
348,42,V,8392,Male,clvr_cost_0.15_intro_0.2_1
349,43,V,8320,Male,clvr_cost_0.15_intro_0.2_1
350,44,V,8244,Male,clvr_cost_0.15_intro_0.2_1
351,45,V,8210,Male,clvr_cost_0.15_intro_0.2_1
352,46,V,8258,Male,clvr_cost_0.15_intro_0.2_1
353,47,V,8160,Male,clvr_cost_0.15_intro_0.2_1
354,48,V,8262,Male,clvr_cost_0.15_intro_0.2_1
355,49,V,8434,Male,clvr_cost_0.15_intro_0.2_1
356,50,V,8416,Male,clvr_cost_0.15_intro_0.2_1
357,0,W,10000,Male,clvr_cost_0.15_intro_0.2_1
358,1,W,7385,Male,clvr_cost_0.15_intro_0.2_1
359,2,W,6443,Male,clvr_cost_0.15_intro_0.2_1
360,3,W,5503,Male,clvr_cost_0.15_intro_0.2_1
361,4,W,4079,Male,clvr_cost_0.15_intro_0.2_1
362,5,W,2631,Male,clvr_cost_0.15_intro_0.2_1
363,6,W,1206,Male,clvr_cost_0.15_intro_0.2_1
364,7,W,306,Male,clvr_cost_0.15_intro_0.2_1
365,8,W,37,Male,clvr_cost_0.15_intro_0.2_1
366,9,W,3,Male,clvr_cost_0.15_intro_0.2_1
367,10,W,0,Male,clvr_cost_0.15_intro_0.2_1
368,11,W,0,Male,clvr_cost_0.15_intro_0.2_1
369,12,W,0,Male,clvr_cost_0.15_intro_0.2_1
370,13,W,0,Male,clvr_cost_0.15_intro_0.2_1
371,14,W,0,Male,clvr_cost_0.15_intro_0.2_1
372,15,W,0,Male,clvr_cost_0.15_intro_0.2_1
373,16,W,0,Male,clvr_cost_0.15_intro_0.2_1
374,17,W,0,Male,clvr_cost_0.15_intro_0.2_1
375,18,W,0,Male,clvr_cost_0.15_intro_0.2_1
376,19,W,0,Male,clvr_cost_0.15_intro_0.2_1
377,20,W,0,Male,clvr_cost_0.15_intro_0.2_1
378,21,W,0,Male,clvr_cost_0.15_intro_0.2_1
379,22,W,0,Male,clvr_cost_0.15_intro_0.2_1
380,23,W,0,Male,clvr_cost_0.15_intro_0.2_1
381,24,W,0,Male,clvr_cost_0.15_intro_0.2_1
382,25,W,0,Male,clvr_cost_0.15_intro_0.2_1
383,26,W,0,Male,clvr_cost_0.15_intro_0.2_1
384,27,W,0,Male,clvr_cost_0.15_intro_0.2_1
385,28,W,0,Male,clvr_cost_0.15_intro_0.2_1
386,29,W,0,Male,clvr_cost_0.15_intro_0.2_1
387,30,W,0,Male,clvr_cost_0.15_intro_0.2_1
388,31,W,0,Male,clvr_cost_0.15_intro_0.2_1
389,32,W,0,Male,clvr_cost_0.15_intro_0.2_1
390,33,W,0,Male,clvr_cost_0.15_intro_0.2_1
391,34,W,0,Male,clvr_cost_0.15_intro_0.2_1
392,35,W,0,Male,clvr_cost_0.15_intro_0.2_1
393,36,W,0,Male,clvr_cost_0.15_intro_0.2_1
394,37,W,0,Male,clvr_cost_0.15_intro_0.2_1
395,38,W,0,Male,clvr_cost_0.15_intro_0.2_1
396,39,W,0,Male,clvr_cost_0.15_intro_0.2_1
397,40,W,0,Male,clvr_cost_0.15_intro_0.2_1
398,41,W,0,Male,clvr_cost_0.15_intro_0.2_1
399,42,W,0,Male,clvr_cost_0.15_intro_0.2_1
400,43,W,0,Male,clvr_cost_0.15_intro_0.2_1
401,44,W,0,Male,clvr_cost_0.15_intro_0.2_1
402,45,W,0,Male,clvr_cost_0.15_intro_0.2_1
403,46,W,0,Male,clvr_cost_0.15_intro_0.2_1
404,47,W,0,Male,clvr_cost_0.15_intro_0.2_1
405,48,W,0,Male,clvr_cost_0.15_intro_0.2_1
406,49,W,0,Male,clvr_cost_0.15_intro_0.2_1
407,50,W,0,Male,clvr_cost_0.15_intro_0.2_1
,Generation,Allele,Count,Sex,Run
0,0,C,0,Female,clvr_cost_0.15_intro_0.2_2
1,1,C,1211,Female,clvr_cost_0.15_intro_0.2_2
2,2,C,1710,Female,clvr_cost_0.15_intro_0.2_2
3,3,C,2245,Female,clvr_cost_0.15_intro_0.2_2
4,4,C,2843,Female,clvr_cost_0.15_intro_0.2_2
5,5,C,3722,Female,clvr_cost_0.15_intro_0.2_2
6,6,C,4518,Female,clvr_cost_0.15_intro_0.2_2
7,7,C,5812,Female,clvr_cost_0.15_intro_0.2_2
8,8,C,7143,Female,clvr_cost_0.15_intro_0.2_2
9,9,C,8029,Female,clvr_cost_0.15_intro_0.2_2
10,10,C,8190,Female,clvr_cost_0.15_intro_0.2_2
11,11,C,8092,Female,clvr_cost_0.15_intro_0.2_2
12,12,C,8000,Female,clvr_cost_0.15_intro_0.2_2
13,13,C,8172,Female,clvr_cost_0.15_intro_0.2_2
14,14,C,8224,Female,clvr_cost_0.15_intro_0.2_2
15,15,C,8074,Female,clvr_cost_0.15_intro_0.2_2
16,16,C,8088,Female,clvr_cost_0.15_intro_0.2_2
17,17,C,8118,Female,clvr_cost_0.15_intro_0.2_2
18,18,C,8038,Female,clvr_cost_0.15_intro_0.2_2
19,19,C,7812,Female,clvr_cost_0.15_intro_0.2_2
20,20,C,7988,Female,clvr_cost_0.15_intro_0.2_2
21,21,C,8298,Female,clvr_cost_0.15_intro_0.2_2
22,22,C,8288,Female,clvr_cost_0.15_intro_0.2_2
23,23,C,8146,Female,clvr_cost_0.15_intro_0.2_2
24,24,C,8290,Female,clvr_cost_0.15_intro_0.2_2
25,25,C,8130,Female,clvr_cost_0.15_intro_0.2_2
26,26,C,8224,Female,clvr_cost_0.15_intro_0.2_2
27,27,C,8262,Female,clvr_cost_0.15_intro_0.2_2
28,28,C,8134,Female,clvr_cost_0.15_intro_0.2_2
29,29,C,8194,Female,clvr_cost_0.15_intro_0.2_2
30,30,C,8120,Female,clvr_cost_0.15_intro_0.2_2
31,31,C,8020,Female,clvr_cost_0.15_intro_0.2_2
32,32,C,8324,Female,clvr_cost_0.15_intro_0.2_2
33,33,C,8290,Female,clvr_cost_0.15_intro_0.2_2
34,34,C,8086,Female,clvr_cost_0.15_intro_0.2_2
35,35,C,8042,Female,clvr_cost_0.15_intro_0.2_2
36,36,C,8098,Female,clvr_cost_0.15_intro_0.2_2
37,37,C,8090,Female,clvr_cost_0.15_intro_0.2_2
38,38,C,8272,Female,clvr_cost_0.15_intro_0.2_2
39,39,C,8170,Female,clvr_cost_0.15_intro_0.2_2
40,40,C,8340,Female,clvr_cost_0.15_intro_0.2_2
41,41,C,8150,Female,clvr_cost_0.15_intro_0.2_2
42,42,C,8266,Female,clvr_cost_0.15_intro_0.2_2
43,43,C,8206,Female,clvr_cost_0.15_intro_0.2_2
44,44,C,8238,Female,clvr_cost_0.15_intro_0.2_2
45,45,C,7840,Female,clvr_cost_0.15_intro_0.2_2
46,46,C,7856,Female,clvr_cost_0.15_intro_0.2_2
47,47,C,8034,Female,clvr_cost_0.15_intro_0.2_2
48,48,C,7902,Female,clvr_cost_0.15_intro_0.2_2
49,49,C,8006,Female,clvr_cost_0.15_intro_0.2_2
50,50,C,8018,Female,clvr_cost_0.15_intro_0.2_2
51,0,A,10000,Female,clvr_cost_0.15_intro_0.2_2
52,1,A,7393,Female,clvr_cost_0.15_intro_0.2_2
53,2,A,6524,Female,clvr_cost_0.15_intro_0.2_2
54,3,A,5211,Female,clvr_cost_0.15_intro_0.2_2
55,4,A,4043,Female,clvr_cost_0.15_intro_0.2_2
56,5,A,2766,Female,clvr_cost_0.15_intro_0.2_2
57,6,A,1376,Female,clvr_cost_0.15_intro_0.2_2
58,7,A,476,Female,clvr_cost_0.15_intro_0.2_2
59,8,A,65,Female,clvr_cost_0.15_intro_0.2_2
60,9,A,5,Female,clvr_cost_0.15_intro_0.2_2
61,10,A,0,Female,clvr_cost_0.15_intro_0.2_2
62,11,A,0,Female,clvr_cost_0.15_intro_0.2_2
63,12,A,0,Female,clvr_cost_0.15_intro_0.2_2
64,13,A,0,Female,clvr_cost_0.15_intro_0.2_2
65,14,A,0,Female,clvr_cost_0.15_intro_0.2_2
66,15,A,0,Female,clvr_cost_0.15_intro_0.2_2
67,16,A,0,Female,clvr_cost_0.15_intro_0.2_2
68,17,A,0,Female,clvr_cost_0.15_intro_0.2_2
69,18,A,0,Female,clvr_cost_0.15_intro_0.2_2
70,19,A,0,Female,clvr_cost_0.15_intro_0.2_2
71,20,A,0,Female,clvr_cost_0.15_intro_0.2_2
72,21,A,0,Female,clvr_cost_0.15_intro_0.2_2
73,22,A,0,Female,clvr_cost_0.15_intro_0.2_2
74,23,A,0,Female,clvr_cost_0.15_intro_0.2_2
75,24,A,0,Female,clvr_cost_0.15_intro_0.2_2
76,25,A,0,Female,clvr_cost_0.15_intro_0.2_2
77,26,A,0,Female,clvr_cost_0.15_intro_0.2_2
78,27,A,0,Female,clvr_cost_0.15_intro_0.2_2
79,28,A,0,Female,clvr_cost_0.15_intro_0.2_2
80,29,A,0,Female,clvr_cost_0.15_intro_0.2_2
81,30,A,0,Female,clvr_cost_0.15_intro_0.2_2
82,31,A,0,Female,clvr_cost_0.15_intro_0.2_2
83,32,A,0,Female,clvr_cost_0.15_intro_0.2_2
84,33,A,0,Female,clvr_cost_0.15_intro_0.2_2
85,34,A,0,Female,clvr_cost_0.15_intro_0.2_2
86,35,A,0,Female,clvr_cost_0.15_intro_0.2_2
87,36,A,0,Female,clvr_cost_0.15_intro_0.2_2
88,37,A,0,Female,clvr_cost_0.15_intro_0.2_2
89,38,A,0,Female,clvr_cost_0.15_intro_0.2_2
90,39,A,0,Female,clvr_cost_0.15_intro_0.2_2
91,40,A,0,Female,clvr_cost_0.15_intro_0.2_2
92,41,A,0,Female,clvr_cost_0.15_intro_0.2_2
93,42,A,0,Female,clvr_cost_0.15_intro_0.2_2
94,43,A,0,Female,clvr_cost_0.15_intro_0.2_2
95,44,A,0,Female,clvr_cost_0.15_intro_0.2_2
96,45,A,0,Female,clvr_cost_0.15_intro_0.2_2
97,46,A,0,Female,clvr_cost_0.15_intro_0.2_2
98,47,A,0,Female,clvr_cost_0.15_intro_0.2_2
99,48,A,0,Female,clvr_cost_0.15_intro_0.2_2
100,49,A,0,Female,clvr_cost_0.15_intro_0.2_2
101,50,A,0,Female,clvr_cost_0.15_intro_0.2_2
102,0,V,0,Female,clvr_cost_0.15_intro_0.2_2
103,1,V,1211,Female,clvr_cost_0.15_intro_0.2_2
104,2,V,1748,Female,clvr_cost_0.15_intro_0.2_2
105,3,V,2299,Female,clvr_cost_0.15_intro_0.2_2
106,4,V,2903,Female,clvr_cost_0.15_intro_0.2_2
107,5,V,3793,Female,clvr_cost_0.15_intro_0.2_2
108,6,V,4589,Female,clvr_cost_0.15_intro_0.2_2
109,7,V,5860,Female,clvr_cost_0.15_intro_0.2_2
110,8,V,7159,Female,clvr_cost_0.15_intro_0.2_2
111,9,V,8031,Female,clvr_cost_0.15_intro_0.2_2
112,10,V,8190,Female,clvr_cost_0.15_intro_0.2_2
113,11,V,8092,Female,clvr_cost_0.15_intro_0.2_2
114,12,V,8000,Female,clvr_cost_0.15_intro_0.2_2
115,13,V,8172,Female,clvr_cost_0.15_intro_0.2_2
116,14,V,8224,Female,clvr_cost_0.15_intro_0.2_2
117,15,V,8074,Female,clvr_cost_0.15_intro_0.2_2
118,16,V,8088,Female,clvr_cost_0.15_intro_0.2_2
119,17,V,8118,Female,clvr_cost_0.15_intro_0.2_2
120,18,V,8038,Female,clvr_cost_0.15_intro_0.2_2
121,19,V,7812,Female,clvr_cost_0.15_intro_0.2_2
122,20,V,7988,Female,clvr_cost_0.15_intro_0.2_2
123,21,V,8298,Female,clvr_cost_0.15_intro_0.2_2
124,22,V,8288,Female,clvr_cost_0.15_intro_0.2_2
125,23,V,8146,Female,clvr_cost_0.15_intro_0.2_2
126,24,V,8290,Female,clvr_cost_0.15_intro_0.2_2
127,25,V,8130,Female,clvr_cost_0.15_intro_0.2_2
128,26,V,8224,Female,clvr_cost_0.15_intro_0.2_2
129,27,V,8262,Female,clvr_cost_0.15_intro_0.2_2
130,28,V,8134,Female,clvr_cost_0.15_intro_0.2_2
131,29,V,8194,Female,clvr_cost_0.15_intro_0.2_2
132,30,V,8120,Female,clvr_cost_0.15_intro_0.2_2
133,31,V,8020,Female,clvr_cost_0.15_intro_0.2_2
134,32,V,8324,Female,clvr_cost_0.15_intro_0.2_2
135,33,V,8290,Female,clvr_cost_0.15_intro_0.2_2
136,34,V,8086,Female,clvr_cost_0.15_intro_0.2_2
137,35,V,8042,Female,clvr_cost_0.15_intro_0.2_2
138,36,V,8098,Female,clvr_cost_0.15_intro_0.2_2
139,37,V,8090,Female,clvr_cost_0.15_intro_0.2_2
140,38,V,8272,Female,clvr_cost_0.15_intro_0.2_2
141,39,V,8170,Female,clvr_cost_0.15_intro_0.2_2
142,40,V,8340,Female,clvr_cost_0.15_intro_0.2_2
143,41,V,8150,Female,clvr_cost_0.15_intro_0.2_2
144,42,V,8266,Female,clvr_cost_0.15_intro_0.2_2
145,43,V,8206,Female,clvr_cost_0.15_intro_0.2_2
146,44,V,8238,Female,clvr_cost_0.15_intro_0.2_2
147,45,V,7840,Female,clvr_cost_0.15_intro_0.2_2
148,46,V,7856,Female,clvr_cost_0.15_intro_0.2_2
149,47,V,8034,Female,clvr_cost_0.15_intro_0.2_2
150,48,V,7902,Female,clvr_cost_0.15_intro_0.2_2
151,49,V,8006,Female,clvr_cost_0.15_intro_0.2_2
152,50,V,8018,Female,clvr_cost_0.15_intro_0.2_2
153,0,W,10000,Female,clvr_cost_0.15_intro_0.2_2
154,1,W,7393,Female,clvr_cost_0.15_intro_0.2_2
155,2,W,6486,Female,clvr_cost_0.15_intro_0.2_2
156,3,W,5157,Female,clvr_cost_0.15_intro_0.2_2
157,4,W,3983,Female,clvr_cost_0.15_intro_0.2_2
158,5,W,2695,Female,clvr_cost_0.15_intro_0.2_2
159,6,W,1305,Female,clvr_cost_0.15_intro_0.2_2
160,7,W,428,Female,clvr_cost_0.15_intro_0.2_2
161,8,W,49,Female,clvr_cost_0.15_intro_0.2_2
162,9,W,3,Female,clvr_cost_0.15_intro_0.2_2
163,10,W,0,Female,clvr_cost_0.15_intro_0.2_2
164,11,W,0,Female,clvr_cost_0.15_intro_0.2_2
165,12,W,0,Female,clvr_cost_0.15_intro_0.2_2
166,13,W,0,Female,clvr_cost_0.15_intro_0.2_2
167,14,W,0,Female,clvr_cost_0.15_intro_0.2_2
168,15,W,0,Female,clvr_cost_0.15_intro_0.2_2
169,16,W,0,Female,clvr_cost_0.15_intro_0.2_2
170,17,W,0,Female,clvr_cost_0.15_intro_0.2_2
171,18,W,0,Female,clvr_cost_0.15_intro_0.2_2
172,19,W,0,Female,clvr_cost_0.15_intro_0.2_2
173,20,W,0,Female,clvr_cost_0.15_intro_0.2_2
174,21,W,0,Female,clvr_cost_0.15_intro_0.2_2
175,22,W,0,Female,clvr_cost_0.15_intro_0.2_2
176,23,W,0,Female,clvr_cost_0.15_intro_0.2_2
177,24,W,0,Female,clvr_cost_0.15_intro_0.2_2
178,25,W,0,Female,clvr_cost_0.15_intro_0.2_2
179,26,W,0,Female,clvr_cost_0.15_intro_0.2_2
180,27,W,0,Female,clvr_cost_0.15_intro_0.2_2
181,28,W,0,Female,clvr_cost_0.15_intro_0.2_2
182,29,W,0,Female,clvr_cost_0.15_intro_0.2_2
183,30,W,0,Female,clvr_cost_0.15_intro_0.2_2
184,31,W,0,Female,clvr_cost_0.15_intro_0.2_2
185,32,W,0,Female,clvr_cost_0.15_intro_0.2_2
186,33,W,0,Female,clvr_cost_0.15_intro_0.2_2
187,34,W,0,Female,clvr_cost_0.15_intro_0.2_2
188,35,W,0,Female,clvr_cost_0.15_intro_0.2_2
189,36,W,0,Female,clvr_cost_0.15_intro_0.2_2
190,37,W,0,Female,clvr_cost_0.15_intro_0.2_2
191,38,W,0,Female,clvr_cost_0.15_intro_0.2_2
192,39,W,0,Female,clvr_cost_0.15_intro_0.2_2
193,40,W,0,Female,clvr_cost_0.15_intro_0.2_2
194,41,W,0,Female,clvr_cost_0.15_intro_0.2_2
195,42,W,0,Female,clvr_cost_0.15_intro_0.2_2
196,43,W,0,Female,clvr_cost_0.15_intro_0.2_2
197,44,W,0,Female,clvr_cost_0.15_intro_0.2_2
198,45,W,0,Female,clvr_cost_0.15_intro_0.2_2
199,46,W,0,Female,clvr_cost_0.15_intro_0.2_2
200,47,W,0,Female,clvr_cost_0.15_intro_0.2_2
201,48,W,0,Female,clvr_cost_0.15_intro_0.2_2
202,49,W,0,Female,clvr_cost_0.15_intro_0.2_2
203,50,W,0,Female,clvr_cost_0.15_intro_0.2_2
204,0,C,4000,Male,clvr_cost_0.15_intro_0.2_2
205,1,C,1249,Male,clvr_cost_0.15_intro_0.2_2
206,2,C,1724,Male,clvr_cost_0.15_intro_0.2_2
207,3,C,2288,Male,clvr_cost_0.15_intro_0.2_2
208,4,C,2913,Male,clvr_cost_0.15_intro_0.2_2
209,5,C,3911,Male,clvr_cost_0.15_intro_0.2_2
210,6,C,4696,Male,clvr_cost_0.15_intro_0.2_2
211,7,C,5899,Male,clvr_cost_0.15_intro_0.2_2
212,8,C,7378,Male,clvr_cost_0.15_intro_0.2_2
213,9,C,8114,Male,clvr_cost_0.15_intro_0.2_2
214,10,C,8382,Male,clvr_cost_0.15_intro_0.2_2
215,11,C,8216,Male,clvr_cost_0.15_intro_0.2_2
216,12,C,8070,Male,clvr_cost_0.15_intro_0.2_2
217,13,C,8208,Male,clvr_cost_0.15_intro_0.2_2
218,14,C,8226,Male,clvr_cost_0.15_intro_0.2_2
219,15,C,8280,Male,clvr_cost_0.15_intro_0.2_2
220,16,C,8234,Male,clvr_cost_0.15_intro_0.2_2
221,17,C,8118,Male,clvr_cost_0.15_intro_0.2_2
222,18,C,8118,Male,clvr_cost_0.15_intro_0.2_2
223,19,C,8228,Male,clvr_cost_0.15_intro_0.2_2
224,20,C,8068,Male,clvr_cost_0.15_intro_0.2_2
225,21,C,8330,Male,clvr_cost_0.15_intro_0.2_2
226,22,C,8382,Male,clvr_cost_0.15_intro_0.2_2
227,23,C,8188,Male,clvr_cost_0.15_intro_0.2_2
228,24,C,8348,Male,clvr_cost_0.15_intro_0.2_2
229,25,C,8188,Male,clvr_cost_0.15_intro_0.2_2
230,26,C,8254,Male,clvr_cost_0.15_intro_0.2_2
231,27,C,8324,Male,clvr_cost_0.15_intro_0.2_2
232,28,C,8160,Male,clvr_cost_0.15_intro_0.2_2
233,29,C,8318,Male,clvr_cost_0.15_intro_0.2_2
234,30,C,8288,Male,clvr_cost_0.15_intro_0.2_2
235,31,C,8116,Male,clvr_cost_0.15_intro_0.2_2
236,32,C,8330,Male,clvr_cost_0.15_intro_0.2_2
237,33,C,8352,Male,clvr_cost_0.15_intro_0.2_2
238,34,C,8136,Male,clvr_cost_0.15_intro_0.2_2
239,35,C,8072,Male,clvr_cost_0.15_intro_0.2_2
240,36,C,8208,Male,clvr_cost_0.15_intro_0.2_2
241,37,C,8104,Male,clvr_cost_0.15_intro_0.2_2
242,38,C,8374,Male,clvr_cost_0.15_intro_0.2_2
243,39,C,8176,Male,clvr_cost_0.15_intro_0.2_2
244,40,C,8380,Male,clvr_cost_0.15_intro_0.2_2
245,41,C,8156,Male,clvr_cost_0.15_intro_0.2_2
246,42,C,8488,Male,clvr_cost_0.15_intro_0.2_2
247,43,C,8226,Male,clvr_cost_0.15_intro_0.2_2
248,44,C,8466,Male,clvr_cost_0.15_intro_0.2_2
249,45,C,8160,Male,clvr_cost_0.15_intro_0.2_2
250,46,C,8006,Male,clvr_cost_0.15_intro_0.2_2
251,47,C,8148,Male,clvr_cost_0.15_intro_0.2_2
252,48,C,8254,Male,clvr_cost_0.15_intro_0.2_2
253,49,C,8428,Male,clvr_cost_0.15_intro_0.2_2
254,50,C,8164,Male,clvr_cost_0.15_intro_0.2_2
255,0,A,10000,Male,clvr_cost_0.15_intro_0.2_2
256,1,A,7459,Male,clvr_cost_0.15_intro_0.2_2
257,2,A,6530,Male,clvr_cost_0.15_intro_0.2_2
258,3,A,5450,Male,clvr_cost_0.15_intro_0.2_2
259,4,A,4035,Male,clvr_cost_0.15_intro_0.2_2
260,5,A,2781,Male,clvr_cost_0.15_intro_0.2_2
261,6,A,1436,Male,clvr_cost_0.15_intro_0.2_2
262,7,A,445,Male,clvr_cost_0.15_intro_0.2_2
263,8,A,60,Male,clvr_cost_0.15_intro_0.2_2
264,9,A,8,Male,clvr_cost_0.15_intro_0.2_2
265,10,A,0,Male,clvr_cost_0.15_intro_0.2_2
266,11,A,0,Male,clvr_cost_0.15_intro_0.2_2
267,12,A,0,Male,clvr_cost_0.15_intro_0.2_2
268,13,A,0,Male,clvr_cost_0.15_intro_0.2_2
269,14,A,0,Male,clvr_cost_0.15_intro_0.2_2
270,15,A,0,Male,clvr_cost_0.15_intro_0.2_2
271,16,A,0,Male,clvr_cost_0.15_intro_0.2_2
272,17,A,0,Male,clvr_cost_0.15_intro_0.2_2
273,18,A,0,Male,clvr_cost_0.15_intro_0.2_2
274,19,A,0,Male,clvr_cost_0.15_intro_0.2_2
275,20,A,0,Male,clvr_cost_0.15_intro_0.2_2
276,21,A,0,Male,clvr_cost_0.15_intro_0.2_2
277,22,A,0,Male,clvr_cost_0.15_intro_0.2_2
278,23,A,0,Male,clvr_cost_0.15_intro_0.2_2
279,24,A,0,Male,clvr_cost_0.15_intro_0.2_2
280,25,A,0,Male,clvr_cost_0.15_intro_0.2_2
281,26,A,0,Male,clvr_cost_0.15_intro_0.2_2
282,27,A,0,Male,clvr_cost_0.15_intro_0.2_2
283,28,A,0,Male,clvr_cost_0.15_intro_0.2_2
284,29,A,0,Male,clvr_cost_0.15_intro_0.2_2
285,30,A,0,Male,clvr_cost_0.15_intro_0.2_2
286,31,A,0,Male,clvr_cost_0.15_intro_0.2_2
287,32,A,0,Male,clvr_cost_0.15_intro_0.2_2
288,33,A,0,Male,clvr_cost_0.15_intro_0.2_2
289,34,A,0,Male,clvr_cost_0.15_intro_0.2_2
290,35,A,0,Male,clvr_cost_0.15_intro_0.2_2
291,36,A,0,Male,clvr_cost_0.15_intro_0.2_2
292,37,A,0,Male,clvr_cost_0.15_intro_0.2_2
293,38,A,0,Male,clvr_cost_0.15_intro_0.2_2
294,39,A,0,Male,clvr_cost_0.15_intro_0.2_2
295,40,A,0,Male,clvr_cost_0.15_intro_0.2_2
296,41,A,0,Male,clvr_cost_0.15_intro_0.2_2
297,42,A,0,Male,clvr_cost_0.15_intro_0.2_2
298,43,A,0,Male,clvr_cost_0.15_intro_0.2_2
299,44,A,0,Male,clvr_cost_0.15_intro_0.2_2
300,45,A,0,Male,clvr_cost_0.15_intro_0.2_2
301,46,A,0,Male,clvr_cost_0.15_intro_0.2_2
302,47,A,0,Male,clvr_cost_0.15_intro_0.2_2
303,48,A,0,Male,clvr_cost_0.15_intro_0.2_2
304,49,A,0,Male,clvr_cost_0.15_intro_0.2_2
305,50,A,0,Male,clvr_cost_0.15_intro_0.2_2
306,0,V,4000,Male,clvr_cost_0.15_intro_0.2_2
307,1,V,1249,Male,clvr_cost_0.15_intro_0.2_2
308,2,V,1778,Male,clvr_cost_0.15_intro_0.2_2
309,3,V,2341,Male,clvr_cost_0.15_intro_0.2_2
310,4,V,2959,Male,clvr_cost_0.15_intro_0.2_2
311,5,V,3973,Male,clvr_cost_0.15_intro_0.2_2
312,6,V,4764,Male,clvr_cost_0.15_intro_0.2_2
313,7,V,5949,Male,clvr_cost_0.15_intro_0.2_2
314,8,V,7403,Male,clvr_cost_0.15_intro_0.2_2
315,9,V,8119,Male,clvr_cost_0.15_intro_0.2_2
316,10,V,8382,Male,clvr_cost_0.15_intro_0.2_2
317,11,V,8216,Male,clvr_cost_0.15_intro_0.2_2
318,12,V,8070,Male,clvr_cost_0.15_intro_0.2_2
319,13,V,8208,Male,clvr_cost_0.15_intro_0.2_2
320,14,V,8226,Male,clvr_cost_0.15_intro_0.2_2
321,15,V,8280,Male,clvr_cost_0.15_intro_0.2_2
322,16,V,8234,Male,clvr_cost_0.15_intro_0.2_2
323,17,V,8118,Male,clvr_cost_0.15_intro_0.2_2
324,18,V,8118,Male,clvr_cost_0.15_intro_0.2_2
325,19,V,8228,Male,clvr_cost_0.15_intro_0.2_2
326,20,V,8068,Male,clvr_cost_0.15_intro_0.2_2
327,21,V,8330,Male,clvr_cost_0.15_intro_0.2_2
328,22,V,8382,Male,clvr_cost_0.15_intro_0.2_2
329,23,V,8188,Male,clvr_cost_0.15_intro_0.2_2
330,24,V,8348,Male,clvr_cost_0.15_intro_0.2_2
331,25,V,8188,Male,clvr_cost_0.15_intro_0.2_2
332,26,V,8254,Male,clvr_cost_0.15_intro_0.2_2
333,27,V,8324,Male,clvr_cost_0.15_intro_0.2_2
334,28,V,8160,Male,clvr_cost_0.15_intro_0.2_2
335,29,V,8318,Male,clvr_cost_0.15_intro_0.2_2
336,30,V,8288,Male,clvr_cost_0.15_intro_0.2_2
337,31,V,8116,Male,clvr_cost_0.15_intro_0.2_2
338,32,V,8330,Male,clvr_cost_0.15_intro_0.2_2
339,33,V,8352,Male,clvr_cost_0.15_intro_0.2_2
340,34,V,8136,Male,clvr_cost_0.15_intro_0.2_2
341,35,V,8072,Male,clvr_cost_0.15_intro_0.2_2
342,36,V,8208,Male,clvr_cost_0.15_intro_0.2_2
343,37,V,8104,Male,clvr_cost_0.15_intro_0.2_2
344,38,V,8374,Male,clvr_cost_0.15_intro_0.2_2
345,39,V,8176,Male,clvr_cost_0.15_intro_0.2_2
346,40,V,8380,Male,clvr_cost_0.15_intro_0.2_2
347,41,V,8156,Male,clvr_cost_0.15_intro_0.2_2
348,42,V,8488,Male,clvr_cost_0.15_intro_0.2_2
349,43,V,8226,Male,clvr_cost_0.15_intro_0.2_2
350,44,V,8466,Male,clvr_cost_0.15_intro_0.2_2
351,45,V,8160,Male,clvr_cost_0.15_intro_0.2_2
352,46,V,8006,Male,clvr_cost_0.15_intro_0.2_2
353,47,V,8148,Male,clvr_cost_0.15_intro_0.2_2
354,48,V,8254,Male,clvr_cost_0.15_intro_0.2_2
355,49,V,8428,Male,clvr_cost_0.15_intro_0.2_2
356,50,V,8164,Male,clvr_cost_0.15_intro_0.2_2
357,0,W,10000,Male,clvr_cost_0.15_intro_0.2_2
358,1,W,7459,Male,clvr_cost_0.15_intro_0.2_2
359,2,W,6476,Male,clvr_cost_0.15_intro_0.2_2
360,3,W,5397,Male,clvr_cost_0.15_intro_0.2_2
361,4,W,3989,Male,clvr_cost_0.15_intro_0.2_2
362,5,W,2719,Male,clvr_cost_0.15_intro_0.2_2
363,6,W,1368,Male,clvr_cost_0.15_intro_0.2_2
364,7,W,395,Male,clvr_cost_0.15_intro_0.2_2
365,8,W,35,Male,clvr_cost_0.15_intro_0.2_2
366,9,W,3,Male,clvr_cost_0.15_intro_0.2_2
367,10,W,0,Male,clvr_cost_0.15_intro_0.2_2
368,11,W,0,Male,clvr_cost_0.15_intro_0.2_2
369,12,W,0,Male,clvr_cost_0.15_intro_0.2_2
370,13,W,0,Male,clvr_cost_0.15_intro_0.2_2
371,14,W,0,Male,clvr_cost_0.15_intro_0.2_2
372,15,W,0,Male,clvr_cost_0.15_intro_0.2_2
373,16,W,0,Male,clvr_cost_0.15_intro_0.2_2
374,17,W,0,Male,clvr_cost_0.15_intro_0.2_2
375,18,W,0,Male,clvr_cost_0.15_intro_0.2_2
376,19,W,0,Male,clvr_cost_0.15_intro_0.2_2
377,20,W,0,Male,clvr_cost_0.15_intro_0.2_2
378,21,W,0,Male,clvr_cost_0.15_intro_0.2_2
379,22,W,0,Male,clvr_cost_0.15_intro_0.2_2
380,23,W,0,Male,clvr_cost_0.15_intro_0.2_2
381,24,W,0,Male,clvr_cost_0.15_intro_0.2_2
382,25,W,0,Male,clvr_cost_0.15_intro_0.2_2
383,26,W,0,Male,clvr_cost_0.15_intro_0.2_2
384,27,W,0,Male,clvr_cost_0.15_intro_0.2_2
385,28,W,0,Male,clvr_cost_0.15_intro_0.2_2
386,29,W,0,Male,clvr_cost_0.15_intro_0.2_2
387,30,W,0,Male,clvr_cost_0.15_intro_0.2_2
388,31,W,0,Male,clvr_cost_0.15_intro_0.2_2
389,32,W,0,Male,clvr_cost_0.15_intro_0.2_2
390,33,W,0,Male,clvr_cost_0.15_intro_0.2_2
391,34,W,0,Male,clvr_cost_0.15_intro_0.2_2
392,35,W,0,Male,clvr_cost_0.15_intro_0.2_2
393,36,W,0,Male,clvr_cost_0.15_intro_0.2_2
394,37,W,0,Male,clvr_cost_0.15_intro_0.2_2
395,38,W,0,Male,clvr_cost_0.15_intro_0.2_2
396,39,W,0,Male,clvr_cost_0.15_intro_0.2_2
397,40,W,0,Male,clvr_cost_0.15_intro_0.2_2
398,41,W,0,Male,clvr_cost_0.15_intro_0.2_2
399,42,W,0,Male,clvr_cost_0.15_intro_0.2_2
400,43,W,0,Male,clvr_cost_0.15_intro_0.2_2
401,44,W,0,Male,clvr_cost_0.15_intro_0.2_2
402,45,W,0,Male,clvr_cost_0.15_intro_0.2_2
403,46,W,0,Male,clvr_cost_0.15_intro_0.2_2
404,47,W,0,Male,clvr_cost_0.15_intro_0.2_2
405,48,W,0,Male,clvr_cost_0.15_intro_0.2_2
406,49,W,0,Male,clvr_cost_0.15_intro_0.2_2
407,50,W,0,Male,clvr_cost_0.15_intro_0.2_2
,Generation,Allele,Count,Sex,Run
0,0,C,0,Female,clvr_cost_0.15_intro_0.2_3
1,1,C,1189,Female,clvr_cost_0.15_intro_0.2_3
2,2,C,1648,Female,clvr_cost_0.15_intro_0.2_3
3,3,C,2228,Female,clvr_cost_0.15_intro_0.2_3
4,4,C,3015,Female,clvr_cost_0.15_intro_0.2_3
5,5,C,3783,Female,clvr_cost_0.15_intro_0.2_3
6,6,C,4509,Female,clvr_cost_0.15_intro_0.2_3
7,7,C,5988,Female,clvr_cost_0.15_intro_0.2_3
8,8,C,7215,Female,clvr_cost_0.15_intro_0.2_3
9,9,C,7705,Female,clvr_cost_0.15_intro_0.2_3
10,10,C,7950,Female,clvr_cost_0.15_intro_0.2_3
11,11,C,8218,Female,clvr_cost_0.15_intro_0.2_3
12,12,C,8212,Female,clvr_cost_0.15_intro_0.2_3
13,13,C,8298,Female,clvr_cost_0.15_intro_0.2_3
14,14,C,8098,Female,clvr_cost_0.15_intro_0.2_3
15,15,C,8160,Female,clvr_cost_0.15_intro_0.2_3
16,16,C,8016,Female,clvr_cost_0.15_intro_0.2_3
17,17,C,8070,Female,clvr_cost_0.15_intro_0.2_3
18,18,C,8102,Female,clvr_cost_0.15_intro_0.2_3
19,19,C,8234,Female,clvr_cost_0.15_intro_0.2_3
20,20,C,8024,Female,clvr_cost_0.15_intro_0.2_3
21,21,C,8132,Female,clvr_cost_0.15_intro_0.2_3
22,22,C,7976,Female,clvr_cost_0.15_intro_0.2_3
23,23,C,7850,Female,clvr_cost_0.15_intro_0.2_3
24,24,C,8076,Female,clvr_cost_0.15_intro_0.2_3
25,25,C,8232,Female,clvr_cost_0.15_intro_0.2_3
26,26,C,8396,Female,clvr_cost_0.15_intro_0.2_3
27,27,C,8216,Female,clvr_cost_0.15_intro_0.2_3
28,28,C,8184,Female,clvr_cost_0.15_intro_0.2_3
29,29,C,8256,Female,clvr_cost_0.15_intro_0.2_3
30,30,C,8054,Female,clvr_cost_0.15_intro_0.2_3
31,31,C,8118,Female,clvr_cost_0.15_intro_0.2_3
32,32,C,8104,Female,clvr_cost_0.15_intro_0.2_3
33,33,C,8114,Female,clvr_cost_0.15_intro_0.2_3
34,34,C,7880,Female,clvr_cost_0.15_intro_0.2_3
35,35,C,8128,Female,clvr_cost_0.15_intro_0.2_3
36,36,C,8220,Female,clvr_cost_0.15_intro_0.2_3
37,37,C,8226,Female,clvr_cost_0.15_intro_0.2_3
38,38,C,8258,Female,clvr_cost_0.15_intro_0.2_3
39,39,C,7950,Female,clvr_cost_0.15_intro_0.2_3
40,40,C,7964,Female,clvr_cost_0.15_intro_0.2_3
41,41,C,8144,Female,clvr_cost_0.15_intro_0.2_3
42,42,C,8394,Female,clvr_cost_0.15_intro_0.2_3
43,43,C,8356,Female,clvr_cost_0.15_intro_0.2_3
44,44,C,8372,Female,clvr_cost_0.15_intro_0.2_3
45,45,C,8324,Female,clvr_cost_0.15_intro_0.2_3
46,46,C,8278,Female,clvr_cost_0.15_intro_0.2_3
47,47,C,8238,Female,clvr_cost_0.15_intro_0.2_3
48,48,C,8152,Female,clvr_cost_0.15_intro_0.2_3
49,49,C,8322,Female,clvr_cost_0.15_intro_0.2_3
50,50,C,8304,Female,clvr_cost_0.15_intro_0.2_3
51,0,A,10000,Female,clvr_cost_0.15_intro_0.2_3
52,1,A,7279,Female,clvr_cost_0.15_intro_0.2_3
53,2,A,6390,Female,clvr_cost_0.15_intro_0.2_3
54,3,A,5402,Female,clvr_cost_0.15_intro_0.2_3
55,4,A,4179,Female,clvr_cost_0.15_intro_0.2_3
56,5,A,2725,Female,clvr_cost_0.15_intro_0.2_3
57,6,A,1391,Female,clvr_cost_0.15_intro_0.2_3
58,7,A,454,Female,clvr_cost_0.15_intro_0.2_3
59,8,A,67,Female,clvr_cost_0.15_intro_0.2_3
60,9,A,3,Female,clvr_cost_0.15_intro_0.2_3
61,10,A,0,Female,clvr_cost_0.15_intro_0.2_3
62,11,A,0,Female,clvr_cost_0.15_intro_0.2_3
63,12,A,0,Female,clvr_cost_0.15_intro_0.2_3
64,13,A,0,Female,clvr_cost_0.15_intro_0.2_3
65,14,A,0,Female,clvr_cost_0.15_intro_0.2_3
66,15,A,0,Female,clvr_cost_0.15_intro_0.2_3
67,16,A,0,Female,clvr_cost_0.15_intro_0.2_3
68,17,A,0,Female,clvr_cost_0.15_intro_0.2_3
69,18,A,0,Female,clvr_cost_0.15_intro_0.2_3
70,19,A,0,Female,clvr_cost_0.15_intro_0.2_3
71,20,A,0,Female,clvr_cost_0.15_intro_0.2_3
72,21,A,0,Female,clvr_cost_0.15_intro_0.2_3
73,22,A,0,Female,clvr_cost_0.15_intro_0.2_3
74,23,A,0,Female,clvr_cost_0.15_intro_0.2_3
75,24,A,0,Female,clvr_cost_0.15_intro_0.2_3
76,25,A,0,Female,clvr_cost_0.15_intro_0.2_3
77,26,A,0,Female,clvr_cost_0.15_intro_0.2_3
78,27,A,0,Female,clvr_cost_0.15_intro_0.2_3
79,28,A,0,Female,clvr_cost_0.15_intro_0.2_3
80,29,A,0,Female,clvr_cost_0.15_intro_0.2_3
81,30,A,0,Female,clvr_cost_0.15_intro_0.2_3
82,31,A,0,Female,clvr_cost_0.15_intro_0.2_3
83,32,A,0,Female,clvr_cost_0.15_intro_0.2_3
84,33,A,0,Female,clvr_cost_0.15_intro_0.2_3
85,34,A,0,Female,clvr_cost_0.15_intro_0.2_3
86,35,A,0,Female,clvr_cost_0.15_intro_0.2_3
87,36,A,0,Female,clvr_cost_0.15_intro_0.2_3
88,37,A,0,Female,clvr_cost_0.15_intro_0.2_3
89,38,A,0,Female,clvr_cost_0.15_intro_0.2_3
90,39,A,0,Female,clvr_cost_0.15_intro_0.2_3
91,40,A,0,Female,clvr_cost_0.15_intro_0.2_3
92,41,A,0,Female,clvr_cost_0.15_intro_0.2_3
93,42,A,0,Female,clvr_cost_0.15_intro_0.2_3
94,43,A,0,Female,clvr_cost_0.15_intro_0.2_3
95,44,A,0,Female,clvr_cost_0.15_intro_0.2_3
96,45,A,0,Female,clvr_cost_0.15_intro_0.2_3
97,46,A,0,Female,clvr_cost_0.15_intro_0.2_3
98,47,A,0,Female,clvr_cost_0.15_intro_0.2_3
99,48,A,0,Female,clvr_cost_0.15_intro_0.2_3
100,49,A,0,Female,clvr_cost_0.15_intro_0.2_3
101,50,A,0,Female,clvr_cost_0.15_intro_0.2_3
102,0,V,0,Female,clvr_cost_0.15_intro_0.2_3
103,1,V,1189,Female,clvr_cost_0.15_intro_0.2_3
104,2,V,1700,Female,clvr_cost_0.15_intro_0.2_3
105,3,V,2275,Female,clvr_cost_0.15_intro_0.2_3
106,4,V,3075,Female,clvr_cost_0.15_intro_0.2_3
107,5,V,3842,Female,clvr_cost_0.15_intro_0.2_3
108,6,V,4590,Female,clvr_cost_0.15_intro_0.2_3
109,7,V,6035,Female,clvr_cost_0.15_intro_0.2_3
110,8,V,7239,Female,clvr_cost_0.15_intro_0.2_3
111,9,V,7707,Female,clvr_cost_0.15_intro_0.2_3
112,10,V,7950,Female,clvr_cost_0.15_intro_0.2_3
113,11,V,8218,Female,clvr_cost_0.15_intro_0.2_3
114,12,V,8212,Female,clvr_cost_0.15_intro_0.2_3
115,13,V,8298,Female,clvr_cost_0.15_intro_0.2_3
116,14,V,8098,Female,clvr_cost_0.15_intro_0.2_3
117,15,V,8160,Female,clvr_cost_0.15_intro_0.2_3
118,16,V,8016,Female,clvr_cost_0.15_intro_0.2_3
119,17,V,8070,Female,clvr_cost_0.15_intro_0.2_3
120,18,V,8102,Female,clvr_cost_0.15_intro_0.2_3
121,19,V,8234,Female,clvr_cost_0.15_intro_0.2_3
122,20,V,8024,Female,clvr_cost_0.15_intro_0.2_3
123,21,V,8132,Female,clvr_cost_0.15_intro_0.2_3
124,22,V,7976,Female,clvr_cost_0.15_intro_0.2_3
125,23,V,7850,Female,clvr_cost_0.15_intro_0.2_3
126,24,V,8076,Female,clvr_cost_0.15_intro_0.2_3
127,25,V,8232,Female,clvr_cost_0.15_intro_0.2_3
128,26,V,8396,Female,clvr_cost_0.15_intro_0.2_3
129,27,V,8216,Female,clvr_cost_0.15_intro_0.2_3
130,28,V,8184,Female,clvr_cost_0.15_intro_0.2_3
131,29,V,8256,Female,clvr_cost_0.15_intro_0.2_3
132,30,V,8054,Female,clvr_cost_0.15_intro_0.2_3
133,31,V,8118,Female,clvr_cost_0.15_intro_0.2_3
134,32,V,8104,Female,clvr_cost_0.15_intro_0.2_3
135,33,V,8114,Female,clvr_cost_0.15_intro_0.2_3
136,34,V,7880,Female,clvr_cost_0.15_intro_0.2_3
137,35,V,8128,Female,clvr_cost_0.15_intro_0.2_3
138,36,V,8220,Female,clvr_cost_0.15_intro_0.2_3
139,37,V,8226,Female,clvr_cost_0.15_intro_0.2_3
140,38,V,8258,Female,clvr_cost_0.15_intro_0.2_3
141,39,V,7950,Female,clvr_cost_0.15_intro_0.2_3
142,40,V,7964,Female,clvr_cost_0.15_intro_0.2_3
143,41,V,8144,Female,clvr_cost_0.15_intro_0.2_3
144,42,V,8394,Female,clvr_cost_0.15_intro_0.2_3
145,43,V,8356,Female,clvr_cost_0.15_intro_0.2_3
146,44,V,8372,Female,clvr_cost_0.15_intro_0.2_3
147,45,V,8324,Female,clvr_cost_0.15_intro_0.2_3
148,46,V,8278,Female,clvr_cost_0.15_intro_0.2_3
149,47,V,8238,Female,clvr_cost_0.15_intro_0.2_3
150,48,V,8152,Female,clvr_cost_0.15_intro_0.2_3
151,49,V,8322,Female,clvr_cost_0.15_intro_0.2_3
152,50,V,8304,Female,clvr_cost_0.15_intro_0.2_3
153,0,W,10000,Female,clvr_cost_0.15_intro_0.2_3
154,1,W,7279,Female,clvr_cost_0.15_intro_0.2_3
155,2,W,6338,Female,clvr_cost_0.15_intro_0.2_3
156,3,W,5355,Female,clvr_cost_0.15_intro_0.2_3
157,4,W,4119,Female,clvr_cost_0.15_intro_0.2_3
158,5,W,2666,Female,clvr_cost_0.15_intro_0.2_3
159,6,W,1310,Female,clvr_cost_0.15_intro_0.2_3
160,7,W,407,Female,clvr_cost_0.15_intro_0.2_3
161,8,W,43,Female,clvr_cost_0.15_intro_0.2_3
162,9,W,1,Female,clvr_cost_0.15_intro_0.2_3
163,10,W,0,Female,clvr_cost_0.15_intro_0.2_3
164,11,W,0,Female,clvr_cost_0.15_intro_0.2_3
165,12,W,0,Female,clvr_cost_0.15_intro_0.2_3
166,13,W,0,Female,clvr_cost_0.15_intro_0.2_3
167,14,W,0,Female,clvr_cost_0.15_intro_0.2_3
168,15,W,0,Female,clvr_cost_0.15_intro_0.2_3
169,16,W,0,Female,clvr_cost_0.15_intro_0.2_3
170,17,W,0,Female,clvr_cost_0.15_intro_0.2_3
171,18,W,0,Female,clvr_cost_0.15_intro_0.2_3
172,19,W,0,Female,clvr_cost_0.15_intro_0.2_3
173,20,W,0,Female,clvr_cost_0.15_intro_0.2_3
174,21,W,0,Female,clvr_cost_0.15_intro_0.2_3
175,22,W,0,Female,clvr_cost_0.15_intro_0.2_3
176,23,W,0,Female,clvr_cost_0.15_intro_0.2_3
177,24,W,0,Female,clvr_cost_0.15_intro_0.2_3
178,25,W,0,Female,clvr_cost_0.15_intro_0.2_3
179,26,W,0,Female,clvr_cost_0.15_intro_0.2_3
180,27,W,0,Female,clvr_cost_0.15_intro_0.2_3
181,28,W,0,Female,clvr_cost_0.15_intro_0.2_3
182,29,W,0,Female,clvr_cost_0.15_intro_0.2_3
183,30,W,0,Female,clvr_cost_0.15_intro_0.2_3
184,31,W,0,Female,clvr_cost_0.15_intro_0.2_3
185,32,W,0,Female,clvr_cost_0.15_intro_0.2_3
186,33,W,0,Female,clvr_cost_0.15_intro_0.2_3
187,34,W,0,Female,clvr_cost_0.15_intro_0.2_3
188,35,W,0,Female,clvr_cost_0.15_intro_0.2_3
189,36,W,0,Female,clvr_cost_0.15_intro_0.2_3
190,37,W,0,Female,clvr_cost_0.15_intro_0.2_3
191,38,W,0,Female,clvr_cost_0.15_intro_0.2_3
192,39,W,0,Female,clvr_cost_0.15_intro_0.2_3
193,40,W,0,Female,clvr_cost_0.15_intro_0.2_3
194,41,W,0,Female,clvr_cost_0.15_intro_0.2_3
195,42,W,0,Female,clvr_cost_0.15_intro_0.2_3
196,43,W,0,Female,clvr_cost_0.15_intro_0.2_3
197,44,W,0,Female,clvr_cost_0.15_intro_0.2_3
198,45,W,0,Female,clvr_cost_0.15_intro_0.2_3
199,46,W,0,Female,clvr_cost_0.15_intro_0.2_3
200,47,W,0,Female,clvr_cost_0.15_intro_0.2_3
201,48,W,0,Female,clvr_cost_0.15_intro_0.2_3
202,49,W,0,Female,clvr_cost_0.15_intro_0.2_3
203,50,W,0,Female,clvr_cost_0.15_intro_0.2_3
204,0,C,4000,Male,clvr_cost_0.15_intro_0.2_3
205,1,C,1243,Male,clvr_cost_0.15_intro_0.2_3
206,2,C,1628,Male,clvr_cost_0.15_intro_0.2_3
207,3,C,2223,Male,clvr_cost_0.15_intro_0.2_3
208,4,C,3025,Male,clvr_cost_0.15_intro_0.2_3
209,5,C,3940,Male,clvr_cost_0.15_intro_0.2_3
210,6,C,4637,Male,clvr_cost_0.15_intro_0.2_3
211,7,C,6109,Male,clvr_cost_0.15_intro_0.2_3
212,8,C,7282,Male,clvr_cost_0.15_intro_0.2_3
213,9,C,7845,Male,clvr_cost_0.15_intro_0.2_3
214,10,C,8040,Male,clvr_cost_0.15_intro_0.2_3
215,11,C,8262,Male,clvr_cost_0.15_intro_0.2_3
216,12,C,8382,Male,clvr_cost_0.15_intro_0.2_3
217,13,C,8354,Male,clvr_cost_0.15_intro_0.2_3
218,14,C,8272,Male,clvr_cost_0.15_intro_0.2_3
219,15,C,8166,Male,clvr_cost_0.15_intro_0.2_3
220,16,C,8404,Male,clvr_cost_0.15_intro_0.2_3
221,17,C,8208,Male,clvr_cost_0.15_intro_0.2_3
222,18,C,8454,Male,clvr_cost_0.15_intro_0.2_3
223,19,C,8322,Male,clvr_cost_0.15_intro_0.2_3
224,20,C,8170,Male,clvr_cost_0.15_intro_0.2_3
225,21,C,8198,Male,clvr_cost_0.15_intro_0.2_3
226,22,C,8162,Male,clvr_cost_0.15_intro_0.2_3
227,23,C,8250,Male,clvr_cost_0.15_intro_0.2_3
228,24,C,8098,Male,clvr_cost_0.15_intro_0.2_3
229,25,C,8268,Male,clvr_cost_0.15_intro_0.2_3
230,26,C,8494,Male,clvr_cost_0.15_intro_0.2_3
231,27,C,8302,Male,clvr_cost_0.15_intro_0.2_3
232,28,C,8248,Male,clvr_cost_0.15_intro_0.2_3
233,29,C,8410,Male,clvr_cost_0.15_intro_0.2_3
234,30,C,8254,Male,clvr_cost_0.15_intro_0.2_3
235,31,C,8320,Male,clvr_cost_0.15_intro_0.2_3
236,32,C,8276,Male,clvr_cost_0.15_intro_0.2_3
237,33,C,8202,Male,clvr_cost_0.15_intro_0.2_3
238,34,C,8218,Male,clvr_cost_0.15_intro_0.2_3
239,35,C,8152,Male,clvr_cost_0.15_intro_0.2_3
240,36,C,8256,Male,clvr_cost_0.15_intro_0.2_3
241,37,C,8266,Male,clvr_cost_0.15_intro_0.2_3
242,38,C,8340,Male,clvr_cost_0.15_intro_0.2_3
243,39,C,8092,Male,clvr_cost_0.15_intro_0.2_3
244,40,C,8120,Male,clvr_cost_0.15_intro_0.2_3
245,41,C,8162,Male,clvr_cost_0.15_intro_0.2_3
246,42,C,8462,Male,clvr_cost_0.15_intro_0.2_3
247,43,C,8374,Male,clvr_cost_0.15_intro_0.2_3
248,44,C,8374,Male,clvr_cost_0.15_intro_0.2_3
249,45,C,8430,Male,clvr_cost_0.15_intro_0.2_3
250,46,C,8416,Male,clvr_cost_0.15_intro_0.2_3
251,47,C,8250,Male,clvr_cost_0.15_intro_0.2_3
252,48,C,8228,Male,clvr_cost_0.15_intro_0.2_3
253,49,C,8396,Male,clvr_cost_0.15_intro_0.2_3
254,50,C,8482,Male,clvr_cost_0.15_intro_0.2_3
255,0,A,10000,Male,clvr_cost_0.15_intro_0.2_3
256,1,A,7363,Male,clvr_cost_0.15_intro_0.2_3
257,2,A,6478,Male,clvr_cost_0.15_intro_0.2_3
258,3,A,5433,Male,clvr_cost_0.15_intro_0.2_3
259,4,A,4197,Male,clvr_cost_0.15_intro_0.2_3
260,5,A,2814,Male,clvr_cost_0.15_intro_0.2_3
261,6,A,1409,Male,clvr_cost_0.15_intro_0.2_3
262,7,A,437,Male,clvr_cost_0.15_intro_0.2_3
263,8,A,74,Male,clvr_cost_0.15_intro_0.2_3
264,9,A,7,Male,clvr_cost_0.15_intro_0.2_3
265,10,A,0,Male,clvr_cost_0.15_intro_0.2_3
266,11,A,0,Male,clvr_cost_0.15_intro_0.2_3
267,12,A,0,Male,clvr_cost_0.15_intro_0.2_3
268,13,A,0,Male,clvr_cost_0.15_intro_0.2_3
269,14,A,0,Male,clvr_cost_0.15_intro_0.2_3
270,15,A,0,Male,clvr_cost_0.15_intro_0.2_3
271,16,A,0,Male,clvr_cost_0.15_intro_0.2_3
272,17,A,0,Male,clvr_cost_0.15_intro_0.2_3
273,18,A,0,Male,clvr_cost_0.15_intro_0.2_3
274,19,A,0,Male,clvr_cost_0.15_intro_0.2_3
275,20,A,0,Male,clvr_cost_0.15_intro_0.2_3
276,21,A,0,Male,clvr_cost_0.15_intro_0.2_3
277,22,A,0,Male,clvr_cost_0.15_intro_0.2_3
278,23,A,0,Male,clvr_cost_0.15_intro_0.2_3
279,24,A,0,Male,clvr_cost_0.15_intro_0.2_3
280,25,A,0,Male,clvr_cost_0.15_intro_0.2_3
281,26,A,0,Male,clvr_cost_0.15_intro_0.2_3
282,27,A,0,Male,clvr_cost_0.15_intro_0.2_3
283,28,A,0,Male,clvr_cost_0.15_intro_0.2_3
284,29,A,0,Male,clvr_cost_0.15_intro_0.2_3
285,30,A,0,Male,clvr_cost_0.15_intro_0.2_3
286,31,A,0,Male,clvr_cost_0.15_intro_0.2_3
287,32,A,0,Male,clvr_cost_0.15_intro_0.2_3
288,33,A,0,Male,clvr_cost_0.15_intro_0.2_3
289,34,A,0,Male,clvr_cost_0.15_intro_0.2_3
290,35,A,0,Male,clvr_cost_0.15_intro_0.2_3
291,36,A,0,Male,clvr_cost_0.15_intro_0.2_3
292,37,A,0,Male,clvr_cost_0.15_intro_0.2_3
293,38,A,0,Male,clvr_cost_0.15_intro_0.2_3
294,39,A,0,Male,clvr_cost_0.15_intro_0.2_3
295,40,A,0,Male,clvr_cost_0.15_intro_0.2_3
296,41,A,0,Male,clvr_cost_0.15_intro_0.2_3
297,42,A,0,Male,clvr_cost_0.15_intro_0.2_3
298,43,A,0,Male,clvr_cost_0.15_intro_0.2_3
299,44,A,0,Male,clvr_cost_0.15_intro_0.2_3
300,45,A,0,Male,clvr_cost_0.15_intro_0.2_3
301,46,A,0,Male,clvr_cost_0.15_intro_0.2_3
302,47,A,0,Male,clvr_cost_0.15_intro_0.2_3
303,48,A,0,Male,clvr_cost_0.15_intro_0.2_3
304,49,A,0,Male,clvr_cost_0.15_intro_0.2_3
305,50,A,0,Male,clvr_cost_0.15_intro_0.2_3
306,0,V,4000,Male,clvr_cost_0.15_intro_0.2_3
307,1,V,1243,Male,clvr_cost_0.15_intro_0.2_3
308,2,V,1664,Male,clvr_cost_0.15_intro_0.2_3
309,3,V,2268,Male,clvr_cost_0.15_intro_0.2_3
310,4,V,3091,Male,clvr_cost_0.15_intro_0.2_3
311,5,V,4000,Male,clvr_cost_0.15_intro_0.2_3
312,6,V,4702,Male,clvr_cost_0.15_intro_0.2_3
313,7,V,6170,Male,clvr_cost_0.15_intro_0.2_3
314,8,V,7300,Male,clvr_cost_0.15_intro_0.2_3
315,9,V,7849,Male,clvr_cost_0.15_intro_0.2_3
316,10,V,8040,Male,clvr_cost_0.15_intro_0.2_3
317,11,V,8262,Male,clvr_cost_0.15_intro_0.2_3
318,12,V,8382,Male,clvr_cost_0.15_intro_0.2_3
319,13,V,8354,Male,clvr_cost_0.15_intro_0.2_3
320,14,V,8272,Male,clvr_cost_0.15_intro_0.2_3
321,15,V,8166,Male,clvr_cost_0.15_intro_0.2_3
322,16,V,8404,Male,clvr_cost_0.15_intro_0.2_3
323,17,V,8208,Male,clvr_cost_0.15_intro_0.2_3
324,18,V,8454,Male,clvr_cost_0.15_intro_0.2_3
325,19,V,8322,Male,clvr_cost_0.15_intro_0.2_3
326,20,V,8170,Male,clvr_cost_0.15_intro_0.2_3
327,21,V,8198,Male,clvr_cost_0.15_intro_0.2_3
328,22,V,8162,Male,clvr_cost_0.15_intro_0.2_3
329,23,V,8250,Male,clvr_cost_0.15_intro_0.2_3
330,24,V,8098,Male,clvr_cost_0.15_intro_0.2_3
331,25,V,8268,Male,clvr_cost_0.15_intro_0.2_3
332,26,V,8494,Male,clvr_cost_0.15_intro_0.2_3
333,27,V,8302,Male,clvr_cost_0.15_intro_0.2_3
334,28,V,8248,Male,clvr_cost_0.15_intro_0.2_3
335,29,V,8410,Male,clvr_cost_0.15_intro_0.2_3
336,30,V,8254,Male,clvr_cost_0.15_intro_0.2_3
337,31,V,8320,Male,clvr_cost_0.15_intro_0.2_3
338,32,V,8276,Male,clvr_cost_0.15_intro_0.2_3
339,33,V,8202,Male,clvr_cost_0.15_intro_0.2_3
340,34,V,8218,Male,clvr_cost_0.15_intro_0.2_3
341,35,V,8152,Male,clvr_cost_0.15_intro_0.2_3
342,36,V,8256,Male,clvr_cost_0.15_intro_0.2_3
343,37,V,8266,Male,clvr_cost_0.15_intro_0.2_3
344,38,V,8340,Male,clvr_cost_0.15_intro_0.2_3
345,39,V,8092,Male,clvr_cost_0.15_intro_0.2_3
346,40,V,8120,Male,clvr_cost_0.15_intro_0.2_3
347,41,V,8162,Male,clvr_cost_0.15_intro_0.2_3
348,42,V,8462,Male,clvr_cost_0.15_intro_0.2_3
349,43,V,8374,Male,clvr_cost_0.15_intro_0.2_3
350,44,V,8374,Male,clvr_cost_0.15_intro_0.2_3
351,45,V,8430,Male,clvr_cost_0.15_intro_0.2_3
352,46,V,8416,Male,clvr_cost_0.15_intro_0.2_3
353,47,V,8250,Male,clvr_cost_0.15_intro_0.2_3
354,48,V,8228,Male,clvr_cost_0.15_intro_0.2_3
355,49,V,8396,Male,clvr_cost_0.15_intro_0.2_3
356,50,V,8482,Male,clvr_cost_0.15_intro_0.2_3
357,0,W,10000,Male,clvr_cost_0.15_intro_0.2_3
358,1,W,7363,Male,clvr_cost_0.15_intro_0.2_3
359,2,W,6442,Male,clvr_cost_0.15_intro_0.2_3
360,3,W,5388,Male,clvr_cost_0.15_intro_0.2_3
361,4,W,4131,Male,clvr_cost_0.15_intro_0.2_3
362,5,W,2754,Male,clvr_cost_0.15_intro_0.2_3
363,6,W,1344,Male,clvr_cost_0.15_intro_0.2_3
364,7,W,376,Male,clvr_cost_0.15_intro_0.2_3
365,8,W,56,Male,clvr_cost_0.15_intro_0.2_3
366,9,W,3,Male,clvr_cost_0.15_intro_0.2_3
367,10,W,0,Male,clvr_cost_0.15_intro_0.2_3
368,11,W,0,Male,clvr_cost_0.15_intro_0.2_3
369,12,W,0,Male,clvr_cost_0.15_intro_0.2_3
370,13,W,0,Male,clvr_cost_0.15_intro_0.2_3
371,14,W,0,Male,clvr_cost_0.15_intro_0.2_3
372,15,W,0,Male,clvr_cost_0.15_intro_0.2_3
373,16,W,0,Male,clvr_cost_0.15_intro_0.2_3
374,17,W,0,Male,clvr_cost_0.15_intro_0.2_3
375,18,W,0,Male,clvr_cost_0.15_intro_0.2_3
376,19,W,0,Male,clvr_cost_0.15_intro_0.2_3
377,20,W,0,Male,clvr_cost_0.15_intro_0.2_3
378,21,W,0,Male,clvr_cost_0.15_intro_0.2_3
379,22,W,0,Male,clvr_cost_0.15_intro_0.2_3
380,23,W,0,Male,clvr_cost_0.15_intro_0.2_3
381,24,W,0,Male,clvr_cost_0.15_intro_0.2_3
382,25,W,0,Male,clvr_cost_0.15_intro_0.2_3
383,26,W,0,Male,clvr_cost_0.15_intro_0.2_3
384,27,W,0,Male,clvr_cost_0.15_intro_0.2_3
385,28,W,0,Male,clvr_cost_0.15_intro_0.2_3
386,29,W,0,Male,clvr_cost_0.15_intro_0.2_3
387,30,W,0,Male,clvr_cost_0.15_intro_0.2_3
388,31,W,0,Male,clvr_cost_0.15_intro_0.2_3
389,32,W,0,Male,clvr_cost_0.15_intro_0.2_3
390,33,W,0,Male,clvr_cost_0.15_intro_0.2_3
391,34,W,0,Male,clvr_cost_0.15_intro_0.2_3
392,35,W,0,Male,clvr_cost_0.15_intro_0.2_3
393,36,W,0,Male,clvr_cost_0.15_intro_0.2_3
394,37,W,0,Male,clvr_cost_0.15_intro_0.2_3
395,38,W,0,Male,clvr_cost_0.15_intro_0.2_3
396,39,W,0,Male,clvr_cost_0.15_intro_0.2_3
397,40,W,0,Male,clvr_cost_0.15_intro_0.2_3
398,41,W,0,Male,clvr_cost_0.15_intro_0.2_3
399,42,W,0,Male,clvr_cost_0.15_intro_0.2_3
400,43,W,0,Male,clvr_cost_0.15_intro_0.2_3
401,44,W,0,Male,clvr_cost_0.15_intro_0.2_3
402,45,W,0,Male,clvr_cost_0.15_intro_0.2_3
403,46,W,0,Male,clvr_cost_0.15_intro_0.2_3
404,47,W,0,Male,clvr_cost_0.15_intro_0.2_3
405,48,W,0,Male,clvr_cost_0.15_intro_0.2_3
406,49,W,0,Male,clvr_cost_0.15_intro_0.2_3
407,50,W,0,Male,clvr_cost_0.15_intro_0.2_3
,Generation,Allele,Count,Sex,Run
0,0,C,0,Female,clvr_cost_0.15_intro_0.2_4
1,1,C,1189,Female,clvr_cost_0.15_intro_0.2_4
2,2,C,1622,Female,clvr_cost_0.15_intro_0.2_4
3,3,C,2098,Female,clvr_cost_0.15_intro_0.2_4
4,4,C,2756,Female,clvr_cost_0.15_intro_0.2_4
5,5,C,3595,Female,clvr_cost_0.15_intro_0.2_4
6,6,C,4366,Female,clvr_cost_0.15_intro_0.2_4
7,7,C,5824,Female,clvr_cost_0.15_intro_0.2_4
8,8,C,7182,Female,clvr_cost_0.15_intro_0.2_4
9,9,C,7671,Female,clvr_cost_0.15_intro_0.2_4
10,10,C,8026,Female,clvr_cost_0.15_intro_0.2_4
11,11,C,7932,Female,clvr_cost_0.15_intro_0.2_4
12,12,C,8036,Female,clvr_cost_0.15_intro_0.2_4
13,13,C,7946,Female,clvr_cost_0.15_intro_0.2_4
14,14,C,8132,Female,clvr_cost_0.15_intro_0.2_4
15,15,C,7844,Female,clvr_cost_0.15_intro_0.2_4
16,16,C,7950,Female,clvr_cost_0.15_intro_0.2_4
17,17,C,8094,Female,clvr_cost_0.15_intro_0.2_4
18,18,C,8198,Female,clvr_cost_0.15_intro_0.2_4
19,19,C,8146,Female,clvr_cost_0.15_intro_0.2_4
20,20,C,8014,Female,clvr_cost_0.15_intro_0.2_4
21,21,C,8024,Female,clvr_cost_0.15_intro_0.2_4
22,22,C,8070,Female,clvr_cost_0.15_intro_0.2_4
23,23,C,8222,Female,clvr_cost_0.15_intro_0.2_4
24,24,C,8160,Female,clvr_cost_0.15_intro_0.2_4
25,25,C,8168,Female,clvr_cost_0.15_intro_0.2_4
26,26,C,8176,Female,clvr_cost_0.15_intro_0.2_4
27,27,C,8262,Female,clvr_cost_0.15_intro_0.2_4
28,28,C,8102,Female,clvr_cost_0.15_intro_0.2_4
29,29,C,7976,Female,clvr_cost_0.15_intro_0.2_4
30,30,C,8132,Female,clvr_cost_0.15_intro_0.2_4
31,31,C,8244,Female,clvr_cost_0.15_intro_0.2_4
32,32,C,8150,Female,clvr_cost_0.15_intro_0.2_4
33,33,C,8310,Female,clvr_cost_0.15_intro_0.2_4
34,34,C,8190,Female,clvr_cost_0.15_intro_0.2_4
35,35,C,8214,Female,clvr_cost_0.15_intro_0.2_4
36,36,C,8142,Female,clvr_cost_0.15_intro_0.2_4
37,37,C,8254,Female,clvr_cost_0.15_intro_0.2_4
38,38,C,8104,Female,clvr_cost_0.15_intro_0.2_4
39,39,C,7786,Female,clvr_cost_0.15_intro_0.2_4
40,40,C,8024,Female,clvr_cost_0.15_intro_0.2_4
41,41,C,8152,Female,clvr_cost_0.15_intro_0.2_4
42,42,C,8078,Female,clvr_cost_0.15_intro_0.2_4
43,43,C,8074,Female,clvr_cost_0.15_intro_0.2_4
44,44,C,8068,Female,clvr_cost_0.15_intro_0.2_4
45,45,C,8020,Female,clvr_cost_0.15_intro_0.2_4
46,46,C,8218,Female,clvr_cost_0.15_intro_0.2_4
47,47,C,8016,Female,clvr_cost_0.15_intro_0.2_4
48,48,C,7882,Female,clvr_cost_0.15_intro_0.2_4
49,49,C,7992,Female,clvr_cost_0.15_intro_0.2_4
50,50,C,8158,Female,clvr_cost_0.15_intro_0.2_4
51,0,A,10000,Female,clvr_cost_0.15_intro_0.2_4
52,1,A,7359,Female,clvr_cost_0.15_intro_0.2_4
53,2,A,6512,Female,clvr_cost_0.15_intro_0.2_4
54,3,A,5452,Female,clvr_cost_0.15_intro_0.2_4
55,4,A,4136,Female,clvr_cost_0.15_intro_0.2_4
56,5,A,2769,Female,clvr_cost_0.15_intro_0.2_4
57,6,A,1394,Female,clvr_cost_0.15_intro_0.2_4
58,7,A,552,Female,clvr_cost_0.15_intro_0.2_4
59,8,A,104,Female,clvr_cost_0.15_intro_0.2_4
60,9,A,11,Female,clvr_cost_0.15_intro_0.2_4
61,10,A,0,Female,clvr_cost_0.15_intro_0.2_4
62,11,A,0,Female,clvr_cost_0.15_intro_0.2_4
63,12,A,0,Female,clvr_cost_0.15_intro_0.2_4
64,13,A,0,Female,clvr_cost_0.15_intro_0.2_4
65,14,A,0,Female,clvr_cost_0.15_intro_0.2_4
66,15,A,0,Female,clvr_cost_0.15_intro_0.2_4
67,16,A,0,Female,clvr_cost_0.15_intro_0.2_4
68,17,A,0,Female,clvr_cost_0.15_intro_0.2_4
69,18,A,0,Female,clvr_cost_0.15_intro_0.2_4
70,19,A,0,Female,clvr_cost_0.15_intro_0.2_4
71,20,A,0,Female,clvr_cost_0.15_intro_0.2_4
72,21,A,0,Female,clvr_cost_0.15_intro_0.2_4
73,22,A,0,Female,clvr_cost_0.15_intro_0.2_4
74,23,A,0,Female,clvr_cost_0.15_intro_0.2_4
75,24,A,0,Female,clvr_cost_0.15_intro_0.2_4
76,25,A,0,Female,clvr_cost_0.15_intro_0.2_4
77,26,A,0,Female,clvr_cost_0.15_intro_0.2_4
78,27,A,0,Female,clvr_cost_0.15_intro_0.2_4
79,28,A,0,Female,clvr_cost_0.15_intro_0.2_4
80,29,A,0,Female,clvr_cost_0.15_intro_0.2_4
81,30,A,0,Female,clvr_cost_0.15_intro_0.2_4
82,31,A,0,Female,clvr_cost_0.15_intro_0.2_4
83,32,A,0,Female,clvr_cost_0.15_intro_0.2_4
84,33,A,0,Female,clvr_cost_0.15_intro_0.2_4
85,34,A,0,Female,clvr_cost_0.15_intro_0.2_4
86,35,A,0,Female,clvr_cost_0.15_intro_0.2_4
87,36,A,0,Female,clvr_cost_0.15_intro_0.2_4
88,37,A,0,Female,clvr_cost_0.15_intro_0.2_4
89,38,A,0,Female,clvr_cost_0.15_intro_0.2_4
90,39,A,0,Female,clvr_cost_0.15_intro_0.2_4
91,40,A,0,Female,clvr_cost_0.15_intro_0.2_4
92,41,A,0,Female,clvr_cost_0.15_intro_0.2_4
93,42,A,0,Female,clvr_cost_0.15_intro_0.2_4
94,43,A,0,Female,clvr_cost_0.15_intro_0.2_4
95,44,A,0,Female,clvr_cost_0.15_intro_0.2_4
96,45,A,0,Female,clvr_cost_0.15_intro_0.2_4
97,46,A,0,Female,clvr_cost_0.15_intro_0.2_4
98,47,A,0,Female,clvr_cost_0.15_intro_0.2_4
99,48,A,0,Female,clvr_cost_0.15_intro_0.2_4
100,49,A,0,Female,clvr_cost_0.15_intro_0.2_4
101,50,A,0,Female,clvr_cost_0.15_intro_0.2_4
102,0,V,0,Female,clvr_cost_0.15_intro_0.2_4
103,1,V,1189,Female,clvr_cost_0.15_intro_0.2_4
104,2,V,1672,Female,clvr_cost_0.15_intro_0.2_4
105,3,V,2150,Female,clvr_cost_0.15_intro_0.2_4
106,4,V,2817,Female,clvr_cost_0.15_intro_0.2_4
107,5,V,3663,Female,clvr_cost_0.15_intro_0.2_4
108,6,V,4430,Female,clvr_cost_0.15_intro_0.2_4
109,7,V,5875,Female,clvr_cost_0.15_intro_0.2_4
110,8,V,7200,Female,clvr_cost_0.15_intro_0.2_4
111,9,V,7679,Female,clvr_cost_0.15_intro_0.2_4
112,10,V,8026,Female,clvr_cost_0.15_intro_0.2_4
113,11,V,7932,Female,clvr_cost_0.15_intro_0.2_4
114,12,V,8036,Female,clvr_cost_0.15_intro_0.2_4
115,13,V,7946,Female,clvr_cost_0.15_intro_0.2_4
116,14,V,8132,Female,clvr_cost_0.15_intro_0.2_4
117,15,V,7844,Female,clvr_cost_0.15_intro_0.2_4
118,16,V,7950,Female,clvr_cost_0.15_intro_0.2_4
119,17,V,8094,Female,clvr_cost_0.15_intro_0.2_4
120,18,V,8198,Female,clvr_cost_0.15_intro_0.2_4
121,19,V,8146,Female,clvr_cost_0.15_intro_0.2_4
122,20,V,8014,Female,clvr_cost_0.15_intro_0.2_4
123,21,V,8024,Female,clvr_cost_0.15_intro_0.2_4
124,22,V,8070,Female,clvr_cost_0.15_intro_0.2_4
125,23,V,8222,Female,clvr_cost_0.15_intro_0.2_4
126,24,V,8160,Female,clvr_cost_0.15_intro_0.2_4
127,25,V,8168,Female,clvr_cost_0.15_intro_0.2_4
128,26,V,8176,Female,clvr_cost_0.15_intro_0.2_4
129,27,V,8262,Female,clvr_cost_0.15_intro_0.2_4
130,28,V,8102,Female,clvr_cost_0.15_intro_0.2_4
131,29,V,7976,Female,clvr_cost_0.15_intro_0.2_4
132,30,V,8132,Female,clvr_cost_0.15_intro_0.2_4
133,31,V,8244,Female,clvr_cost_0.15_intro_0.2_4
134,32,V,8150,Female,clvr_cost_0.15_intro_0.2_4
135,33,V,8310,Female,clvr_cost_0.15_intro_0.2_4
136,34,V,8190,Female,clvr_cost_0.15_intro_0.2_4
137,35,V,8214,Female,clvr_cost_0.15_intro_0.2_4
138,36,V,8142,Female,clvr_cost_0.15_intro_0.2_4
139,37,V,8254,Female,clvr_cost_0.15_intro_0.2_4
140,38,V,8104,Female,clvr_cost_0.15_intro_0.2_4
141,39,V,7786,Female,clvr_cost_0.15_intro_0.2_4
142,40,V,8024,Female,clvr_cost_0.15_intro_0.2_4
143,41,V,8152,Female,clvr_cost_0.15_intro_0.2_4
144,42,V,8078,Female,clvr_cost_0.15_intro_0.2_4
145,43,V,8074,Female,clvr_cost_0.15_intro_0.2_4
146,44,V,8068,Female,clvr_cost_0.15_intro_0.2_4
147,45,V,8020,Female,clvr_cost_0.15_intro_0.2_4
148,46,V,8218,Female,clvr_cost_0.15_intro_0.2_4
149,47,V,8016,Female,clvr_cost_0.15_intro_0.2_4
150,48,V,7882,Female,clvr_cost_0.15_intro_0.2_4
151,49,V,7992,Female,clvr_cost_0.15_intro_0.2_4
152,50,V,8158,Female,clvr_cost_0.15_intro_0.2_4
153,0,W,10000,Female,clvr_cost_0.15_intro_0.2_4
154,1,W,7359,Female,clvr_cost_0.15_intro_0.2_4
155,2,W,6462,Female,clvr_cost_0.15_intro_0.2_4
156,3,W,5400,Female,clvr_cost_0.15_intro_0.2_4
157,4,W,4075,Female,clvr_cost_0.15_intro_0.2_4
158,5,W,2701,Female,clvr_cost_0.15_intro_0.2_4
159,6,W,1330,Female,clvr_cost_0.15_intro_0.2_4
160,7,W,501,Female,clvr_cost_0.15_intro_0.2_4
161,8,W,86,Female,clvr_cost_0.15_intro_0.2_4
162,9,W,3,Female,clvr_cost_0.15_intro_0.2_4
163,10,W,0,Female,clvr_cost_0.15_intro_0.2_4
164,11,W,0,Female,clvr_cost_0.15_intro_0.2_4
165,12,W,0,Female,clvr_cost_0.15_intro_0.2_4
166,13,W,0,Female,clvr_cost_0.15_intro_0.2_4
167,14,W,0,Female,clvr_cost_0.15_intro_0.2_4
168,15,W,0,Female,clvr_cost_0.15_intro_0.2_4
169,16,W,0,Female,clvr_cost_0.15_intro_0.2_4
170,17,W,0,Female,clvr_cost_0.15_intro_0.2_4
171,18,W,0,Female,clvr_cost_0.15_intro_0.2_4
172,19,W,0,Female,clvr_cost_0.15_intro_0.2_4
173,20,W,0,Female,clvr_cost_0.15_intro_0.2_4
174,21,W,0,Female,clvr_cost_0.15_intro_0.2_4
175,22,W,0,Female,clvr_cost_0.15_intro_0.2_4
176,23,W,0,Female,clvr_cost_0.15_intro_0.2_4
177,24,W,0,Female,clvr_cost_0.15_intro_0.2_4
178,25,W,0,Female,clvr_cost_0.15_intro_0.2_4
179,26,W,0,Female,clvr_cost_0.15_intro_0.2_4
180,27,W,0,Female,clvr_cost_0.15_intro_0.2_4
181,28,W,0,Female,clvr_cost_0.15_intro_0.2_4
182,29,W,0,Female,clvr_cost_0.15_intro_0.2_4
183,30,W,0,Female,clvr_cost_0.15_intro_0.2_4
184,31,W,0,Female,clvr_cost_0.15_intro_0.2_4
185,32,W,0,Female,clvr_cost_0.15_intro_0.2_4
186,33,W,0,Female,clvr_cost_0.15_intro_0.2_4
187,34,W,0,Female,clvr_cost_0.15_intro_0.2_4
188,35,W,0,Female,clvr_cost_0.15_intro_0.2_4
189,36,W,0,Female,clvr_cost_0.15_intro_0.2_4
190,37,W,0,Female,clvr_cost_0.15_intro_0.2_4
191,38,W,0,Female,clvr_cost_0.15_intro_0.2_4
192,39,W,0,Female,clvr_cost_0.15_intro_0.2_4
193,40,W,0,Female,clvr_cost_0.15_intro_0.2_4
194,41,W,0,Female,clvr_cost_0.15_intro_0.2_4
195,42,W,0,Female,clvr_cost_0.15_intro_0.2_4
196,43,W,0,Female,clvr_cost_0.15_intro_0.2_4
197,44,W,0,Female,clvr_cost_0.15_intro_0.2_4
198,45,W,0,Female,clvr_cost_0.15_intro_0.2_4
199,46,W,0,Female,clvr_cost_0.15_intro_0.2_4
200,47,W,0,Female,clvr_cost_0.15_intro_0.2_4
201,48,W,0,Female,clvr_cost_0.15_intro_0.2_4
202,49,W,0,Female,clvr_cost_0.15_intro_0.2_4
203,50,W,0,Female,clvr_cost_0.15_intro_0.2_4
204,0,C,4000,Male,clvr_cost_0.15_intro_0.2_4
205,1,C,1186,Male,clvr_cost_0.15_intro_0.2_4
206,2,C,1599,Male,clvr_cost_0.15_intro_0.2_4
207,3,C,2198,Male,clvr_cost_0.15_intro_0.2_4
208,4,C,2833,Male,clvr_cost_0.15_intro_0.2_4
209,5,C,3667,Male,clvr_cost_0.15_intro_0.2_4
210,6,C,4475,Male,clvr_cost_0.15_intro_0.2_4
211,7,C,5906,Male,clvr_cost_0.15_intro_0.2_4
212,8,C,7186,Male,clvr_cost_0.15_intro_0.2_4
213,9,C,7707,Male,clvr_cost_0.15_intro_0.2_4
214,10,C,8212,Male,clvr_cost_0.15_intro_0.2_4
215,11,C,7954,Male,clvr_cost_0.15_intro_0.2_4
216,12,C,8164,Male,clvr_cost_0.15_intro_0.2_4
217,13,C,8192,Male,clvr_cost_0.15_intro_0.2_4
218,14,C,8208,Male,clvr_cost_0.15_intro_0.2_4
219,15,C,8308,Male,clvr_cost_0.15_intro_0.2_4
220,16,C,8114,Male,clvr_cost_0.15_intro_0.2_4
221,17,C,8112,Male,clvr_cost_0.15_intro_0.2_4
222,18,C,8210,Male,clvr_cost_0.15_intro_0.2_4
223,19,C,8280,Male,clvr_cost_0.15_intro_0.2_4
224,20,C,8188,Male,clvr_cost_0.15_intro_0.2_4
225,21,C,8294,Male,clvr_cost_0.15_intro_0.2_4
226,22,C,8112,Male,clvr_cost_0.15_intro_0.2_4
227,23,C,8446,Male,clvr_cost_0.15_intro_0.2_4
228,24,C,8244,Male,clvr_cost_0.15_intro_0.2_4
229,25,C,8280,Male,clvr_cost_0.15_intro_0.2_4
230,26,C,8288,Male,clvr_cost_0.15_intro_0.2_4
231,27,C,8350,Male,clvr_cost_0.15_intro_0.2_4
232,28,C,8146,Male,clvr_cost_0.15_intro_0.2_4
233,29,C,8370,Male,clvr_cost_0.15_intro_0.2_4
234,30,C,8148,Male,clvr_cost_0.15_intro_0.2_4
235,31,C,8376,Male,clvr_cost_0.15_intro_0.2_4
236,32,C,8254,Male,clvr_cost_0.15_intro_0.2_4
237,33,C,8348,Male,clvr_cost_0.15_intro_0.2_4
238,34,C,8234,Male,clvr_cost_0.15_intro_0.2_4
239,35,C,8390,Male,clvr_cost_0.15_intro_0.2_4
240,36,C,8288,Male,clvr_cost_0.15_intro_0.2_4
241,37,C,8274,Male,clvr_cost_0.15_intro_0.2_4
242,38,C,8362,Male,clvr_cost_0.15_intro_0.2_4
243,39,C,8138,Male,clvr_cost_0.15_intro_0.2_4
244,40,C,8314,Male,clvr_cost_0.15_intro_0.2_4
245,41,C,8332,Male,clvr_cost_0.15_intro_0.2_4
246,42,C,8080,Male,clvr_cost_0.15_intro_0.2_4
247,43,C,8450,Male,clvr_cost_0.15_intro_0.2_4
248,44,C,8180,Male,clvr_cost_0.15_intro_0.2_4
249,45,C,8278,Male,clvr_cost_0.15_intro_0.2_4
250,46,C,8326,Male,clvr_cost_0.15_intro_0.2_4
251,47,C,8212,Male,clvr_cost_0.15_intro_0.2_4
252,48,C,7996,Male,clvr_cost_0.15_intro_0.2_4
253,49,C,8108,Male,clvr_cost_0.15_intro_0.2_4
254,50,C,8170,Male,clvr_cost_0.15_intro_0.2_4
255,0,A,10000,Male,clvr_cost_0.15_intro_0.2_4
256,1,A,7396,Male,clvr_cost_0.15_intro_0.2_4
257,2,A,6559,Male,clvr_cost_0.15_intro_0.2_4
258,3,A,5540,Male,clvr_cost_0.15_intro_0.2_4
259,4,A,4175,Male,clvr_cost_0.15_intro_0.2_4
260,5,A,2859,Male,clvr_cost_0.15_intro_0.2_4
261,6,A,1409,Male,clvr_cost_0.15_intro_0.2_4
262,7,A,496,Male,clvr_cost_0.15_intro_0.2_4
263,8,A,130,Male,clvr_cost_0.15_intro_0.2_4
264,9,A,11,Male,clvr_cost_0.15_intro_0.2_4
265,10,A,0,Male,clvr_cost_0.15_intro_0.2_4
266,11,A,0,Male,clvr_cost_0.15_intro_0.2_4
267,12,A,0,Male,clvr_cost_0.15_intro_0.2_4
268,13,A,0,Male,clvr_cost_0.15_intro_0.2_4
269,14,A,0,Male,clvr_cost_0.15_intro_0.2_4
270,15,A,0,Male,clvr_cost_0.15_intro_0.2_4
271,16,A,0,Male,clvr_cost_0.15_intro_0.2_4
272,17,A,0,Male,clvr_cost_0.15_intro_0.2_4
273,18,A,0,Male,clvr_cost_0.15_intro_0.2_4
274,19,A,0,Male,clvr_cost_0.15_intro_0.2_4
275,20,A,0,Male,clvr_cost_0.15_intro_0.2_4
276,21,A,0,Male,clvr_cost_0.15_intro_0.2_4
277,22,A,0,Male,clvr_cost_0.15_intro_0.2_4
278,23,A,0,Male,clvr_cost_0.15_intro_0.2_4
279,24,A,0,Male,clvr_cost_0.15_intro_0.2_4
280,25,A,0,Male,clvr_cost_0.15_intro_0.2_4
281,26,A,0,Male,clvr_cost_0.15_intro_0.2_4
282,27,A,0,Male,clvr_cost_0.15_intro_0.2_4
283,28,A,0,Male,clvr_cost_0.15_intro_0.2_4
284,29,A,0,Male,clvr_cost_0.15_intro_0.2_4
285,30,A,0,Male,clvr_cost_0.15_intro_0.2_4
286,31,A,0,Male,clvr_cost_0.15_intro_0.2_4
287,32,A,0,Male,clvr_cost_0.15_intro_0.2_4
288,33,A,0,Male,clvr_cost_0.15_intro_0.2_4
289,34,A,0,Male,clvr_cost_0.15_intro_0.2_4
290,35,A,0,Male,clvr_cost_0.15_intro_0.2_4
291,36,A,0,Male,clvr_cost_0.15_intro_0.2_4
292,37,A,0,Male,clvr_cost_0.15_intro_0.2_4
293,38,A,0,Male,clvr_cost_0.15_intro_0.2_4
294,39,A,0,Male,clvr_cost_0.15_intro_0.2_4
295,40,A,0,Male,clvr_cost_0.15_intro_0.2_4
296,41,A,0,Male,clvr_cost_0.15_intro_0.2_4
297,42,A,0,Male,clvr_cost_0.15_intro_0.2_4
298,43,A,0,Male,clvr_cost_0.15_intro_0.2_4
299,44,A,0,Male,clvr_cost_0.15_intro_0.2_4
300,45,A,0,Male,clvr_cost_0.15_intro_0.2_4
301,46,A,0,Male,clvr_cost_0.15_intro_0.2_4
302,47,A,0,Male,clvr_cost_0.15_intro_0.2_4
303,48,A,0,Male,clvr_cost_0.15_intro_0.2_4
304,49,A,0,Male,clvr_cost_0.15_intro_0.2_4
305,50,A,0,Male,clvr_cost_0.15_intro_0.2_4
306,0,V,4000,Male,clvr_cost_0.15_intro_0.2_4
307,1,V,1186,Male,clvr_cost_0.15_intro_0.2_4
308,2,V,1646,Male,clvr_cost_0.15_intro_0.2_4
309,3,V,2259,Male,clvr_cost_0.15_intro_0.2_4
310,4,V,2888,Male,clvr_cost_0.15_intro_0.2_4
311,5,V,3731,Male,clvr_cost_0.15_intro_0.2_4
312,6,V,4535,Male,clvr_cost_0.15_intro_0.2_4
313,7,V,5947,Male,clvr_cost_0.15_intro_0.2_4
314,8,V,7205,Male,clvr_cost_0.15_intro_0.2_4
315,9,V,7712,Male,clvr_cost_0.15_intro_0.2_4
316,10,V,8212,Male,clvr_cost_0.15_intro_0.2_4
317,11,V,7954,Male,clvr_cost_0.15_intro_0.2_4
318,12,V,8164,Male,clvr_cost_0.15_intro_0.2_4
319,13,V,8192,Male,clvr_cost_0.15_intro_0.2_4
320,14,V,8208,Male,clvr_cost_0.15_intro_0.2_4
321,15,V,8308,Male,clvr_cost_0.15_intro_0.2_4
322,16,V,8114,Male,clvr_cost_0.15_intro_0.2_4
323,17,V,8112,Male,clvr_cost_0.15_intro_0.2_4
324,18,V,8210,Male,clvr_cost_0.15_intro_0.2_4
325,19,V,8280,Male,clvr_cost_0.15_intro_0.2_4
326,20,V,8188,Male,clvr_cost_0.15_intro_0.2_4
327,21,V,8294,Male,clvr_cost_0.15_intro_0.2_4
328,22,V,8112,Male,clvr_cost_0.15_intro_0.2_4
329,23,V,8446,Male,clvr_cost_0.15_intro_0.2_4
330,24,V,8244,Male,clvr_cost_0.15_intro_0.2_4
331,25,V,8280,Male,clvr_cost_0.15_intro_0.2_4
332,26,V,8288,Male,clvr_cost_0.15_intro_0.2_4
333,27,V,8350,Male,clvr_cost_0.15_intro_0.2_4
334,28,V,8146,Male,clvr_cost_0.15_intro_0.2_4
335,29,V,8370,Male,clvr_cost_0.15_intro_0.2_4
336,30,V,8148,Male,clvr_cost_0.15_intro_0.2_4
337,31,V,8376,Male,clvr_cost_0.15_intro_0.2_4
338,32,V,8254,Male,clvr_cost_0.15_intro_0.2_4
339,33,V,8348,Male,clvr_cost_0.15_intro_0.2_4
340,34,V,8234,Male,clvr_cost_0.15_intro_0.2_4
341,35,V,8390,Male,clvr_cost_0.15_intro_0.2_4
342,36,V,8288,Male,clvr_cost_0.15_intro_0.2_4
343,37,V,8274,Male,clvr_cost_0.15_intro_0.2_4
344,38,V,8362,Male,clvr_cost_0.15_intro_0.2_4
345,39,V,8138,Male,clvr_cost_0.15_intro_0.2_4
346,40,V,8314,Male,clvr_cost_0.15_intro_0.2_4
347,41,V,8332,Male,clvr_cost_0.15_intro_0.2_4
348,42,V,8080,Male,clvr_cost_0.15_intro_0.2_4
349,43,V,8450,Male,clvr_cost_0.15_intro_0.2_4
350,44,V,8180,Male,clvr_cost_0.15_intro_0.2_4
351,45,V,8278,Male,clvr_cost_0.15_intro_0.2_4
352,46,V,8326,Male,clvr_cost_0.15_intro_0.2_4
353,47,V,8212,Male,clvr_cost_0.15_intro_0.2_4
354,48,V,7996,Male,clvr_cost_0.15_intro_0.2_4
355,49,V,8108,Male,clvr_cost_0.15_intro_0.2_4
356,50,V,8170,Male,clvr_cost_0.15_intro_0.2_4
357,0,W,10000,Male,clvr_cost_0.15_intro_0.2_4
358,1,W,7396,Male,clvr_cost_0.15_intro_0.2_4
359,2,W,6512,Male,clvr_cost_0.15_intro_0.2_4
360,3,W,5479,Male,clvr_cost_0.15_intro_0.2_4
361,4,W,4120,Male,clvr_cost_0.15_intro_0.2_4
362,5,W,2795,Male,clvr_cost_0.15_intro_0.2_4
363,6,W,1349,Male,clvr_cost_0.15_intro_0.2_4
364,7,W,455,Male,clvr_cost_0.15_intro_0.2_4
365,8,W,111,Male,clvr_cost_0.15_intro_0.2_4
366,9,W,6,Male,clvr_cost_0.15_intro_0.2_4
367,10,W,0,Male,clvr_cost_0.15_intro_0.2_4
368,11,W,0,Male,clvr_cost_0.15_intro_0.2_4
369,12,W,0,Male,clvr_cost_0.15_intro_0.2_4
370,13,W,0,Male,clvr_cost_0.15_intro_0.2_4
371,14,W,0,Male,clvr_cost_0.15_intro_0.2_4
372,15,W,0,Male,clvr_cost_0.15_intro_0.2_4
373,16,W,0,Male,clvr_cost_0.15_intro_0.2_4
374,17,W,0,Male,clvr_cost_0.15_intro_0.2_4
375,18,W,0,Male,clvr_cost_0.15_intro_0.2_4
376,19,W,0,Male,clvr_cost_0.15_intro_0.2_4
377,20,W,0,Male,clvr_cost_0.15_intro_0.2_4
378,21,W,0,Male,clvr_cost_0.15_intro_0.2_4
379,22,W,0,Male,clvr_cost_0.15_intro_0.2_4
380,23,W,0,Male,clvr_cost_0.15_intro_0.2_4
381,24,W,0,Male,clvr_cost_0.15_intro_0.2_4
382,25,W,0,Male,clvr_cost_0.15_intro_0.2_4
383,26,W,0,Male,clvr_cost_0.15_intro_0.2_4
384,27,W,0,Male,clvr_cost_0.15_intro_0.2_4
385,28,W,0,Male,clvr_cost_0.15_intro_0.2_4
386,29,W,0,Male,clvr_cost_0.15_intro_0.2_4
387,30,W,0,Male,clvr_cost_0.15_intro_0.2_4
388,31,W,0,Male,clvr_cost_0.15_intro_0.2_4
389,32,W,0,Male,clvr_cost_0.15_intro_0.2_4
390,33,W,0,Male,clvr_cost_0.15_intro_0.2_4
391,34,W,0,Male,clvr_cost_0.15_intro_0.2_4
392,35,W,0,Male,clvr_cost_0.15_intro_0.2_4
393,36,W,0,Male,clvr_cost_0.15_intro_0.2_4
394,37,W,0,Male,clvr_cost_0.15_intro_0.2_4
395,38,W,0,Male,clvr_cost_0.15_intro_0.2_4
396,39,W,0,Male,clvr_cost_0.15_intro_0.2_4
397,40,W,0,Male,clvr_cost_0.15_intro_0.2_4
398,41,W,0,Male,clvr_cost_0.15_intro_0.2_4
399,42,W,0,Male,clvr_cost_0.15_intro_0.2_4
400,43,W,0,Male,clvr_cost_0.15_intro_0.2_4
401,44,W,0,Male,clvr_cost_0.15_intro_0.2_4
402,45,W,0,Male,clvr_cost_0.15_intro_0.2_4
403,46,W,0,Male,clvr_cost_0.15_intro_0.2_4
404,47,W,0,Male,clvr_cost_0.15_intro_0.2_4
405,48,W,0,Male,clvr_cost_0.15_intro_0.2_4
406,49,W,0,Male,clvr_cost_0.15_intro_0.2_4
407,50,W,0,Male,clvr_cost_0.15_intro_0.2_4
,Generation,Allele,Count,Sex,Run
0,0,C,0,Female,clvr_cost_0.15_intro_0.2_5
1,1,C,1241,Female,clvr_cost_0.15_intro_0.2_5
2,2,C,1693,Female,clvr_cost_0.15_intro_0.2_5
3,3,C,2379,Female,clvr_cost_0.15_intro_0.2_5
4,4,C,2910,Female,clvr_cost_0.15_intro_0.2_5
5,5,C,3847,Female,clvr_cost_0.15_intro_0.2_5
6,6,C,4877,Female,clvr_cost_0.15_intro_0.2_5
7,7,C,6309,Female,clvr_cost_0.15_intro_0.2_5
8,8,C,7568,Female,clvr_cost_0.15_intro_0.2_5
9,9,C,8022,Female,clvr_cost_0.15_intro_0.2_5
10,10,C,7998,Female,clvr_cost_0.15_intro_0.2_5
11,11,C,8170,Female,clvr_cost_0.15_intro_0.2_5
12,12,C,7944,Female,clvr_cost_0.15_intro_0.2_5
13,13,C,7868,Female,clvr_cost_0.15_intro_0.2_5
14,14,C,7728,Female,clvr_cost_0.15_intro_0.2_5
15,15,C,8172,Female,clvr_cost_0.15_intro_0.2_5
16,16,C,8000,Female,clvr_cost_0.15_intro_0.2_5
17,17,C,8188,Female,clvr_cost_0.15_intro_0.2_5
18,18,C,7944,Female,clvr_cost_0.15_intro_0.2_5
19,19,C,7968,Female,clvr_cost_0.15_intro_0.2_5
20,20,C,7984,Female,clvr_cost_0.15_intro_0.2_5
21,21,C,8192,Female,clvr_cost_0.15_intro_0.2_5
22,22,C,8116,Female,clvr_cost_0.15_intro_0.2_5
23,23,C,7970,Female,clvr_cost_0.15_intro_0.2_5
24,24,C,8242,Female,clvr_cost_0.15_intro_0.2_5
25,25,C,8156,Female,clvr_cost_0.15_intro_0.2_5
26,26,C,8188,Female,clvr_cost_0.15_intro_0.2_5
27,27,C,8088,Female,clvr_cost_0.15_intro_0.2_5
28,28,C,8156,Female,clvr_cost_0.15_intro_0.2_5
29,29,C,8066,Female,clvr_cost_0.15_intro_0.2_5
30,30,C,8012,Female,clvr_cost_0.15_intro_0.2_5
31,31,C,7912,Female,clvr_cost_0.15_intro_0.2_5
32,32,C,7990,Female,clvr_cost_0.15_intro_0.2_5
33,33,C,7962,Female,clvr_cost_0.15_intro_0.2_5
34,34,C,8060,Female,clvr_cost_0.15_intro_0.2_5
35,35,C,8024,Female,clvr_cost_0.15_intro_0.2_5
36,36,C,8110,Female,clvr_cost_0.15_intro_0.2_5
37,37,C,8046,Female,clvr_cost_0.15_intro_0.2_5
38,38,C,8016,Female,clvr_cost_0.15_intro_0.2_5
39,39,C,8112,Female,clvr_cost_0.15_intro_0.2_5
40,40,C,8140,Female,clvr_cost_0.15_intro_0.2_5
41,41,C,8042,Female,clvr_cost_0.15_intro_0.2_5
42,42,C,8276,Female,clvr_cost_0.15_intro_0.2_5
43,43,C,8090,Female,clvr_cost_0.15_intro_0.2_5
44,44,C,8276,Female,clvr_cost_0.15_intro_0.2_5
45,45,C,8144,Female,clvr_cost_0.15_intro_0.2_5
46,46,C,8174,Female,clvr_cost_0.15_intro_0.2_5
47,47,C,8220,Female,clvr_cost_0.15_intro_0.2_5
48,48,C,8362,Female,clvr_cost_0.15_intro_0.2_5
49,49,C,8274,Female,clvr_cost_0.15_intro_0.2_5
50,50,C,8330,Female,clvr_cost_0.15_intro_0.2_5
51,0,A,10000,Female,clvr_cost_0.15_intro_0.2_5
52,1,A,7339,Female,clvr_cost_0.15_intro_0.2_5
53,2,A,6461,Female,clvr_cost_0.15_intro_0.2_5
54,3,A,5183,Female,clvr_cost_0.15_intro_0.2_5
55,4,A,3818,Female,clvr_cost_0.15_intro_0.2_5
56,5,A,2617,Female,clvr_cost_0.15_intro_0.2_5
57,6,A,1307,Female,clvr_cost_0.15_intro_0.2_5
58,7,A,355,Female,clvr_cost_0.15_intro_0.2_5
59,8,A,52,Female,clvr_cost_0.15_intro_0.2_5
60,9,A,4,Female,clvr_cost_0.15_intro_0.2_5
61,10,A,0,Female,clvr_cost_0.15_intro_0.2_5
62,11,A,0,Female,clvr_cost_0.15_intro_0.2_5
63,12,A,0,Female,clvr_cost_0.15_intro_0.2_5
64,13,A,0,Female,clvr_cost_0.15_intro_0.2_5
65,14,A,0,Female,clvr_cost_0.15_intro_0.2_5
66,15,A,0,Female,clvr_cost_0.15_intro_0.2_5
67,16,A,0,Female,clvr_cost_0.15_intro_0.2_5
68,17,A,0,Female,clvr_cost_0.15_intro_0.2_5
69,18,A,0,Female,clvr_cost_0.15_intro_0.2_5
70,19,A,0,Female,clvr_cost_0.15_intro_0.2_5
71,20,A,0,Female,clvr_cost_0.15_intro_0.2_5
72,21,A,0,Female,clvr_cost_0.15_intro_0.2_5
73,22,A,0,Female,clvr_cost_0.15_intro_0.2_5
74,23,A,0,Female,clvr_cost_0.15_intro_0.2_5
75,24,A,0,Female,clvr_cost_0.15_intro_0.2_5
76,25,A,0,Female,clvr_cost_0.15_intro_0.2_5
77,26,A,0,Female,clvr_cost_0.15_intro_0.2_5
78,27,A,0,Female,clvr_cost_0.15_intro_0.2_5
79,28,A,0,Female,clvr_cost_0.15_intro_0.2_5
80,29,A,0,Female,clvr_cost_0.15_intro_0.2_5
81,30,A,0,Female,clvr_cost_0.15_intro_0.2_5
82,31,A,0,Female,clvr_cost_0.15_intro_0.2_5
83,32,A,0,Female,clvr_cost_0.15_intro_0.2_5
84,33,A,0,Female,clvr_cost_0.15_intro_0.2_5
85,34,A,0,Female,clvr_cost_0.15_intro_0.2_5
86,35,A,0,Female,clvr_cost_0.15_intro_0.2_5
87,36,A,0,Female,clvr_cost_0.15_intro_0.2_5
88,37,A,0,Female,clvr_cost_0.15_intro_0.2_5
89,38,A,0,Female,clvr_cost_0.15_intro_0.2_5
90,39,A,0,Female,clvr_cost_0.15_intro_0.2_5
91,40,A,0,Female,clvr_cost_0.15_intro_0.2_5
92,41,A,0,Female,clvr_cost_0.15_intro_0.2_5
93,42,A,0,Female,clvr_cost_0.15_intro_0.2_5
94,43,A,0,Female,clvr_cost_0.15_intro_0.2_5
95,44,A,0,Female,clvr_cost_0.15_intro_0.2_5
96,45,A,0,Female,clvr_cost_0.15_intro_0.2_5
97,46,A,0,Female,clvr_cost_0.15_intro_0.2_5
98,47,A,0,Female,clvr_cost_0.15_intro_0.2_5
99,48,A,0,Female,clvr_cost_0.15_intro_0.2_5
100,49,A,0,Female,clvr_cost_0.15_intro_0.2_5
101,50,A,0,Female,clvr_cost_0.15_intro_0.2_5
102,0,V,0,Female,clvr_cost_0.15_intro_0.2_5
103,1,V,1241,Female,clvr_cost_0.15_intro_0.2_5
104,2,V,1730,Female,clvr_cost_0.15_intro_0.2_5
105,3,V,2436,Female,clvr_cost_0.15_intro_0.2_5
106,4,V,2974,Female,clvr_cost_0.15_intro_0.2_5
107,5,V,3910,Female,clvr_cost_0.15_intro_0.2_5
108,6,V,4946,Female,clvr_cost_0.15_intro_0.2_5
109,7,V,6355,Female,clvr_cost_0.15_intro_0.2_5
110,8,V,7587,Female,clvr_cost_0.15_intro_0.2_5
111,9,V,8024,Female,clvr_cost_0.15_intro_0.2_5
112,10,V,7998,Female,clvr_cost_0.15_intro_0.2_5
113,11,V,8170,Female,clvr_cost_0.15_intro_0.2_5
114,12,V,7944,Female,clvr_cost_0.15_intro_0.2_5
115,13,V,7868,Female,clvr_cost_0.15_intro_0.2_5
116,14,V,7728,Female,clvr_cost_0.15_intro_0.2_5
117,15,V,8172,Female,clvr_cost_0.15_intro_0.2_5
118,16,V,8000,Female,clvr_cost_0.15_intro_0.2_5
119,17,V,8188,Female,clvr_cost_0.15_intro_0.2_5
120,18,V,7944,Female,clvr_cost_0.15_intro_0.2_5
121,19,V,7968,Female,clvr_cost_0.15_intro_0.2_5
122,20,V,7984,Female,clvr_cost_0.15_intro_0.2_5
123,21,V,8192,Female,clvr_cost_0.15_intro_0.2_5
124,22,V,8116,Female,clvr_cost_0.15_intro_0.2_5
125,23,V,7970,Female,clvr_cost_0.15_intro_0.2_5
126,24,V,8242,Female,clvr_cost_0.15_intro_0.2_5
127,25,V,8156,Female,clvr_cost_0.15_intro_0.2_5
128,26,V,8188,Female,clvr_cost_0.15_intro_0.2_5
129,27,V,8088,Female,clvr_cost_0.15_intro_0.2_5
130,28,V,8156,Female,clvr_cost_0.15_intro_0.2_5
131,29,V,8066,Female,clvr_cost_0.15_intro_0.2_5
132,30,V,8012,Female,clvr_cost_0.15_intro_0.2_5
133,31,V,7912,Female,clvr_cost_0.15_intro_0.2_5
134,32,V,7990,Female,clvr_cost_0.15_intro_0.2_5
135,33,V,7962,Female,clvr_cost_0.15_intro_0.2_5
136,34,V,8060,Female,clvr_cost_0.15_intro_0.2_5
137,35,V,8024,Female,clvr_cost_0.15_intro_0.2_5
138,36,V,8110,Female,clvr_cost_0.15_intro_0.2_5
139,37,V,8046,Female,clvr_cost_0.15_intro_0.2_5
140,38,V,8016,Female,clvr_cost_0.15_intro_0.2_5
141,39,V,8112,Female,clvr_cost_0.15_intro_0.2_5
142,40,V,8140,Female,clvr_cost_0.15_intro_0.2_5
143,41,V,8042,Female,clvr_cost_0.15_intro_0.2_5
144,42,V,8276,Female,clvr_cost_0.15_intro_0.2_5
145,43,V,8090,Female,clvr_cost_0.15_intro_0.2_5
146,44,V,8276,Female,clvr_cost_0.15_intro_0.2_5
147,45,V,8144,Female,clvr_cost_0.15_intro_0.2_5
148,46,V,8174,Female,clvr_cost_0.15_intro_0.2_5
149,47,V,8220,Female,clvr_cost_0.15_intro_0.2_5
150,48,V,8362,Female,clvr_cost_0.15_intro_0.2_5
151,49,V,8274,Female,clvr_cost_0.15_intro_0.2_5
152,50,V,8330,Female,clvr_cost_0.15_intro_0.2_5
153,0,W,10000,Female,clvr_cost_0.15_intro_0.2_5
154,1,W,7339,Female,clvr_cost_0.15_intro_0.2_5
155,2,W,6424,Female,clvr_cost_0.15_intro_0.2_5
156,3,W,5126,Female,clvr_cost_0.15_intro_0.2_5
157,4,W,3754,Female,clvr_cost_0.15_intro_0.2_5
158,5,W,2554,Female,clvr_cost_0.15_intro_0.2_5
159,6,W,1238,Female,clvr_cost_0.15_intro_0.2_5
160,7,W,309,Female,clvr_cost_0.15_intro_0.2_5
161,8,W,33,Female,clvr_cost_0.15_intro_0.2_5
162,9,W,2,Female,clvr_cost_0.15_intro_0.2_5
163,10,W,0,Female,clvr_cost_0.15_intro_0.2_5
164,11,W,0,Female,clvr_cost_0.15_intro_0.2_5
165,12,W,0,Female,clvr_cost_0.15_intro_0.2_5
166,13,W,0,Female,clvr_cost_0.15_intro_0.2_5
167,14,W,0,Female,clvr_cost_0.15_intro_0.2_5
168,15,W,0,Female,clvr_cost_0.15_intro_0.2_5
169,16,W,0,Female,clvr_cost_0.15_intro_0.2_5
170,17,W,0,Female,clvr_cost_0.15_intro_0.2_5
171,18,W,0,Female,clvr_cost_0.15_intro_0.2_5
172,19,W,0,Female,clvr_cost_0.15_intro_0.2_5
173,20,W,0,Female,clvr_cost_0.15_intro_0.2_5
174,21,W,0,Female,clvr_cost_0.15_intro_0.2_5
175,22,W,0,Female,clvr_cost_0.15_intro_0.2_5
176,23,W,0,Female,clvr_cost_0.15_intro_0.2_5
177,24,W,0,Female,clvr_cost_0.15_intro_0.2_5
178,25,W,0,Female,clvr_cost_0.15_intro_0.2_5
179,26,W,0,Female,clvr_cost_0.15_intro_0.2_5
180,27,W,0,Female,clvr_cost_0.15_intro_0.2_5
181,28,W,0,Female,clvr_cost_0.15_intro_0.2_5
182,29,W,0,Female,clvr_cost_0.15_intro_0.2_5
183,30,W,0,Female,clvr_cost_0.15_intro_0.2_5
184,31,W,0,Female,clvr_cost_0.15_intro_0.2_5
185,32,W,0,Female,clvr_cost_0.15_intro_0.2_5
186,33,W,0,Female,clvr_cost_0.15_intro_0.2_5
187,34,W,0,Female,clvr_cost_0.15_intro_0.2_5
188,35,W,0,Female,clvr_cost_0.15_intro_0.2_5
189,36,W,0,Female,clvr_cost_0.15_intro_0.2_5
190,37,W,0,Female,clvr_cost_0.15_intro_0.2_5
191,38,W,0,Female,clvr_cost_0.15_intro_0.2_5
192,39,W,0,Female,clvr_cost_0.15_intro_0.2_5
193,40,W,0,Female,clvr_cost_0.15_intro_0.2_5
194,41,W,0,Female,clvr_cost_0.15_intro_0.2_5
195,42,W,0,Female,clvr_cost_0.15_intro_0.2_5
196,43,W,0,Female,clvr_cost_0.15_intro_0.2_5
197,44,W,0,Female,clvr_cost_0.15_intro_0.2_5
198,45,W,0,Female,clvr_cost_0.15_intro_0.2_5
199,46,W,0,Female,clvr_cost_0.15_intro_0.2_5
200,47,W,0,Female,clvr_cost_0.15_intro_0.2_5
201,48,W,0,Female,clvr_cost_0.15_intro_0.2_5
202,49,W,0,Female,clvr_cost_0.15_intro_0.2_5
203,50,W,0,Female,clvr_cost_0.15_intro_0.2_5
204,0,C,4000,Male,clvr_cost_0.15_intro_0.2_5
205,1,C,1242,Male,clvr_cost_0.15_intro_0.2_5
206,2,C,1811,Male,clvr_cost_0.15_intro_0.2_5
207,3,C,2330,Male,clvr_cost_0.15_intro_0.2_5
208,4,C,3053,Male,clvr_cost_0.15_intro_0.2_5
209,5,C,3856,Male,clvr_cost_0.15_intro_0.2_5
210,6,C,4907,Male,clvr_cost_0.15_intro_0.2_5
211,7,C,6360,Male,clvr_cost_0.15_intro_0.2_5
212,8,C,7688,Male,clvr_cost_0.15_intro_0.2_5
213,9,C,8146,Male,clvr_cost_0.15_intro_0.2_5
214,10,C,8068,Male,clvr_cost_0.15_intro_0.2_5
215,11,C,8332,Male,clvr_cost_0.15_intro_0.2_5
216,12,C,8272,Male,clvr_cost_0.15_intro_0.2_5
217,13,C,8216,Male,clvr_cost_0.15_intro_0.2_5
218,14,C,7902,Male,clvr_cost_0.15_intro_0.2_5
219,15,C,8184,Male,clvr_cost_0.15_intro_0.2_5
220,16,C,8114,Male,clvr_cost_0.15_intro_0.2_5
221,17,C,8322,Male,clvr_cost_0.15_intro_0.2_5
222,18,C,8226,Male,clvr_cost_0.15_intro_0.2_5
223,19,C,8094,Male,clvr_cost_0.15_intro_0.2_5
224,20,C,8170,Male,clvr_cost_0.15_intro_0.2_5
225,21,C,8204,Male,clvr_cost_0.15_intro_0.2_5
226,22,C,8328,Male,clvr_cost_0.15_intro_0.2_5
227,23,C,8108,Male,clvr_cost_0.15_intro_0.2_5
228,24,C,8260,Male,clvr_cost_0.15_intro_0.2_5
229,25,C,8210,Male,clvr_cost_0.15_intro_0.2_5
230,26,C,8326,Male,clvr_cost_0.15_intro_0.2_5
231,27,C,8168,Male,clvr_cost_0.15_intro_0.2_5
232,28,C,8250,Male,clvr_cost_0.15_intro_0.2_5
233,29,C,8146,Male,clvr_cost_0.15_intro_0.2_5
234,30,C,8298,Male,clvr_cost_0.15_intro_0.2_5
235,31,C,8218,Male,clvr_cost_0.15_intro_0.2_5
236,32,C,8090,Male,clvr_cost_0.15_intro_0.2_5
237,33,C,8150,Male,clvr_cost_0.15_intro_0.2_5
238,34,C,8238,Male,clvr_cost_0.15_intro_0.2_5
239,35,C,8220,Male,clvr_cost_0.15_intro_0.2_5
240,36,C,8428,Male,clvr_cost_0.15_intro_0.2_5
241,37,C,8208,Male,clvr_cost_0.15_intro_0.2_5
242,38,C,8206,Male,clvr_cost_0.15_intro_0.2_5
243,39,C,8216,Male,clvr_cost_0.15_intro_0.2_5
244,40,C,8256,Male,clvr_cost_0.15_intro_0.2_5
245,41,C,8304,Male,clvr_cost_0.15_intro_0.2_5
246,42,C,8288,Male,clvr_cost_0.15_intro_0.2_5
247,43,C,8150,Male,clvr_cost_0.15_intro_0.2_5
248,44,C,8330,Male,clvr_cost_0.15_intro_0.2_5
249,45,C,8288,Male,clvr_cost_0.15_intro_0.2_5
250,46,C,8186,Male,clvr_cost_0.15_intro_0.2_5
251,47,C,8262,Male,clvr_cost_0.15_intro_0.2_5
252,48,C,8374,Male,clvr_cost_0.15_intro_0.2_5
253,49,C,8326,Male,clvr_cost_0.15_intro_0.2_5
254,50,C,8358,Male,clvr_cost_0.15_intro_0.2_5
255,0,A,10000,Male,clvr_cost_0.15_intro_0.2_5
256,1,A,7456,Male,clvr_cost_0.15_intro_0.2_5
257,2,A,6513,Male,clvr_cost_0.15_intro_0.2_5
258,3,A,5428,Male,clvr_cost_0.15_intro_0.2_5
259,4,A,3999,Male,clvr_cost_0.15_intro_0.2_5
260,5,A,2616,Male,clvr_cost_0.15_intro_0.2_5
261,6,A,1307,Male,clvr_cost_0.15_intro_0.2_5
262,7,A,364,Male,clvr_cost_0.15_intro_0.2_5
263,8,A,42,Male,clvr_cost_0.15_intro_0.2_5
264,9,A,2,Male,clvr_cost_0.15_intro_0.2_5
265,10,A,0,Male,clvr_cost_0.15_intro_0.2_5
266,11,A,0,Male,clvr_cost_0.15_intro_0.2_5
267,12,A,0,Male,clvr_cost_0.15_intro_0.2_5
268,13,A,0,Male,clvr_cost_0.15_intro_0.2_5
269,14,A,0,Male,clvr_cost_0.15_intro_0.2_5
270,15,A,0,Male,clvr_cost_0.15_intro_0.2_5
271,16,A,0,Male,clvr_cost_0.15_intro_0.2_5
272,17,A,0,Male,clvr_cost_0.15_intro_0.2_5
273,18,A,0,Male,clvr_cost_0.15_intro_0.2_5
274,19,A,0,Male,clvr_cost_0.15_intro_0.2_5
275,20,A,0,Male,clvr_cost_0.15_intro_0.2_5
276,21,A,0,Male,clvr_cost_0.15_intro_0.2_5
277,22,A,0,Male,clvr_cost_0.15_intro_0.2_5
278,23,A,0,Male,clvr_cost_0.15_intro_0.2_5
279,24,A,0,Male,clvr_cost_0.15_intro_0.2_5
280,25,A,0,Male,clvr_cost_0.15_intro_0.2_5
281,26,A,0,Male,clvr_cost_0.15_intro_0.2_5
282,27,A,0,Male,clvr_cost_0.15_intro_0.2_5
283,28,A,0,Male,clvr_cost_0.15_intro_0.2_5
284,29,A,0,Male,clvr_cost_0.15_intro_0.2_5
285,30,A,0,Male,clvr_cost_0.15_intro_0.2_5
286,31,A,0,Male,clvr_cost_0.15_intro_0.2_5
287,32,A,0,Male,clvr_cost_0.15_intro_0.2_5
288,33,A,0,Male,clvr_cost_0.15_intro_0.2_5
289,34,A,0,Male,clvr_cost_0.15_intro_0.2_5
290,35,A,0,Male,clvr_cost_0.15_intro_0.2_5
291,36,A,0,Male,clvr_cost_0.15_intro_0.2_5
292,37,A,0,Male,clvr_cost_0.15_intro_0.2_5
293,38,A,0,Male,clvr_cost_0.15_intro_0.2_5
294,39,A,0,Male,clvr_cost_0.15_intro_0.2_5
295,40,A,0,Male,clvr_cost_0.15_intro_0.2_5
296,41,A,0,Male,clvr_cost_0.15_intro_0.2_5
297,42,A,0,Male,clvr_cost_0.15_intro_0.2_5
298,43,A,0,Male,clvr_cost_0.15_intro_0.2_5
299,44,A,0,Male,clvr_cost_0.15_intro_0.2_5
300,45,A,0,Male,clvr_cost_0.15_intro_0.2_5
301,46,A,0,Male,clvr_cost_0.15_intro_0.2_5
302,47,A,0,Male,clvr_cost_0.15_intro_0.2_5
303,48,A,0,Male,clvr_cost_0.15_intro_0.2_5
304,49,A,0,Male,clvr_cost_0.15_intro_0.2_5
305,50,A,0,Male,clvr_cost_0.15_intro_0.2_5
306,0,V,4000,Male,clvr_cost_0.15_intro_0.2_5
307,1,V,1242,Male,clvr_cost_0.15_intro_0.2_5
308,2,V,1847,Male,clvr_cost_0.15_intro_0.2_5
309,3,V,2377,Male,clvr_cost_0.15_intro_0.2_5
310,4,V,3112,Male,clvr_cost_0.15_intro_0.2_5
311,5,V,3916,Male,clvr_cost_0.15_intro_0.2_5
312,6,V,4970,Male,clvr_cost_0.15_intro_0.2_5
313,7,V,6417,Male,clvr_cost_0.15_intro_0.2_5
314,8,V,7706,Male,clvr_cost_0.15_intro_0.2_5
315,9,V,8147,Male,clvr_cost_0.15_intro_0.2_5
316,10,V,8068,Male,clvr_cost_0.15_intro_0.2_5
317,11,V,8332,Male,clvr_cost_0.15_intro_0.2_5
318,12,V,8272,Male,clvr_cost_0.15_intro_0.2_5
319,13,V,8216,Male,clvr_cost_0.15_intro_0.2_5
320,14,V,7902,Male,clvr_cost_0.15_intro_0.2_5
321,15,V,8184,Male,clvr_cost_0.15_intro_0.2_5
322,16,V,8114,Male,clvr_cost_0.15_intro_0.2_5
323,17,V,8322,Male,clvr_cost_0.15_intro_0.2_5
324,18,V,8226,Male,clvr_cost_0.15_intro_0.2_5
325,19,V,8094,Male,clvr_cost_0.15_intro_0.2_5
326,20,V,8170,Male,clvr_cost_0.15_intro_0.2_5
327,21,V,8204,Male,clvr_cost_0.15_intro_0.2_5
328,22,V,8328,Male,clvr_cost_0.15_intro_0.2_5
329,23,V,8108,Male,clvr_cost_0.15_intro_0.2_5
330,24,V,8260,Male,clvr_cost_0.15_intro_0.2_5
331,25,V,8210,Male,clvr_cost_0.15_intro_0.2_5
332,26,V,8326,Male,clvr_cost_0.15_intro_0.2_5
333,27,V,8168,Male,clvr_cost_0.15_intro_0.2_5
334,28,V,8250,Male,clvr_cost_0.15_intro_0.2_5
335,29,V,8146,Male,clvr_cost_0.15_intro_0.2_5
336,30,V,8298,Male,clvr_cost_0.15_intro_0.2_5
337,31,V,8218,Male,clvr_cost_0.15_intro_0.2_5
338,32,V,8090,Male,clvr_cost_0.15_intro_0.2_5
339,33,V,8150,Male,clvr_cost_0.15_intro_0.2_5
340,34,V,8238,Male,clvr_cost_0.15_intro_0.2_5
341,35,V,8220,Male,clvr_cost_0.15_intro_0.2_5
342,36,V,8428,Male,clvr_cost_0.15_intro_0.2_5
343,37,V,8208,Male,clvr_cost_0.15_intro_0.2_5
344,38,V,8206,Male,clvr_cost_0.15_intro_0.2_5
345,39,V,8216,Male,clvr_cost_0.15_intro_0.2_5
346,40,V,8256,Male,clvr_cost_0.15_intro_0.2_5
347,41,V,8304,Male,clvr_cost_0.15_intro_0.2_5
348,42,V,8288,Male,clvr_cost_0.15_intro_0.2_5
349,43,V,8150,Male,clvr_cost_0.15_intro_0.2_5
350,44,V,8330,Male,clvr_cost_0.15_intro_0.2_5
351,45,V,8288,Male,clvr_cost_0.15_intro_0.2_5
352,46,V,8186,Male,clvr_cost_0.15_intro_0.2_5
353,47,V,8262,Male,clvr_cost_0.15_intro_0.2_5
354,48,V,8374,Male,clvr_cost_0.15_intro_0.2_5
355,49,V,8326,Male,clvr_cost_0.15_intro_0.2_5
356,50,V,8358,Male,clvr_cost_0.15_intro_0.2_5
357,0,W,10000,Male,clvr_cost_0.15_intro_0.2_5
358,1,W,7456,Male,clvr_cost_0.15_intro_0.2_5
359,2,W,6477,Male,clvr_cost_0.15_intro_0.2_5
360,3,W,5381,Male,clvr_cost_0.15_intro_0.2_5
361,4,W,3940,Male,clvr_cost_0.15_intro_0.2_5
362,5,W,2556,Male,clvr_cost_0.15_intro_0.2_5
363,6,W,1244,Male,clvr_cost_0.15_intro_0.2_5
364,7,W,307,Male,clvr_cost_0.15_intro_0.2_5
365,8,W,24,Male,clvr_cost_0.15_intro_0.2_5
366,9,W,1,Male,clvr_cost_0.15_intro_0.2_5
367,10,W,0,Male,clvr_cost_0.15_intro_0.2_5
368,11,W,0,Male,clvr_cost_0.15_intro_0.2_5
369,12,W,0,Male,clvr_cost_0.15_intro_0.2_5
370,13,W,0,Male,clvr_cost_0.15_intro_0.2_5
371,14,W,0,Male,clvr_cost_0.15_intro_0.2_5
372,15,W,0,Male,clvr_cost_0.15_intro_0.2_5
373,16,W,0,Male,clvr_cost_0.15_intro_0.2_5
374,17,W,0,Male,clvr_cost_0.15_intro_0.2_5
375,18,W,0,Male,clvr_cost_0.15_intro_0.2_5
376,19,W,0,Male,clvr_cost_0.15_intro_0.2_5
377,20,W,0,Male,clvr_cost_0.15_intro_0.2_5
378,21,W,0,Male,clvr_cost_0.15_intro_0.2_5
379,22,W,0,Male,clvr_cost_0.15_intro_0.2_5
380,23,W,0,Male,clvr_cost_0.15_intro_0.2_5
381,24,W,0,Male,clvr_cost_0.15_intro_0.2_5
382,25,W,0,Male,clvr_cost_0.15_intro_0.2_5
383,26,W,0,Male,clvr_cost_0.15_intro_0.2_5
384,27,W,0,Male,clvr_cost_0.15_intro_0.2_5
385,28,W,0,Male,clvr_cost_0.15_intro_0.2_5
386,29,W,0,Male,clvr_cost_0.15_intro_0.2_5
387,30,W,0,Male,clvr_cost_0.15_intro_0.2_5
388,31,W,0,Male,clvr_cost_0.15_intro_0.2_5
389,32,W,0,Male,clvr_cost_0.15_intro_0.2_5
390,33,W,0,Male,clvr_cost_0.15_intro_0.2_5
391,34,W,0,Male,clvr_cost_0.15_intro_0.2_5
392,35,W,0,Male,clvr_cost_0.15_intro_0.2_5
393,36,W,0,Male,clvr_cost_0.15_intro_0.2_5
394,37,W,0,Male,clvr_cost_0.15_intro_0.2_5
395,38,W,0,Male,clvr_cost_0.15_intro_0.2_5
396,39,W,0,Male,clvr_cost_0.15_intro_0.2_5
397,40,W,0,Male,clvr_cost_0.15_intro_0.2_5
398,41,W,0,Male,clvr_cost_0.15_intro_0.2_5
399,42,W,0,Male,clvr_cost_0.15_intro_0.2_5
400,43,W,0,Male,clvr_cost_0.15_intro_0.2_5
401,44,W,0,Male,clvr_cost_0.15_intro_0.2_5
402,45,W,0,Male,clvr_cost_0.15_intro_0.2_5
403,46,W,0,Male,clvr_cost_0.15_intro_0.2_5
404,47,W,0,Male,clvr_cost_0.15_intro_0.2_5
405,48,W,0,Male,clvr_cost_0.15_intro_0.2_5
406,49,W,0,Male,clvr_cost_0.15_intro_0.2_5
407,50,W,0,Male,clvr_cost_0.15_intro_0.2_5
,Generation,Allele,Count,Sex,Run
0,0,C,0,Female,clvr_cost_0.15_intro_0.2_6
1,1,C,1231,Female,clvr_cost_0.15_intro_0.2_6
2,2,C,1731,Female,clvr_cost_0.15_intro_0.2_6
3,3,C,2197,Female,clvr_cost_0.15_intro_0.2_6
4,4,C,2877,Female,clvr_cost_0.15_intro_0.2_6
5,5,C,3738,Female,clvr_cost_0.15_intro_0.2_6
6,6,C,4643,Female,clvr_cost_0.15_intro_0.2_6
7,7,C,5985,Female,clvr_cost_0.15_intro_0.2_6
8,8,C,7245,Female,clvr_cost_0.15_intro_0.2_6
9,9,C,8116,Female,clvr_cost_0.15_intro_0.2_6
10,10,C,7974,Female,clvr_cost_0.15_intro_0.2_6
11,11,C,8216,Female,clvr_cost_0.15_intro_0.2_6
12,12,C,8224,Female,clvr_cost_0.15_intro_0.2_6
13,13,C,8212,Female,clvr_cost_0.15_intro_0.2_6
14,14,C,8132,Female,clvr_cost_0.15_intro_0.2_6
15,15,C,8008,Female,clvr_cost_0.15_intro_0.2_6
16,16,C,8102,Female,clvr_cost_0.15_intro_0.2_6
17,17,C,8176,Female,clvr_cost_0.15_intro_0.2_6
18,18,C,8220,Female,clvr_cost_0.15_intro_0.2_6
19,19,C,8190,Female,clvr_cost_0.15_intro_0.2_6
20,20,C,8082,Female,clvr_cost_0.15_intro_0.2_6
21,21,C,8166,Female,clvr_cost_0.15_intro_0.2_6
22,22,C,8266,Female,clvr_cost_0.15_intro_0.2_6
23,23,C,8218,Female,clvr_cost_0.15_intro_0.2_6
24,24,C,8102,Female,clvr_cost_0.15_intro_0.2_6
25,25,C,8200,Female,clvr_cost_0.15_intro_0.2_6
26,26,C,8210,Female,clvr_cost_0.15_intro_0.2_6
27,27,C,8182,Female,clvr_cost_0.15_intro_0.2_6
28,28,C,8110,Female,clvr_cost_0.15_intro_0.2_6
29,29,C,8018,Female,clvr_cost_0.15_intro_0.2_6
30,30,C,8354,Female,clvr_cost_0.15_intro_0.2_6
31,31,C,8366,Female,clvr_cost_0.15_intro_0.2_6
32,32,C,8332,Female,clvr_cost_0.15_intro_0.2_6
33,33,C,8078,Female,clvr_cost_0.15_intro_0.2_6
34,34,C,8078,Female,clvr_cost_0.15_intro_0.2_6
35,35,C,8226,Female,clvr_cost_0.15_intro_0.2_6
36,36,C,8306,Female,clvr_cost_0.15_intro_0.2_6
37,37,C,8078,Female,clvr_cost_0.15_intro_0.2_6
38,38,C,8344,Female,clvr_cost_0.15_intro_0.2_6
39,39,C,7926,Female,clvr_cost_0.15_intro_0.2_6
40,40,C,8236,Female,clvr_cost_0.15_intro_0.2_6
41,41,C,8356,Female,clvr_cost_0.15_intro_0.2_6
42,42,C,8336,Female,clvr_cost_0.15_intro_0.2_6
43,43,C,8210,Female,clvr_cost_0.15_intro_0.2_6
44,44,C,8206,Female,clvr_cost_0.15_intro_0.2_6
45,45,C,8130,Female,clvr_cost_0.15_intro_0.2_6
46,46,C,8026,Female,clvr_cost_0.15_intro_0.2_6
47,47,C,7948,Female,clvr_cost_0.15_intro_0.2_6
48,48,C,8014,Female,clvr_cost_0.15_intro_0.2_6
49,49,C,8254,Female,clvr_cost_0.15_intro_0.2_6
50,50,C,8046,Female,clvr_cost_0.15_intro_0.2_6
51,0,A,10000,Female,clvr_cost_0.15_intro_0.2_6
52,1,A,7271,Female,clvr_cost_0.15_intro_0.2_6
53,2,A,6641,Female,clvr_cost_0.15_intro_0.2_6
54,3,A,5389,Female,clvr_cost_0.15_intro_0.2_6
55,4,A,4103,Female,clvr_cost_0.15_intro_0.2_6
56,5,A,2760,Female,clvr_cost_0.15_intro_0.2_6
57,6,A,1361,Female,clvr_cost_0.15_intro_0.2_6
58,7,A,347,Female,clvr_cost_0.15_intro_0.2_6
59,8,A,41,Female,clvr_cost_0.15_intro_0.2_6
60,9,A,2,Female,clvr_cost_0.15_intro_0.2_6
61,10,A,0,Female,clvr_cost_0.15_intro_0.2_6
62,11,A,0,Female,clvr_cost_0.15_intro_0.2_6
63,12,A,0,Female,clvr_cost_0.15_intro_0.2_6
64,13,A,0,Female,clvr_cost_0.15_intro_0.2_6
65,14,A,0,Female,clvr_cost_0.15_intro_0.2_6
66,15,A,0,Female,clvr_cost_0.15_intro_0.2_6
67,16,A,0,Female,clvr_cost_0.15_intro_0.2_6
68,17,A,0,Female,clvr_cost_0.15_intro_0.2_6
69,18,A,0,Female,clvr_cost_0.15_intro_0.2_6
70,19,A,0,Female,clvr_cost_0.15_intro_0.2_6
71,20,A,0,Female,clvr_cost_0.15_intro_0.2_6
72,21,A,0,Female,clvr_cost_0.15_intro_0.2_6
73,22,A,0,Female,clvr_cost_0.15_intro_0.2_6
74,23,A,0,Female,clvr_cost_0.15_intro_0.2_6
75,24,A,0,Female,clvr_cost_0.15_intro_0.2_6
76,25,A,0,Female,clvr_cost_0.15_intro_0.2_6
77,26,A,0,Female,clvr_cost_0.15_intro_0.2_6
78,27,A,0,Female,clvr_cost_0.15_intro_0.2_6
79,28,A,0,Female,clvr_cost_0.15_intro_0.2_6
80,29,A,0,Female,clvr_cost_0.15_intro_0.2_6
81,30,A,0,Female,clvr_cost_0.15_intro_0.2_6
82,31,A,0,Female,clvr_cost_0.15_intro_0.2_6
83,32,A,0,Female,clvr_cost_0.15_intro_0.2_6
84,33,A,0,Female,clvr_cost_0.15_intro_0.2_6
85,34,A,0,Female,clvr_cost_0.15_intro_0.2_6
86,35,A,0,Female,clvr_cost_0.15_intro_0.2_6
87,36,A,0,Female,clvr_cost_0.15_intro_0.2_6
88,37,A,0,Female,clvr_cost_0.15_intro_0.2_6
89,38,A,0,Female,clvr_cost_0.15_intro_0.2_6
90,39,A,0,Female,clvr_cost_0.15_intro_0.2_6
91,40,A,0,Female,clvr_cost_0.15_intro_0.2_6
92,41,A,0,Female,clvr_cost_0.15_intro_0.2_6
93,42,A,0,Female,clvr_cost_0.15_intro_0.2_6
94,43,A,0,Female,clvr_cost_0.15_intro_0.2_6
95,44,A,0,Female,clvr_cost_0.15_intro_0.2_6
96,45,A,0,Female,clvr_cost_0.15_intro_0.2_6
97,46,A,0,Female,clvr_cost_0.15_intro_0.2_6
98,47,A,0,Female,clvr_cost_0.15_intro_0.2_6
99,48,A,0,Female,clvr_cost_0.15_intro_0.2_6
100,49,A,0,Female,clvr_cost_0.15_intro_0.2_6
101,50,A,0,Female,clvr_cost_0.15_intro_0.2_6
102,0,V,0,Female,clvr_cost_0.15_intro_0.2_6
103,1,V,1231,Female,clvr_cost_0.15_intro_0.2_6
104,2,V,1769,Female,clvr_cost_0.15_intro_0.2_6
105,3,V,2242,Female,clvr_cost_0.15_intro_0.2_6
106,4,V,2943,Female,clvr_cost_0.15_intro_0.2_6
107,5,V,3815,Female,clvr_cost_0.15_intro_0.2_6
108,6,V,4711,Female,clvr_cost_0.15_intro_0.2_6
109,7,V,6029,Female,clvr_cost_0.15_intro_0.2_6
110,8,V,7260,Female,clvr_cost_0.15_intro_0.2_6
111,9,V,8117,Female,clvr_cost_0.15_intro_0.2_6
112,10,V,7974,Female,clvr_cost_0.15_intro_0.2_6
113,11,V,8216,Female,clvr_cost_0.15_intro_0.2_6
114,12,V,8224,Female,clvr_cost_0.15_intro_0.2_6
115,13,V,8212,Female,clvr_cost_0.15_intro_0.2_6
116,14,V,8132,Female,clvr_cost_0.15_intro_0.2_6
117,15,V,8008,Female,clvr_cost_0.15_intro_0.2_6
118,16,V,8102,Female,clvr_cost_0.15_intro_0.2_6
119,17,V,8176,Female,clvr_cost_0.15_intro_0.2_6
120,18,V,8220,Female,clvr_cost_0.15_intro_0.2_6
121,19,V,8190,Female,clvr_cost_0.15_intro_0.2_6
122,20,V,8082,Female,clvr_cost_0.15_intro_0.2_6
123,21,V,8166,Female,clvr_cost_0.15_intro_0.2_6
124,22,V,8266,Female,clvr_cost_0.15_intro_0.2_6
125,23,V,8218,Female,clvr_cost_0.15_intro_0.2_6
126,24,V,8102,Female,clvr_cost_0.15_intro_0.2_6
127,25,V,8200,Female,clvr_cost_0.15_intro_0.2_6
128,26,V,8210,Female,clvr_cost_0.15_intro_0.2_6
129,27,V,8182,Female,clvr_cost_0.15_intro_0.2_6
130,28,V,8110,Female,clvr_cost_0.15_intro_0.2_6
131,29,V,8018,Female,clvr_cost_0.15_intro_0.2_6
132,30,V,8354,Female,clvr_cost_0.15_intro_0.2_6
133,31,V,8366,Female,clvr_cost_0.15_intro_0.2_6
134,32,V,8332,Female,clvr_cost_0.15_intro_0.2_6
135,33,V,8078,Female,clvr_cost_0.15_intro_0.2_6
136,34,V,8078,Female,clvr_cost_0.15_intro_0.2_6
137,35,V,8226,Female,clvr_cost_0.15_intro_0.2_6
138,36,V,8306,Female,clvr_cost_0.15_intro_0.2_6
139,37,V,8078,Female,clvr_cost_0.15_intro_0.2_6
140,38,V,8344,Female,clvr_cost_0.15_intro_0.2_6
141,39,V,7926,Female,clvr_cost_0.15_intro_0.2_6
142,40,V,8236,Female,clvr_cost_0.15_intro_0.2_6
143,41,V,8356,Female,clvr_cost_0.15_intro_0.2_6
144,42,V,8336,Female,clvr_cost_0.15_intro_0.2_6
145,43,V,8210,Female,clvr_cost_0.15_intro_0.2_6
146,44,V,8206,Female,clvr_cost_0.15_intro_0.2_6
147,45,V,8130,Female,clvr_cost_0.15_intro_0.2_6
148,46,V,8026,Female,clvr_cost_0.15_intro_0.2_6
149,47,V,7948,Female,clvr_cost_0.15_intro_0.2_6
150,48,V,8014,Female,clvr_cost_0.15_intro_0.2_6
151,49,V,8254,Female,clvr_cost_0.15_intro_0.2_6
152,50,V,8046,Female,clvr_cost_0.15_intro_0.2_6
153,0,W,10000,Female,clvr_cost_0.15_intro_0.2_6
154,1,W,7271,Female,clvr_cost_0.15_intro_0.2_6
155,2,W,6603,Female,clvr_cost_0.15_intro_0.2_6
156,3,W,5344,Female,clvr_cost_0.15_intro_0.2_6
157,4,W,4037,Female,clvr_cost_0.15_intro_0.2_6
158,5,W,2683,Female,clvr_cost_0.15_intro_0.2_6
159,6,W,1293,Female,clvr_cost_0.15_intro_0.2_6
160,7,W,303,Female,clvr_cost_0.15_intro_0.2_6
161,8,W,26,Female,clvr_cost_0.15_intro_0.2_6
162,9,W,1,Female,clvr_cost_0.15_intro_0.2_6
163,10,W,0,Female,clvr_cost_0.15_intro_0.2_6
164,11,W,0,Female,clvr_cost_0.15_intro_0.2_6
165,12,W,0,Female,clvr_cost_0.15_intro_0.2_6
166,13,W,0,Female,clvr_cost_0.15_intro_0.2_6
167,14,W,0,Female,clvr_cost_0.15_intro_0.2_6
168,15,W,0,Female,clvr_cost_0.15_intro_0.2_6
169,16,W,0,Female,clvr_cost_0.15_intro_0.2_6
170,17,W,0,Female,clvr_cost_0.15_intro_0.2_6
171,18,W,0,Female,clvr_cost_0.15_intro_0.2_6
172,19,W,0,Female,clvr_cost_0.15_intro_0.2_6
173,20,W,0,Female,clvr_cost_0.15_intro_0.2_6
174,21,W,0,Female,clvr_cost_0.15_intro_0.2_6
175,22,W,0,Female,clvr_cost_0.15_intro_0.2_6
176,23,W,0,Female,clvr_cost_0.15_intro_0.2_6
177,24,W,0,Female,clvr_cost_0.15_intro_0.2_6
178,25,W,0,Female,clvr_cost_0.15_intro_0.2_6
179,26,W,0,Female,clvr_cost_0.15_intro_0.2_6
180,27,W,0,Female,clvr_cost_0.15_intro_0.2_6
181,28,W,0,Female,clvr_cost_0.15_intro_0.2_6
182,29,W,0,Female,clvr_cost_0.15_intro_0.2_6
183,30,W,0,Female,clvr_cost_0.15_intro_0.2_6
184,31,W,0,Female,clvr_cost_0.15_intro_0.2_6
185,32,W,0,Female,clvr_cost_0.15_intro_0.2_6
186,33,W,0,Female,clvr_cost_0.15_intro_0.2_6
187,34,W,0,Female,clvr_cost_0.15_intro_0.2_6
188,35,W,0,Female,clvr_cost_0.15_intro_0.2_6
189,36,W,0,Female,clvr_cost_0.15_intro_0.2_6
190,37,W,0,Female,clvr_cost_0.15_intro_0.2_6
191,38,W,0,Female,clvr_cost_0.15_intro_0.2_6
192,39,W,0,Female,clvr_cost_0.15_intro_0.2_6
193,40,W,0,Female,clvr_cost_0.15_intro_0.2_6
194,41,W,0,Female,clvr_cost_0.15_intro_0.2_6
195,42,W,0,Female,clvr_cost_0.15_intro_0.2_6
196,43,W,0,Female,clvr_cost_0.15_intro_0.2_6
197,44,W,0,Female,clvr_cost_0.15_intro_0.2_6
198,45,W,0,Female,clvr_cost_0.15_intro_0.2_6
199,46,W,0,Female,clvr_cost_0.15_intro_0.2_6
200,47,W,0,Female,clvr_cost_0.15_intro_0.2_6
201,48,W,0,Female,clvr_cost_0.15_intro_0.2_6
202,49,W,0,Female,clvr_cost_0.15_intro_0.2_6
203,50,W,0,Female,clvr_cost_0.15_intro_0.2_6
204,0,C,4000,Male,clvr_cost_0.15_intro_0.2_6
205,1,C,1225,Male,clvr_cost_0.15_intro_0.2_6
206,2,C,1714,Male,clvr_cost_0.15_intro_0.2_6
207,3,C,2391,Male,clvr_cost_0.15_intro_0.2_6
208,4,C,3002,Male,clvr_cost_0.15_intro_0.2_6
209,5,C,3780,Male,clvr_cost_0.15_intro_0.2_6
210,6,C,4870,Male,clvr_cost_0.15_intro_0.2_6
211,7,C,6038,Male,clvr_cost_0.15_intro_0.2_6
212,8,C,7283,Male,clvr_cost_0.15_intro_0.2_6
213,9,C,8197,Male,clvr_cost_0.15_intro_0.2_6
214,10,C,8094,Male,clvr_cost_0.15_intro_0.2_6
215,11,C,8218,Male,clvr_cost_0.15_intro_0.2_6
216,12,C,8402,Male,clvr_cost_0.15_intro_0.2_6
217,13,C,8234,Male,clvr_cost_0.15_intro_0.2_6
218,14,C,8232,Male,clvr_cost_0.15_intro_0.2_6
219,15,C,8212,Male,clvr_cost_0.15_intro_0.2_6
220,16,C,8394,Male,clvr_cost_0.15_intro_0.2_6
221,17,C,8180,Male,clvr_cost_0.15_intro_0.2_6
222,18,C,8284,Male,clvr_cost_0.15_intro_0.2_6
223,19,C,8220,Male,clvr_cost_0.15_intro_0.2_6
224,20,C,8214,Male,clvr_cost_0.15_intro_0.2_6
225,21,C,8232,Male,clvr_cost_0.15_intro_0.2_6
226,22,C,8288,Male,clvr_cost_0.15_intro_0.2_6
227,23,C,8444,Male,clvr_cost_0.15_intro_0.2_6
228,24,C,8160,Male,clvr_cost_0.15_intro_0.2_6
229,25,C,8264,Male,clvr_cost_0.15_intro_0.2_6
230,26,C,8298,Male,clvr_cost_0.15_intro_0.2_6
231,27,C,8476,Male,clvr_cost_0.15_intro_0.2_6
232,28,C,8188,Male,clvr_cost_0.15_intro_0.2_6
233,29,C,8104,Male,clvr_cost_0.15_intro_0.2_6
234,30,C,8478,Male,clvr_cost_0.15_intro_0.2_6
235,31,C,8474,Male,clvr_cost_0.15_intro_0.2_6
236,32,C,8428,Male,clvr_cost_0.15_intro_0.2_6
237,33,C,8106,Male,clvr_cost_0.15_intro_0.2_6
238,34,C,8102,Male,clvr_cost_0.15_intro_0.2_6
239,35,C,8274,Male,clvr_cost_0.15_intro_0.2_6
240,36,C,8400,Male,clvr_cost_0.15_intro_0.2_6
241,37,C,8164,Male,clvr_cost_0.15_intro_0.2_6
242,38,C,8386,Male,clvr_cost_0.15_intro_0.2_6
243,39,C,8340,Male,clvr_cost_0.15_intro_0.2_6
244,40,C,8250,Male,clvr_cost_0.15_intro_0.2_6
245,41,C,8366,Male,clvr_cost_0.15_intro_0.2_6
246,42,C,8344,Male,clvr_cost_0.15_intro_0.2_6
247,43,C,8372,Male,clvr_cost_0.15_intro_0.2_6
248,44,C,8238,Male,clvr_cost_0.15_intro_0.2_6
249,45,C,8134,Male,clvr_cost_0.15_intro_0.2_6
250,46,C,8342,Male,clvr_cost_0.15_intro_0.2_6
251,47,C,8180,Male,clvr_cost_0.15_intro_0.2_6
252,48,C,8096,Male,clvr_cost_0.15_intro_0.2_6
253,49,C,8402,Male,clvr_cost_0.15_intro_0.2_6
254,50,C,8164,Male,clvr_cost_0.15_intro_0.2_6
255,0,A,10000,Male,clvr_cost_0.15_intro_0.2_6
256,1,A,7471,Male,clvr_cost_0.15_intro_0.2_6
257,2,A,6684,Male,clvr_cost_0.15_intro_0.2_6
258,3,A,5481,Male,clvr_cost_0.15_intro_0.2_6
259,4,A,4270,Male,clvr_cost_0.15_intro_0.2_6
260,5,A,2776,Male,clvr_cost_0.15_intro_0.2_6
261,6,A,1334,Male,clvr_cost_0.15_intro_0.2_6
262,7,A,384,Male,clvr_cost_0.15_intro_0.2_6
263,8,A,45,Male,clvr_cost_0.15_intro_0.2_6
264,9,A,5,Male,clvr_cost_0.15_intro_0.2_6
265,10,A,0,Male,clvr_cost_0.15_intro_0.2_6
266,11,A,0,Male,clvr_cost_0.15_intro_0.2_6
267,12,A,0,Male,clvr_cost_0.15_intro_0.2_6
268,13,A,0,Male,clvr_cost_0.15_intro_0.2_6
269,14,A,0,Male,clvr_cost_0.15_intro_0.2_6
270,15,A,0,Male,clvr_cost_0.15_intro_0.2_6
271,16,A,0,Male,clvr_cost_0.15_intro_0.2_6
272,17,A,0,Male,clvr_cost_0.15_intro_0.2_6
273,18,A,0,Male,clvr_cost_0.15_intro_0.2_6
274,19,A,0,Male,clvr_cost_0.15_intro_0.2_6
275,20,A,0,Male,clvr_cost_0.15_intro_0.2_6
276,21,A,0,Male,clvr_cost_0.15_intro_0.2_6
277,22,A,0,Male,clvr_cost_0.15_intro_0.2_6
278,23,A,0,Male,clvr_cost_0.15_intro_0.2_6
279,24,A,0,Male,clvr_cost_0.15_intro_0.2_6
280,25,A,0,Male,clvr_cost_0.15_intro_0.2_6
281,26,A,0,Male,clvr_cost_0.15_intro_0.2_6
282,27,A,0,Male,clvr_cost_0.15_intro_0.2_6
283,28,A,0,Male,clvr_cost_0.15_intro_0.2_6
284,29,A,0,Male,clvr_cost_0.15_intro_0.2_6
285,30,A,0,Male,clvr_cost_0.15_intro_0.2_6
286,31,A,0,Male,clvr_cost_0.15_intro_0.2_6
287,32,A,0,Male,clvr_cost_0.15_intro_0.2_6
288,33,A,0,Male,clvr_cost_0.15_intro_0.2_6
289,34,A,0,Male,clvr_cost_0.15_intro_0.2_6
290,35,A,0,Male,clvr_cost_0.15_intro_0.2_6
291,36,A,0,Male,clvr_cost_0.15_intro_0.2_6
292,37,A,0,Male,clvr_cost_0.15_intro_0.2_6
293,38,A,0,Male,clvr_cost_0.15_intro_0.2_6
294,39,A,0,Male,clvr_cost_0.15_intro_0.2_6
295,40,A,0,Male,clvr_cost_0.15_intro_0.2_6
296,41,A,0,Male,clvr_cost_0.15_intro_0.2_6
297,42,A,0,Male,clvr_cost_0.15_intro_0.2_6
298,43,A,0,Male,clvr_cost_0.15_intro_0.2_6
299,44,A,0,Male,clvr_cost_0.15_intro_0.2_6
300,45,A,0,Male,clvr_cost_0.15_intro_0.2_6
301,46,A,0,Male,clvr_cost_0.15_intro_0.2_6
302,47,A,0,Male,clvr_cost_0.15_intro_0.2_6
303,48,A,0,Male,clvr_cost_0.15_intro_0.2_6
304,49,A,0,Male,clvr_cost_0.15_intro_0.2_6
305,50,A,0,Male,clvr_cost_0.15_intro_0.2_6
306,0,V,4000,Male,clvr_cost_0.15_intro_0.2_6
307,1,V,1225,Male,clvr_cost_0.15_intro_0.2_6
308,2,V,1752,Male,clvr_cost_0.15_intro_0.2_6
309,3,V,2440,Male,clvr_cost_0.15_intro_0.2_6
310,4,V,3070,Male,clvr_cost_0.15_intro_0.2_6
311,5,V,3858,Male,clvr_cost_0.15_intro_0.2_6
312,6,V,4938,Male,clvr_cost_0.15_intro_0.2_6
313,7,V,6093,Male,clvr_cost_0.15_intro_0.2_6
314,8,V,7304,Male,clvr_cost_0.15_intro_0.2_6
315,9,V,8202,Male,clvr_cost_0.15_intro_0.2_6
316,10,V,8094,Male,clvr_cost_0.15_intro_0.2_6
317,11,V,8218,Male,clvr_cost_0.15_intro_0.2_6
318,12,V,8402,Male,clvr_cost_0.15_intro_0.2_6
319,13,V,8234,Male,clvr_cost_0.15_intro_0.2_6
320,14,V,8232,Male,clvr_cost_0.15_intro_0.2_6
321,15,V,8212,Male,clvr_cost_0.15_intro_0.2_6
322,16,V,8394,Male,clvr_cost_0.15_intro_0.2_6
323,17,V,8180,Male,clvr_cost_0.15_intro_0.2_6
324,18,V,8284,Male,clvr_cost_0.15_intro_0.2_6
325,19,V,8220,Male,clvr_cost_0.15_intro_0.2_6
326,20,V,8214,Male,clvr_cost_0.15_intro_0.2_6
327,21,V,8232,Male,clvr_cost_0.15_intro_0.2_6
328,22,V,8288,Male,clvr_cost_0.15_intro_0.2_6
329,23,V,8444,Male,clvr_cost_0.15_intro_0.2_6
330,24,V,8160,Male,clvr_cost_0.15_intro_0.2_6
331,25,V,8264,Male,clvr_cost_0.15_intro_0.2_6
332,26,V,8298,Male,clvr_cost_0.15_intro_0.2_6
333,27,V,8476,Male,clvr_cost_0.15_intro_0.2_6
334,28,V,8188,Male,clvr_cost_0.15_intro_0.2_6
335,29,V,8104,Male,clvr_cost_0.15_intro_0.2_6
336,30,V,8478,Male,clvr_cost_0.15_intro_0.2_6
337,31,V,8474,Male,clvr_cost_0.15_intro_0.2_6
338,32,V,8428,Male,clvr_cost_0.15_intro_0.2_6
339,33,V,8106,Male,clvr_cost_0.15_intro_0.2_6
340,34,V,8102,Male,clvr_cost_0.15_intro_0.2_6
341,35,V,8274,Male,clvr_cost_0.15_intro_0.2_6
342,36,V,8400,Male,clvr_cost_0.15_intro_0.2_6
343,37,V,8164,Male,clvr_cost_0.15_intro_0.2_6
344,38,V,8386,Male,clvr_cost_0.15_intro_0.2_6
345,39,V,8340,Male,clvr_cost_0.15_intro_0.2_6
346,40,V,8250,Male,clvr_cost_0.15_intro_0.2_6
347,41,V,8366,Male,clvr_cost_0.15_intro_0.2_6
348,42,V,8344,Male,clvr_cost_0.15_intro_0.2_6
349,43,V,8372,Male,clvr_cost_0.15_intro_0.2_6
350,44,V,8238,Male,clvr_cost_0.15_intro_0.2_6
351,45,V,8134,Male,clvr_cost_0.15_intro_0.2_6
352,46,V,8342,Male,clvr_cost_0.15_intro_0.2_6
353,47,V,8180,Male,clvr_cost_0.15_intro_0.2_6
354,48,V,8096,Male,clvr_cost_0.15_intro_0.2_6
355,49,V,8402,Male,clvr_cost_0.15_intro_0.2_6
356,50,V,8164,Male,clvr_cost_0.15_intro_0.2_6
357,0,W,10000,Male,clvr_cost_0.15_intro_0.2_6
358,1,W,7471,Male,clvr_cost_0.15_intro_0.2_6
359,2,W,6646,Male,clvr_cost_0.15_intro_0.2_6
360,3,W,5432,Male,clvr_cost_0.15_intro_0.2_6
361,4,W,4202,Male,clvr_cost_0.15_intro_0.2_6
362,5,W,2698,Male,clvr_cost_0.15_intro_0.2_6
363,6,W,1266,Male,clvr_cost_0.15_intro_0.2_6
364,7,W,329,Male,clvr_cost_0.15_intro_0.2_6
365,8,W,24,Male,clvr_cost_0.15_intro_0.2_6
366,9,W,0,Male,clvr_cost_0.15_intro_0.2_6
367,10,W,0,Male,clvr_cost_0.15_intro_0.2_6
368,11,W,0,Male,clvr_cost_0.15_intro_0.2_6
369,12,W,0,Male,clvr_cost_0.15_intro_0.2_6
370,13,W,0,Male,clvr_cost_0.15_intro_0.2_6
371,14,W,0,Male,clvr_cost_0.15_intro_0.2_6
372,15,W,0,Male,clvr_cost_0.15_intro_0.2_6
373,16,W,0,Male,clvr_cost_0.15_intro_0.2_6
374,17,W,0,Male,clvr_cost_0.15_intro_0.2_6
375,18,W,0,Male,clvr_cost_0.15_intro_0.2_6
376,19,W,0,Male,clvr_cost_0.15_intro_0.2_6
377,20,W,0,Male,clvr_cost_0.15_intro_0.2_6
378,21,W,0,Male,clvr_cost_0.15_intro_0.2_6
379,22,W,0,Male,clvr_cost_0.15_intro_0.2_6
380,23,W,0,Male,clvr_cost_0.15_intro_0.2_6
381,24,W,0,Male,clvr_cost_0.15_intro_0.2_6
382,25,W,0,Male,clvr_cost_0.15_intro_0.2_6
383,26,W,0,Male,clvr_cost_0.15_intro_0.2_6
384,27,W,0,Male,clvr_cost_0.15_intro_0.2_6
385,28,W,0,Male,clvr_cost_0.15_intro_0.2_6
386,29,W,0,Male,clvr_cost_0.15_intro_0.2_6
387,30,W,0,Male,clvr_cost_0.15_intro_0.2_6
388,31,W,0,Male,clvr_cost_0.15_intro_0.2_6
389,32,W,0,Male,clvr_cost_0.15_intro_0.2_6
390,33,W,0,Male,clvr_cost_0.15_intro_0.2_6
391,34,W,0,Male,clvr_cost_0.15_intro_0.2_6
392,35,W,0,Male,clvr_cost_0.15_intro_0.2_6
393,36,W,0,Male,clvr_cost_0.15_intro_0.2_6
394,37,W,0,Male,clvr_cost_0.15_intro_0.2_6
395,38,W,0,Male,clvr_cost_0.15_intro_0.2_6
396,39,W,0,Male,clvr_cost_0.15_intro_0.2_6
397,40,W,0,Male,clvr_cost_0.15_intro_0.2_6
398,41,W,0,Male,clvr_cost_0.15_intro_0.2_6
399,42,W,0,Male,clvr_cost_0.15_intro_0.2_6
400,43,W,0,Male,clvr_cost_0.15_intro_0.2_6
401,44,W,0,Male,clvr_cost_0.15_intro_0.2_6
402,45,W,0,Male,clvr_cost_0.15_intro_0.2_6
403,46,W,0,Male,clvr_cost_0.15_intro_0.2_6
404,47,W,0,Male,clvr_cost_0.15_intro_0.2_6
405,48,W,0,Male,clvr_cost_0.15_intro_0.2_6
406,49,W,0,Male,clvr_cost_0.15_intro_0.2_6
407,50,W,0,Male,clvr_cost_0.15_intro_0.2_6
,Generation,Allele,Count,Sex,Run
0,0,C,0,Female,clvr_cost_0.15_intro_0.2_7
1,1,C,1215,Female,clvr_cost_0.15_intro_0.2_7
2,2,C,1729,Female,clvr_cost_0.15_intro_0.2_7
3,3,C,2274,Female,clvr_cost_0.15_intro_0.2_7
4,4,C,2965,Female,clvr_cost_0.15_intro_0.2_7
5,5,C,3726,Female,clvr_cost_0.15_intro_0.2_7
6,6,C,4799,Female,clvr_cost_0.15_intro_0.2_7
7,7,C,6152,Female,clvr_cost_0.15_intro_0.2_7
8,8,C,7380,Female,clvr_cost_0.15_intro_0.2_7
9,9,C,7997,Female,clvr_cost_0.15_intro_0.2_7
10,10,C,8282,Female,clvr_cost_0.15_intro_0.2_7
11,11,C,8312,Female,clvr_cost_0.15_intro_0.2_7
12,12,C,8000,Female,clvr_cost_0.15_intro_0.2_7
13,13,C,8024,Female,clvr_cost_0.15_intro_0.2_7
14,14,C,8260,Female,clvr_cost_0.15_intro_0.2_7
15,15,C,7934,Female,clvr_cost_0.15_intro_0.2_7
16,16,C,8028,Female,clvr_cost_0.15_intro_0.2_7
17,17,C,8206,Female,clvr_cost_0.15_intro_0.2_7
18,18,C,8214,Female,clvr_cost_0.15_intro_0.2_7
19,19,C,7964,Female,clvr_cost_0.15_intro_0.2_7
20,20,C,8004,Female,clvr_cost_0.15_intro_0.2_7
21,21,C,8046,Female,clvr_cost_0.15_intro_0.2_7
22,22,C,8154,Female,clvr_cost_0.15_intro_0.2_7
23,23,C,7996,Female,clvr_cost_0.15_intro_0.2_7
24,24,C,7878,Female,clvr_cost_0.15_intro_0.2_7
25,25,C,7794,Female,clvr_cost_0.15_intro_0.2_7
26,26,C,8112,Female,clvr_cost_0.15_intro_0.2_7
27,27,C,8214,Female,clvr_cost_0.15_intro_0.2_7
28,28,C,8152,Female,clvr_cost_0.15_intro_0.2_7
29,29,C,8222,Female,clvr_cost_0.15_intro_0.2_7
30,30,C,7910,Female,clvr_cost_0.15_intro_0.2_7
31,31,C,8138,Female,clvr_cost_0.15_intro_0.2_7
32,32,C,8286,Female,clvr_cost_0.15_intro_0.2_7
33,33,C,8024,Female,clvr_cost_0.15_intro_0.2_7
34,34,C,8068,Female,clvr_cost_0.15_intro_0.2_7
35,35,C,8104,Female,clvr_cost_0.15_intro_0.2_7
36,36,C,8074,Female,clvr_cost_0.15_intro_0.2_7
37,37,C,7894,Female,clvr_cost_0.15_intro_0.2_7
38,38,C,7984,Female,clvr_cost_0.15_intro_0.2_7
39,39,C,8062,Female,clvr_cost_0.15_intro_0.2_7
40,40,C,8050,Female,clvr_cost_0.15_intro_0.2_7
41,41,C,8112,Female,clvr_cost_0.15_intro_0.2_7
42,42,C,8108,Female,clvr_cost_0.15_intro_0.2_7
43,43,C,8092,Female,clvr_cost_0.15_intro_0.2_7
44,44,C,7976,Female,clvr_cost_0.15_intro_0.2_7
45,45,C,8096,Female,clvr_cost_0.15_intro_0.2_7
46,46,C,8168,Female,clvr_cost_0.15_intro_0.2_7
47,47,C,8220,Female,clvr_cost_0.15_intro_0.2_7
48,48,C,8206,Female,clvr_cost_0.15_intro_0.2_7
49,49,C,8152,Female,clvr_cost_0.15_intro_0.2_7
50,50,C,8030,Female,clvr_cost_0.15_intro_0.2_7
51,0,A,10000,Female,clvr_cost_0.15_intro_0.2_7
52,1,A,7123,Female,clvr_cost_0.15_intro_0.2_7
53,2,A,6237,Female,clvr_cost_0.15_intro_0.2_7
54,3,A,5234,Female,clvr_cost_0.15_intro_0.2_7
55,4,A,4043,Female,clvr_cost_0.15_intro_0.2_7
56,5,A,2418,Female,clvr_cost_0.15_intro_0.2_7
57,6,A,1239,Female,clvr_cost_0.15_intro_0.2_7
58,7,A,374,Female,clvr_cost_0.15_intro_0.2_7
59,8,A,52,Female,clvr_cost_0.15_intro_0.2_7
60,9,A,3,Female,clvr_cost_0.15_intro_0.2_7
61,10,A,0,Female,clvr_cost_0.15_intro_0.2_7
62,11,A,0,Female,clvr_cost_0.15_intro_0.2_7
63,12,A,0,Female,clvr_cost_0.15_intro_0.2_7
64,13,A,0,Female,clvr_cost_0.15_intro_0.2_7
65,14,A,0,Female,clvr_cost_0.15_intro_0.2_7
66,15,A,0,Female,clvr_cost_0.15_intro_0.2_7
67,16,A,0,Female,clvr_cost_0.15_intro_0.2_7
68,17,A,0,Female,clvr_cost_0.15_intro_0.2_7
69,18,A,0,Female,clvr_cost_0.15_intro_0.2_7
70,19,A,0,Female,clvr_cost_0.15_intro_0.2_7
71,20,A,0,Female,clvr_cost_0.15_intro_0.2_7
72,21,A,0,Female,clvr_cost_0.15_intro_0.2_7
73,22,A,0,Female,clvr_cost_0.15_intro_0.2_7
74,23,A,0,Female,clvr_cost_0.15_intro_0.2_7
75,24,A,0,Female,clvr_cost_0.15_intro_0.2_7
76,25,A,0,Female,clvr_cost_0.15_intro_0.2_7
77,26,A,0,Female,clvr_cost_0.15_intro_0.2_7
78,27,A,0,Female,clvr_cost_0.15_intro_0.2_7
79,28,A,0,Female,clvr_cost_0.15_intro_0.2_7
80,29,A,0,Female,clvr_cost_0.15_intro_0.2_7
81,30,A,0,Female,clvr_cost_0.15_intro_0.2_7
82,31,A,0,Female,clvr_cost_0.15_intro_0.2_7
83,32,A,0,Female,clvr_cost_0.15_intro_0.2_7
84,33,A,0,Female,clvr_cost_0.15_intro_0.2_7
85,34,A,0,Female,clvr_cost_0.15_intro_0.2_7
86,35,A,0,Female,clvr_cost_0.15_intro_0.2_7
87,36,A,0,Female,clvr_cost_0.15_intro_0.2_7
88,37,A,0,Female,clvr_cost_0.15_intro_0.2_7
89,38,A,0,Female,clvr_cost_0.15_intro_0.2_7
90,39,A,0,Female,clvr_cost_0.15_intro_0.2_7
91,40,A,0,Female,clvr_cost_0.15_intro_0.2_7
92,41,A,0,Female,clvr_cost_0.15_intro_0.2_7
93,42,A,0,Female,clvr_cost_0.15_intro_0.2_7
94,43,A,0,Female,clvr_cost_0.15_intro_0.2_7
95,44,A,0,Female,clvr_cost_0.15_intro_0.2_7
96,45,A,0,Female,clvr_cost_0.15_intro_0.2_7
97,46,A,0,Female,clvr_cost_0.15_intro_0.2_7
98,47,A,0,Female,clvr_cost_0.15_intro_0.2_7
99,48,A,0,Female,clvr_cost_0.15_intro_0.2_7
100,49,A,0,Female,clvr_cost_0.15_intro_0.2_7
101,50,A,0,Female,clvr_cost_0.15_intro_0.2_7
102,0,V,0,Female,clvr_cost_0.15_intro_0.2_7
103,1,V,1215,Female,clvr_cost_0.15_intro_0.2_7
104,2,V,1767,Female,clvr_cost_0.15_intro_0.2_7
105,3,V,2330,Female,clvr_cost_0.15_intro_0.2_7
106,4,V,3021,Female,clvr_cost_0.15_intro_0.2_7
107,5,V,3789,Female,clvr_cost_0.15_intro_0.2_7
108,6,V,4862,Female,clvr_cost_0.15_intro_0.2_7
109,7,V,6189,Female,clvr_cost_0.15_intro_0.2_7
110,8,V,7390,Female,clvr_cost_0.15_intro_0.2_7
111,9,V,8000,Female,clvr_cost_0.15_intro_0.2_7
112,10,V,8282,Female,clvr_cost_0.15_intro_0.2_7
113,11,V,8312,Female,clvr_cost_0.15_intro_0.2_7
114,12,V,8000,Female,clvr_cost_0.15_intro_0.2_7
115,13,V,8024,Female,clvr_cost_0.15_intro_0.2_7
116,14,V,8260,Female,clvr_cost_0.15_intro_0.2_7
117,15,V,7934,Female,clvr_cost_0.15_intro_0.2_7
118,16,V,8028,Female,clvr_cost_0.15_intro_0.2_7
119,17,V,8206,Female,clvr_cost_0.15_intro_0.2_7
120,18,V,8214,Female,clvr_cost_0.15_intro_0.2_7
121,19,V,7964,Female,clvr_cost_0.15_intro_0.2_7
122,20,V,8004,Female,clvr_cost_0.15_intro_0.2_7
123,21,V,8046,Female,clvr_cost_0.15_intro_0.2_7
124,22,V,8154,Female,clvr_cost_0.15_intro_0.2_7
125,23,V,7996,Female,clvr_cost_0.15_intro_0.2_7
126,24,V,7878,Female,clvr_cost_0.15_intro_0.2_7
127,25,V,7794,Female,clvr_cost_0.15_intro_0.2_7
128,26,V,8112,Female,clvr_cost_0.15_intro_0.2_7
129,27,V,8214,Female,clvr_cost_0.15_intro_0.2_7
130,28,V,8152,Female,clvr_cost_0.15_intro_0.2_7
131,29,V,8222,Female,clvr_cost_0.15_intro_0.2_7
132,30,V,7910,Female,clvr_cost_0.15_intro_0.2_7
133,31,V,8138,Female,clvr_cost_0.15_intro_0.2_7
134,32,V,8286,Female,clvr_cost_0.15_intro_0.2_7
135,33,V,8024,Female,clvr_cost_0.15_intro_0.2_7
136,34,V,8068,Female,clvr_cost_0.15_intro_0.2_7
137,35,V,8104,Female,clvr_cost_0.15_intro_0.2_7
138,36,V,8074,Female,clvr_cost_0.15_intro_0.2_7
139,37,V,7894,Female,clvr_cost_0.15_intro_0.2_7
140,38,V,7984,Female,clvr_cost_0.15_intro_0.2_7
141,39,V,8062,Female,clvr_cost_0.15_intro_0.2_7
142,40,V,8050,Female,clvr_cost_0.15_intro_0.2_7
143,41,V,8112,Female,clvr_cost_0.15_intro_0.2_7
144,42,V,8108,Female,clvr_cost_0.15_intro_0.2_7
145,43,V,8092,Female,clvr_cost_0.15_intro_0.2_7
146,44,V,7976,Female,clvr_cost_0.15_intro_0.2_7
147,45,V,8096,Female,clvr_cost_0.15_intro_0.2_7
148,46,V,8168,Female,clvr_cost_0.15_intro_0.2_7
149,47,V,8220,Female,clvr_cost_0.15_intro_0.2_7
150,48,V,8206,Female,clvr_cost_0.15_intro_0.2_7
151,49,V,8152,Female,clvr_cost_0.15_intro_0.2_7
152,50,V,8030,Female,clvr_cost_0.15_intro_0.2_7
153,0,W,10000,Female,clvr_cost_0.15_intro_0.2_7
154,1,W,7123,Female,clvr_cost_0.15_intro_0.2_7
155,2,W,6199,Female,clvr_cost_0.15_intro_0.2_7
156,3,W,5178,Female,clvr_cost_0.15_intro_0.2_7
157,4,W,3987,Female,clvr_cost_0.15_intro_0.2_7
158,5,W,2355,Female,clvr_cost_0.15_intro_0.2_7
159,6,W,1176,Female,clvr_cost_0.15_intro_0.2_7
160,7,W,337,Female,clvr_cost_0.15_intro_0.2_7
161,8,W,42,Female,clvr_cost_0.15_intro_0.2_7
162,9,W,0,Female,clvr_cost_0.15_intro_0.2_7
163,10,W,0,Female,clvr_cost_0.15_intro_0.2_7
164,11,W,0,Female,clvr_cost_0.15_intro_0.2_7
165,12,W,0,Female,clvr_cost_0.15_intro_0.2_7
166,13,W,0,Female,clvr_cost_0.15_intro_0.2_7
167,14,W,0,Female,clvr_cost_0.15_intro_0.2_7
168,15,W,0,Female,clvr_cost_0.15_intro_0.2_7
169,16,W,0,Female,clvr_cost_0.15_intro_0.2_7
170,17,W,0,Female,clvr_cost_0.15_intro_0.2_7
171,18,W,0,Female,clvr_cost_0.15_intro_0.2_7
172,19,W,0,Female,clvr_cost_0.15_intro_0.2_7
173,20,W,0,Female,clvr_cost_0.15_intro_0.2_7
174,21,W,0,Female,clvr_cost_0.15_intro_0.2_7
175,22,W,0,Female,clvr_cost_0.15_intro_0.2_7
176,23,W,0,Female,clvr_cost_0.15_intro_0.2_7
177,24,W,0,Female,clvr_cost_0.15_intro_0.2_7
178,25,W,0,Female,clvr_cost_0.15_intro_0.2_7
179,26,W,0,Female,clvr_cost_0.15_intro_0.2_7
180,27,W,0,Female,clvr_cost_0.15_intro_0.2_7
181,28,W,0,Female,clvr_cost_0.15_intro_0.2_7
182,29,W,0,Female,clvr_cost_0.15_intro_0.2_7
183,30,W,0,Female,clvr_cost_0.15_intro_0.2_7
184,31,W,0,Female,clvr_cost_0.15_intro_0.2_7
185,32,W,0,Female,clvr_cost_0.15_intro_0.2_7
186,33,W,0,Female,clvr_cost_0.15_intro_0.2_7
187,34,W,0,Female,clvr_cost_0.15_intro_0.2_7
188,35,W,0,Female,clvr_cost_0.15_intro_0.2_7
189,36,W,0,Female,clvr_cost_0.15_intro_0.2_7
190,37,W,0,Female,clvr_cost_0.15_intro_0.2_7
191,38,W,0,Female,clvr_cost_0.15_intro_0.2_7
192,39,W,0,Female,clvr_cost_0.15_intro_0.2_7
193,40,W,0,Female,clvr_cost_0.15_intro_0.2_7
194,41,W,0,Female,clvr_cost_0.15_intro_0.2_7
195,42,W,0,Female,clvr_cost_0.15_intro_0.2_7
196,43,W,0,Female,clvr_cost_0.15_intro_0.2_7
197,44,W,0,Female,clvr_cost_0.15_intro_0.2_7
198,45,W,0,Female,clvr_cost_0.15_intro_0.2_7
199,46,W,0,Female,clvr_cost_0.15_intro_0.2_7
200,47,W,0,Female,clvr_cost_0.15_intro_0.2_7
201,48,W,0,Female,clvr_cost_0.15_intro_0.2_7
202,49,W,0,Female,clvr_cost_0.15_intro_0.2_7
203,50,W,0,Female,clvr_cost_0.15_intro_0.2_7
204,0,C,4000,Male,clvr_cost_0.15_intro_0.2_7
205,1,C,1232,Male,clvr_cost_0.15_intro_0.2_7
206,2,C,1661,Male,clvr_cost_0.15_intro_0.2_7
207,3,C,2296,Male,clvr_cost_0.15_intro_0.2_7
208,4,C,3032,Male,clvr_cost_0.15_intro_0.2_7
209,5,C,3792,Male,clvr_cost_0.15_intro_0.2_7
210,6,C,4852,Male,clvr_cost_0.15_intro_0.2_7
211,7,C,6224,Male,clvr_cost_0.15_intro_0.2_7
212,8,C,7410,Male,clvr_cost_0.15_intro_0.2_7
213,9,C,8187,Male,clvr_cost_0.15_intro_0.2_7
214,10,C,8298,Male,clvr_cost_0.15_intro_0.2_7
215,11,C,8412,Male,clvr_cost_0.15_intro_0.2_7
216,12,C,8292,Male,clvr_cost_0.15_intro_0.2_7
217,13,C,8104,Male,clvr_cost_0.15_intro_0.2_7
218,14,C,8406,Male,clvr_cost_0.15_intro_0.2_7
219,15,C,8168,Male,clvr_cost_0.15_intro_0.2_7
220,16,C,8172,Male,clvr_cost_0.15_intro_0.2_7
221,17,C,8210,Male,clvr_cost_0.15_intro_0.2_7
222,18,C,8266,Male,clvr_cost_0.15_intro_0.2_7
223,19,C,8162,Male,clvr_cost_0.15_intro_0.2_7
224,20,C,8100,Male,clvr_cost_0.15_intro_0.2_7
225,21,C,8196,Male,clvr_cost_0.15_intro_0.2_7
226,22,C,8244,Male,clvr_cost_0.15_intro_0.2_7
227,23,C,8164,Male,clvr_cost_0.15_intro_0.2_7
228,24,C,8400,Male,clvr_cost_0.15_intro_0.2_7
229,25,C,7850,Male,clvr_cost_0.15_intro_0.2_7
230,26,C,8176,Male,clvr_cost_0.15_intro_0.2_7
231,27,C,8250,Male,clvr_cost_0.15_intro_0.2_7
232,28,C,8194,Male,clvr_cost_0.15_intro_0.2_7
233,29,C,8464,Male,clvr_cost_0.15_intro_0.2_7
234,30,C,8094,Male,clvr_cost_0.15_intro_0.2_7
235,31,C,8140,Male,clvr_cost_0.15_intro_0.2_7
236,32,C,8374,Male,clvr_cost_0.15_intro_0.2_7
237,33,C,8354,Male,clvr_cost_0.15_intro_0.2_7
238,34,C,8164,Male,clvr_cost_0.15_intro_0.2_7
239,35,C,8130,Male,clvr_cost_0.15_intro_0.2_7
240,36,C,8396,Male,clvr_cost_0.15_intro_0.2_7
241,37,C,8214,Male,clvr_cost_0.15_intro_0.2_7
242,38,C,8098,Male,clvr_cost_0.15_intro_0.2_7
243,39,C,8140,Male,clvr_cost_0.15_intro_0.2_7
244,40,C,8188,Male,clvr_cost_0.15_intro_0.2_7
245,41,C,8206,Male,clvr_cost_0.15_intro_0.2_7
246,42,C,8108,Male,clvr_cost_0.15_intro_0.2_7
247,43,C,8220,Male,clvr_cost_0.15_intro_0.2_7
248,44,C,8142,Male,clvr_cost_0.15_intro_0.2_7
249,45,C,8180,Male,clvr_cost_0.15_intro_0.2_7
250,46,C,8348,Male,clvr_cost_0.15_intro_0.2_7
251,47,C,8228,Male,clvr_cost_0.15_intro_0.2_7
252,48,C,8330,Male,clvr_cost_0.15_intro_0.2_7
253,49,C,8166,Male,clvr_cost_0.15_intro_0.2_7
254,50,C,8144,Male,clvr_cost_0.15_intro_0.2_7
255,0,A,10000,Male,clvr_cost_0.15_intro_0.2_7
256,1,A,7372,Male,clvr_cost_0.15_intro_0.2_7
257,2,A,6465,Male,clvr_cost_0.15_intro_0.2_7
258,3,A,5216,Male,clvr_cost_0.15_intro_0.2_7
259,4,A,3980,Male,clvr_cost_0.15_intro_0.2_7
260,5,A,2502,Male,clvr_cost_0.15_intro_0.2_7
261,6,A,1192,Male,clvr_cost_0.15_intro_0.2_7
262,7,A,378,Male,clvr_cost_0.15_intro_0.2_7
263,8,A,50,Male,clvr_cost_0.15_intro_0.2_7
264,9,A,3,Male,clvr_cost_0.15_intro_0.2_7
265,10,A,0,Male,clvr_cost_0.15_intro_0.2_7
266,11,A,0,Male,clvr_cost_0.15_intro_0.2_7
267,12,A,0,Male,clvr_cost_0.15_intro_0.2_7
268,13,A,0,Male,clvr_cost_0.15_intro_0.2_7
269,14,A,0,Male,clvr_cost_0.15_intro_0.2_7
270,15,A,0,Male,clvr_cost_0.15_intro_0.2_7
271,16,A,0,Male,clvr_cost_0.15_intro_0.2_7
272,17,A,0,Male,clvr_cost_0.15_intro_0.2_7
273,18,A,0,Male,clvr_cost_0.15_intro_0.2_7
274,19,A,0,Male,clvr_cost_0.15_intro_0.2_7
275,20,A,0,Male,clvr_cost_0.15_intro_0.2_7
276,21,A,0,Male,clvr_cost_0.15_intro_0.2_7
277,22,A,0,Male,clvr_cost_0.15_intro_0.2_7
278,23,A,0,Male,clvr_cost_0.15_intro_0.2_7
279,24,A,0,Male,clvr_cost_0.15_intro_0.2_7
280,25,A,0,Male,clvr_cost_0.15_intro_0.2_7
281,26,A,0,Male,clvr_cost_0.15_intro_0.2_7
282,27,A,0,Male,clvr_cost_0.15_intro_0.2_7
283,28,A,0,Male,clvr_cost_0.15_intro_0.2_7
284,29,A,0,Male,clvr_cost_0.15_intro_0.2_7
285,30,A,0,Male,clvr_cost_0.15_intro_0.2_7
286,31,A,0,Male,clvr_cost_0.15_intro_0.2_7
287,32,A,0,Male,clvr_cost_0.15_intro_0.2_7
288,33,A,0,Male,clvr_cost_0.15_intro_0.2_7
289,34,A,0,Male,clvr_cost_0.15_intro_0.2_7
290,35,A,0,Male,clvr_cost_0.15_intro_0.2_7
291,36,A,0,Male,clvr_cost_0.15_intro_0.2_7
292,37,A,0,Male,clvr_cost_0.15_intro_0.2_7
293,38,A,0,Male,clvr_cost_0.15_intro_0.2_7
294,39,A,0,Male,clvr_cost_0.15_intro_0.2_7
295,40,A,0,Male,clvr_cost_0.15_intro_0.2_7
296,41,A,0,Male,clvr_cost_0.15_intro_0.2_7
297,42,A,0,Male,clvr_cost_0.15_intro_0.2_7
298,43,A,0,Male,clvr_cost_0.15_intro_0.2_7
299,44,A,0,Male,clvr_cost_0.15_intro_0.2_7
300,45,A,0,Male,clvr_cost_0.15_intro_0.2_7
301,46,A,0,Male,clvr_cost_0.15_intro_0.2_7
302,47,A,0,Male,clvr_cost_0.15_intro_0.2_7
303,48,A,0,Male,clvr_cost_0.15_intro_0.2_7
304,49,A,0,Male,clvr_cost_0.15_intro_0.2_7
305,50,A,0,Male,clvr_cost_0.15_intro_0.2_7
306,0,V,4000,Male,clvr_cost_0.15_intro_0.2_7
307,1,V,1232,Male,clvr_cost_0.15_intro_0.2_7
308,2,V,1701,Male,clvr_cost_0.15_intro_0.2_7
309,3,V,2355,Male,clvr_cost_0.15_intro_0.2_7
310,4,V,3083,Male,clvr_cost_0.15_intro_0.2_7
311,5,V,3851,Male,clvr_cost_0.15_intro_0.2_7
312,6,V,4910,Male,clvr_cost_0.15_intro_0.2_7
313,7,V,6259,Male,clvr_cost_0.15_intro_0.2_7
314,8,V,7425,Male,clvr_cost_0.15_intro_0.2_7
315,9,V,8189,Male,clvr_cost_0.15_intro_0.2_7
316,10,V,8298,Male,clvr_cost_0.15_intro_0.2_7
317,11,V,8412,Male,clvr_cost_0.15_intro_0.2_7
318,12,V,8292,Male,clvr_cost_0.15_intro_0.2_7
319,13,V,8104,Male,clvr_cost_0.15_intro_0.2_7
320,14,V,8406,Male,clvr_cost_0.15_intro_0.2_7
321,15,V,8168,Male,clvr_cost_0.15_intro_0.2_7
322,16,V,8172,Male,clvr_cost_0.15_intro_0.2_7
323,17,V,8210,Male,clvr_cost_0.15_intro_0.2_7
324,18,V,8266,Male,clvr_cost_0.15_intro_0.2_7
325,19,V,8162,Male,clvr_cost_0.15_intro_0.2_7
326,20,V,8100,Male,clvr_cost_0.15_intro_0.2_7
327,21,V,8196,Male,clvr_cost_0.15_intro_0.2_7
328,22,V,8244,Male,clvr_cost_0.15_intro_0.2_7
329,23,V,8164,Male,clvr_cost_0.15_intro_0.2_7
330,24,V,8400,Male,clvr_cost_0.15_intro_0.2_7
331,25,V,7850,Male,clvr_cost_0.15_intro_0.2_7
332,26,V,8176,Male,clvr_cost_0.15_intro_0.2_7
333,27,V,8250,Male,clvr_cost_0.15_intro_0.2_7
334,28,V,8194,Male,clvr_cost_0.15_intro_0.2_7
335,29,V,8464,Male,clvr_cost_0.15_intro_0.2_7
336,30,V,8094,Male,clvr_cost_0.15_intro_0.2_7
337,31,V,8140,Male,clvr_cost_0.15_intro_0.2_7
338,32,V,8374,Male,clvr_cost_0.15_intro_0.2_7
339,33,V,8354,Male,clvr_cost_0.15_intro_0.2_7
340,34,V,8164,Male,clvr_cost_0.15_intro_0.2_7
341,35,V,8130,Male,clvr_cost_0.15_intro_0.2_7
342,36,V,8396,Male,clvr_cost_0.15_intro_0.2_7
343,37,V,8214,Male,clvr_cost_0.15_intro_0.2_7
344,38,V,8098,Male,clvr_cost_0.15_intro_0.2_7
345,39,V,8140,Male,clvr_cost_0.15_intro_0.2_7
346,40,V,8188,Male,clvr_cost_0.15_intro_0.2_7
347,41,V,8206,Male,clvr_cost_0.15_intro_0.2_7
348,42,V,8108,Male,clvr_cost_0.15_intro_0.2_7
349,43,V,8220,Male,clvr_cost_0.15_intro_0.2_7
350,44,V,8142,Male,clvr_cost_0.15_intro_0.2_7
351,45,V,8180,Male,clvr_cost_0.15_intro_0.2_7
352,46,V,8348,Male,clvr_cost_0.15_intro_0.2_7
353,47,V,8228,Male,clvr_cost_0.15_intro_0.2_7
354,48,V,8330,Male,clvr_cost_0.15_intro_0.2_7
355,49,V,8166,Male,clvr_cost_0.15_intro_0.2_7
356,50,V,8144,Male,clvr_cost_0.15_intro_0.2_7
357,0,W,10000,Male,clvr_cost_0.15_intro_0.2_7
358,1,W,7372,Male,clvr_cost_0.15_intro_0.2_7
359,2,W,6425,Male,clvr_cost_0.15_intro_0.2_7
360,3,W,5157,Male,clvr_cost_0.15_intro_0.2_7
361,4,W,3929,Male,clvr_cost_0.15_intro_0.2_7
362,5,W,2443,Male,clvr_cost_0.15_intro_0.2_7
363,6,W,1134,Male,clvr_cost_0.15_intro_0.2_7
364,7,W,343,Male,clvr_cost_0.15_intro_0.2_7
365,8,W,35,Male,clvr_cost_0.15_intro_0.2_7
366,9,W,1,Male,clvr_cost_0.15_intro_0.2_7
367,10,W,0,Male,clvr_cost_0.15_intro_0.2_7
368,11,W,0,Male,clvr_cost_0.15_intro_0.2_7
369,12,W,0,Male,clvr_cost_0.15_intro_0.2_7
370,13,W,0,Male,clvr_cost_0.15_intro_0.2_7
371,14,W,0,Male,clvr_cost_0.15_intro_0.2_7
372,15,W,0,Male,clvr_cost_0.15_intro_0.2_7
373,16,W,0,Male,clvr_cost_0.15_intro_0.2_7
374,17,W,0,Male,clvr_cost_0.15_intro_0.2_7
375,18,W,0,Male,clvr_cost_0.15_intro_0.2_7
376,19,W,0,Male,clvr_cost_0.15_intro_0.2_7
377,20,W,0,Male,clvr_cost_0.15_intro_0.2_7
378,21,W,0,Male,clvr_cost_0.15_intro_0.2_7
379,22,W,0,Male,clvr_cost_0.15_intro_0.2_7
380,23,W,0,Male,clvr_cost_0.15_intro_0.2_7
381,24,W,0,Male,clvr_cost_0.15_intro_0.2_7
382,25,W,0,Male,clvr_cost_0.15_intro_0.2_7
383,26,W,0,Male,clvr_cost_0.15_intro_0.2_7
384,27,W,0,Male,clvr_cost_0.15_intro_0.2_7
385,28,W,0,Male,clvr_cost_0.15_intro_0.2_7
386,29,W,0,Male,clvr_cost_0.15_intro_0.2_7
387,30,W,0,Male,clvr_cost_0.15_intro_0.2_7
388,31,W,0,Male,clvr_cost_0.15_intro_0.2_7
389,32,W,0,Male,clvr_cost_0.15_intro_0.2_7
390,33,W,0,Male,clvr_cost_0.15_intro_0.2_7
391,34,W,0,Male,clvr_cost_0.15_intro_0.2_7
392,35,W,0,Male,clvr_cost_0.15_intro_0.2_7
393,36,W,0,Male,clvr_cost_0.15_intro_0.2_7
394,37,W,0,Male,clvr_cost_0.15_intro_0.2_7
395,38,W,0,Male,clvr_cost_0.15_intro_0.2_7
396,39,W,0,Male,clvr_cost_0.15_intro_0.2_7
397,40,W,0,Male,clvr_cost_0.15_intro_0.2_7
398,41,W,0,Male,clvr_cost_0.15_intro_0.2_7
399,42,W,0,Male,clvr_cost_0.15_intro_0.2_7
400,43,W,0,Male,clvr_cost_0.15_intro_0.2_7
401,44,W,0,Male,clvr_cost_0.15_intro_0.2_7
402,45,W,0,Male,clvr_cost_0.15_intro_0.2_7
403,46,W,0,Male,clvr_cost_0.15_intro_0.2_7
404,47,W,0,Male,clvr_cost_0.15_intro_0.2_7
405,48,W,0,Male,clvr_cost_0.15_intro_0.2_7
406,49,W,0,Male,clvr_cost_0.15_intro_0.2_7
407,50,W,0,Male,clvr_cost_0.15_intro_0.2_7
,Generation,Allele,Count,Sex,Run
0,0,C,0,Female,clvr_cost_0.15_intro_0.2_8
1,1,C,1232,Female,clvr_cost_0.15_intro_0.2_8
2,2,C,1684,Female,clvr_cost_0.15_intro_0.2_8
3,3,C,2254,Female,clvr_cost_0.15_intro_0.2_8
4,4,C,2752,Female,clvr_cost_0.15_intro_0.2_8
5,5,C,3765,Female,clvr_cost_0.15_intro_0.2_8
6,6,C,4558,Female,clvr_cost_0.15_intro_0.2_8
7,7,C,5992,Female,clvr_cost_0.15_intro_0.2_8
8,8,C,7341,Female,clvr_cost_0.15_intro_0.2_8
9,9,C,7638,Female,clvr_cost_0.15_intro_0.2_8
10,10,C,7814,Female,clvr_cost_0.15_intro_0.2_8
11,11,C,8216,Female,clvr_cost_0.15_intro_0.2_8
12,12,C,8132,Female,clvr_cost_0.15_intro_0.2_8
13,13,C,8098,Female,clvr_cost_0.15_intro_0.2_8
14,14,C,8100,Female,clvr_cost_0.15_intro_0.2_8
15,15,C,7930,Female,clvr_cost_0.15_intro_0.2_8
16,16,C,7970,Female,clvr_cost_0.15_intro_0.2_8
17,17,C,8116,Female,clvr_cost_0.15_intro_0.2_8
18,18,C,8024,Female,clvr_cost_0.15_intro_0.2_8
19,19,C,8012,Female,clvr_cost_0.15_intro_0.2_8
20,20,C,8042,Female,clvr_cost_0.15_intro_0.2_8
21,21,C,7880,Female,clvr_cost_0.15_intro_0.2_8
22,22,C,7966,Female,clvr_cost_0.15_intro_0.2_8
23,23,C,8010,Female,clvr_cost_0.15_intro_0.2_8
24,24,C,8066,Female,clvr_cost_0.15_intro_0.2_8
25,25,C,8282,Female,clvr_cost_0.15_intro_0.2_8
26,26,C,8256,Female,clvr_cost_0.15_intro_0.2_8
27,27,C,8198,Female,clvr_cost_0.15_intro_0.2_8
28,28,C,8240,Female,clvr_cost_0.15_intro_0.2_8
29,29,C,8142,Female,clvr_cost_0.15_intro_0.2_8
30,30,C,8022,Female,clvr_cost_0.15_intro_0.2_8
31,31,C,8128,Female,clvr_cost_0.15_intro_0.2_8
32,32,C,8284,Female,clvr_cost_0.15_intro_0.2_8
33,33,C,8122,Female,clvr_cost_0.15_intro_0.2_8
34,34,C,8246,Female,clvr_cost_0.15_intro_0.2_8
35,35,C,8252,Female,clvr_cost_0.15_intro_0.2_8
36,36,C,8150,Female,clvr_cost_0.15_intro_0.2_8
37,37,C,8096,Female,clvr_cost_0.15_intro_0.2_8
38,38,C,8132,Female,clvr_cost_0.15_intro_0.2_8
39,39,C,8146,Female,clvr_cost_0.15_intro_0.2_8
40,40,C,8112,Female,clvr_cost_0.15_intro_0.2_8
41,41,C,8144,Female,clvr_cost_0.15_intro_0.2_8
42,42,C,8110,Female,clvr_cost_0.15_intro_0.2_8
43,43,C,8212,Female,clvr_cost_0.15_intro_0.2_8
44,44,C,8064,Female,clvr_cost_0.15_intro_0.2_8
45,45,C,7818,Female,clvr_cost_0.15_intro_0.2_8
46,46,C,8060,Female,clvr_cost_0.15_intro_0.2_8
47,47,C,8128,Female,clvr_cost_0.15_intro_0.2_8
48,48,C,8228,Female,clvr_cost_0.15_intro_0.2_8
49,49,C,8410,Female,clvr_cost_0.15_intro_0.2_8
50,50,C,8178,Female,clvr_cost_0.15_intro_0.2_8
51,0,A,10000,Female,clvr_cost_0.15_intro_0.2_8
52,1,A,7446,Female,clvr_cost_0.15_intro_0.2_8
53,2,A,6380,Female,clvr_cost_0.15_intro_0.2_8
54,3,A,5158,Female,clvr_cost_0.15_intro_0.2_8
55,4,A,3926,Female,clvr_cost_0.15_intro_0.2_8
56,5,A,2583,Female,clvr_cost_0.15_intro_0.2_8
57,6,A,1314,Female,clvr_cost_0.15_intro_0.2_8
58,7,A,390,Female,clvr_cost_0.15_intro_0.2_8
59,8,A,53,Female,clvr_cost_0.15_intro_0.2_8
60,9,A,2,Female,clvr_cost_0.15_intro_0.2_8
61,10,A,0,Female,clvr_cost_0.15_intro_0.2_8
62,11,A,0,Female,clvr_cost_0.15_intro_0.2_8
63,12,A,0,Female,clvr_cost_0.15_intro_0.2_8
64,13,A,0,Female,clvr_cost_0.15_intro_0.2_8
65,14,A,0,Female,clvr_cost_0.15_intro_0.2_8
66,15,A,0,Female,clvr_cost_0.15_intro_0.2_8
67,16,A,0,Female,clvr_cost_0.15_intro_0.2_8
68,17,A,0,Female,clvr_cost_0.15_intro_0.2_8
69,18,A,0,Female,clvr_cost_0.15_intro_0.2_8
70,19,A,0,Female,clvr_cost_0.15_intro_0.2_8
71,20,A,0,Female,clvr_cost_0.15_intro_0.2_8
72,21,A,0,Female,clvr_cost_0.15_intro_0.2_8
73,22,A,0,Female,clvr_cost_0.15_intro_0.2_8
74,23,A,0,Female,clvr_cost_0.15_intro_0.2_8
75,24,A,0,Female,clvr_cost_0.15_intro_0.2_8
76,25,A,0,Female,clvr_cost_0.15_intro_0.2_8
77,26,A,0,Female,clvr_cost_0.15_intro_0.2_8
78,27,A,0,Female,clvr_cost_0.15_intro_0.2_8
79,28,A,0,Female,clvr_cost_0.15_intro_0.2_8
80,29,A,0,Female,clvr_cost_0.15_intro_0.2_8
81,30,A,0,Female,clvr_cost_0.15_intro_0.2_8
82,31,A,0,Female,clvr_cost_0.15_intro_0.2_8
83,32,A,0,Female,clvr_cost_0.15_intro_0.2_8
84,33,A,0,Female,clvr_cost_0.15_intro_0.2_8
85,34,A,0,Female,clvr_cost_0.15_intro_0.2_8
86,35,A,0,Female,clvr_cost_0.15_intro_0.2_8
87,36,A,0,Female,clvr_cost_0.15_intro_0.2_8
88,37,A,0,Female,clvr_cost_0.15_intro_0.2_8
89,38,A,0,Female,clvr_cost_0.15_intro_0.2_8
90,39,A,0,Female,clvr_cost_0.15_intro_0.2_8
91,40,A,0,Female,clvr_cost_0.15_intro_0.2_8
92,41,A,0,Female,clvr_cost_0.15_intro_0.2_8
93,42,A,0,Female,clvr_cost_0.15_intro_0.2_8
94,43,A,0,Female,clvr_cost_0.15_intro_0.2_8
95,44,A,0,Female,clvr_cost_0.15_intro_0.2_8
96,45,A,0,Female,clvr_cost_0.15_intro_0.2_8
97,46,A,0,Female,clvr_cost_0.15_intro_0.2_8
98,47,A,0,Female,clvr_cost_0.15_intro_0.2_8
99,48,A,0,Female,clvr_cost_0.15_intro_0.2_8
100,49,A,0,Female,clvr_cost_0.15_intro_0.2_8
101,50,A,0,Female,clvr_cost_0.15_intro_0.2_8
102,0,V,0,Female,clvr_cost_0.15_intro_0.2_8
103,1,V,1232,Female,clvr_cost_0.15_intro_0.2_8
104,2,V,1724,Female,clvr_cost_0.15_intro_0.2_8
105,3,V,2289,Female,clvr_cost_0.15_intro_0.2_8
106,4,V,2818,Female,clvr_cost_0.15_intro_0.2_8
107,5,V,3827,Female,clvr_cost_0.15_intro_0.2_8
108,6,V,4615,Female,clvr_cost_0.15_intro_0.2_8
109,7,V,6054,Female,clvr_cost_0.15_intro_0.2_8
110,8,V,7353,Female,clvr_cost_0.15_intro_0.2_8
111,9,V,7639,Female,clvr_cost_0.15_intro_0.2_8
112,10,V,7814,Female,clvr_cost_0.15_intro_0.2_8
113,11,V,8216,Female,clvr_cost_0.15_intro_0.2_8
114,12,V,8132,Female,clvr_cost_0.15_intro_0.2_8
115,13,V,8098,Female,clvr_cost_0.15_intro_0.2_8
116,14,V,8100,Female,clvr_cost_0.15_intro_0.2_8
117,15,V,7930,Female,clvr_cost_0.15_intro_0.2_8
118,16,V,7970,Female,clvr_cost_0.15_intro_0.2_8
119,17,V,8116,Female,clvr_cost_0.15_intro_0.2_8
120,18,V,8024,Female,clvr_cost_0.15_intro_0.2_8
121,19,V,8012,Female,clvr_cost_0.15_intro_0.2_8
122,20,V,8042,Female,clvr_cost_0.15_intro_0.2_8
123,21,V,7880,Female,clvr_cost_0.15_intro_0.2_8
124,22,V,7966,Female,clvr_cost_0.15_intro_0.2_8
125,23,V,8010,Female,clvr_cost_0.15_intro_0.2_8
126,24,V,8066,Female,clvr_cost_0.15_intro_0.2_8
127,25,V,8282,Female,clvr_cost_0.15_intro_0.2_8
128,26,V,8256,Female,clvr_cost_0.15_intro_0.2_8
129,27,V,8198,Female,clvr_cost_0.15_intro_0.2_8
130,28,V,8240,Female,clvr_cost_0.15_intro_0.2_8
131,29,V,8142,Female,clvr_cost_0.15_intro_0.2_8
132,30,V,8022,Female,clvr_cost_0.15_intro_0.2_8
133,31,V,8128,Female,clvr_cost_0.15_intro_0.2_8
134,32,V,8284,Female,clvr_cost_0.15_intro_0.2_8
135,33,V,8122,Female,clvr_cost_0.15_intro_0.2_8
136,34,V,8246,Female,clvr_cost_0.15_intro_0.2_8
137,35,V,8252,Female,clvr_cost_0.15_intro_0.2_8
138,36,V,8150,Female,clvr_cost_0.15_intro_0.2_8
139,37,V,8096,Female,clvr_cost_0.15_intro_0.2_8
140,38,V,8132,Female,clvr_cost_0.15_intro_0.2_8
141,39,V,8146,Female,clvr_cost_0.15_intro_0.2_8
142,40,V,8112,Female,clvr_cost_0.15_intro_0.2_8
143,41,V,8144,Female,clvr_cost_0.15_intro_0.2_8
144,42,V,8110,Female,clvr_cost_0.15_intro_0.2_8
145,43,V,8212,Female,clvr_cost_0.15_intro_0.2_8
146,44,V,8064,Female,clvr_cost_0.15_intro_0.2_8
147,45,V,7818,Female,clvr_cost_0.15_intro_0.2_8
148,46,V,8060,Female,clvr_cost_0.15_intro_0.2_8
149,47,V,8128,Female,clvr_cost_0.15_intro_0.2_8
150,48,V,8228,Female,clvr_cost_0.15_intro_0.2_8
151,49,V,8410,Female,clvr_cost_0.15_intro_0.2_8
152,50,V,8178,Female,clvr_cost_0.15_intro_0.2_8
153,0,W,10000,Female,clvr_cost_0.15_intro_0.2_8
154,1,W,7446,Female,clvr_cost_0.15_intro_0.2_8
155,2,W,6340,Female,clvr_cost_0.15_intro_0.2_8
156,3,W,5123,Female,clvr_cost_0.15_intro_0.2_8
157,4,W,3860,Female,clvr_cost_0.15_intro_0.2_8
158,5,W,2521,Female,clvr_cost_0.15_intro_0.2_8
159,6,W,1257,Female,clvr_cost_0.15_intro_0.2_8
160,7,W,328,Female,clvr_cost_0.15_intro_0.2_8
161,8,W,41,Female,clvr_cost_0.15_intro_0.2_8
162,9,W,1,Female,clvr_cost_0.15_intro_0.2_8
163,10,W,0,Female,clvr_cost_0.15_intro_0.2_8
164,11,W,0,Female,clvr_cost_0.15_intro_0.2_8
165,12,W,0,Female,clvr_cost_0.15_intro_0.2_8
166,13,W,0,Female,clvr_cost_0.15_intro_0.2_8
167,14,W,0,Female,clvr_cost_0.15_intro_0.2_8
168,15,W,0,Female,clvr_cost_0.15_intro_0.2_8
169,16,W,0,Female,clvr_cost_0.15_intro_0.2_8
170,17,W,0,Female,clvr_cost_0.15_intro_0.2_8
171,18,W,0,Female,clvr_cost_0.15_intro_0.2_8
172,19,W,0,Female,clvr_cost_0.15_intro_0.2_8
173,20,W,0,Female,clvr_cost_0.15_intro_0.2_8
174,21,W,0,Female,clvr_cost_0.15_intro_0.2_8
175,22,W,0,Female,clvr_cost_0.15_intro_0.2_8
176,23,W,0,Female,clvr_cost_0.15_intro_0.2_8
177,24,W,0,Female,clvr_cost_0.15_intro_0.2_8
178,25,W,0,Female,clvr_cost_0.15_intro_0.2_8
179,26,W,0,Female,clvr_cost_0.15_intro_0.2_8
180,27,W,0,Female,clvr_cost_0.15_intro_0.2_8
181,28,W,0,Female,clvr_cost_0.15_intro_0.2_8
182,29,W,0,Female,clvr_cost_0.15_intro_0.2_8
183,30,W,0,Female,clvr_cost_0.15_intro_0.2_8
184,31,W,0,Female,clvr_cost_0.15_intro_0.2_8
185,32,W,0,Female,clvr_cost_0.15_intro_0.2_8
186,33,W,0,Female,clvr_cost_0.15_intro_0.2_8
187,34,W,0,Female,clvr_cost_0.15_intro_0.2_8
188,35,W,0,Female,clvr_cost_0.15_intro_0.2_8
189,36,W,0,Female,clvr_cost_0.15_intro_0.2_8
190,37,W,0,Female,clvr_cost_0.15_intro_0.2_8
191,38,W,0,Female,clvr_cost_0.15_intro_0.2_8
192,39,W,0,Female,clvr_cost_0.15_intro_0.2_8
193,40,W,0,Female,clvr_cost_0.15_intro_0.2_8
194,41,W,0,Female,clvr_cost_0.15_intro_0.2_8
195,42,W,0,Female,clvr_cost_0.15_intro_0.2_8
196,43,W,0,Female,clvr_cost_0.15_intro_0.2_8
197,44,W,0,Female,clvr_cost_0.15_intro_0.2_8
198,45,W,0,Female,clvr_cost_0.15_intro_0.2_8
199,46,W,0,Female,clvr_cost_0.15_intro_0.2_8
200,47,W,0,Female,clvr_cost_0.15_intro_0.2_8
201,48,W,0,Female,clvr_cost_0.15_intro_0.2_8
202,49,W,0,Female,clvr_cost_0.15_intro_0.2_8
203,50,W,0,Female,clvr_cost_0.15_intro_0.2_8
204,0,C,4000,Male,clvr_cost_0.15_intro_0.2_8
205,1,C,1295,Male,clvr_cost_0.15_intro_0.2_8
206,2,C,1710,Male,clvr_cost_0.15_intro_0.2_8
207,3,C,2272,Male,clvr_cost_0.15_intro_0.2_8
208,4,C,2850,Male,clvr_cost_0.15_intro_0.2_8
209,5,C,3690,Male,clvr_cost_0.15_intro_0.2_8
210,6,C,4687,Male,clvr_cost_0.15_intro_0.2_8
211,7,C,5988,Male,clvr_cost_0.15_intro_0.2_8
212,8,C,7515,Male,clvr_cost_0.15_intro_0.2_8
213,9,C,8045,Male,clvr_cost_0.15_intro_0.2_8
214,10,C,7946,Male,clvr_cost_0.15_intro_0.2_8
215,11,C,8242,Male,clvr_cost_0.15_intro_0.2_8
216,12,C,8138,Male,clvr_cost_0.15_intro_0.2_8
217,13,C,8202,Male,clvr_cost_0.15_intro_0.2_8
218,14,C,8290,Male,clvr_cost_0.15_intro_0.2_8
219,15,C,8192,Male,clvr_cost_0.15_intro_0.2_8
220,16,C,8256,Male,clvr_cost_0.15_intro_0.2_8
221,17,C,8214,Male,clvr_cost_0.15_intro_0.2_8
222,18,C,8146,Male,clvr_cost_0.15_intro_0.2_8
223,19,C,8154,Male,clvr_cost_0.15_intro_0.2_8
224,20,C,8124,Male,clvr_cost_0.15_intro_0.2_8
225,21,C,8092,Male,clvr_cost_0.15_intro_0.2_8
226,22,C,8046,Male,clvr_cost_0.15_intro_0.2_8
227,23,C,8128,Male,clvr_cost_0.15_intro_0.2_8
228,24,C,8126,Male,clvr_cost_0.15_intro_0.2_8
229,25,C,8338,Male,clvr_cost_0.15_intro_0.2_8
230,26,C,8272,Male,clvr_cost_0.15_intro_0.2_8
231,27,C,8206,Male,clvr_cost_0.15_intro_0.2_8
232,28,C,8304,Male,clvr_cost_0.15_intro_0.2_8
233,29,C,8324,Male,clvr_cost_0.15_intro_0.2_8
234,30,C,8054,Male,clvr_cost_0.15_intro_0.2_8
235,31,C,8146,Male,clvr_cost_0.15_intro_0.2_8
236,32,C,8386,Male,clvr_cost_0.15_intro_0.2_8
237,33,C,8424,Male,clvr_cost_0.15_intro_0.2_8
238,34,C,8310,Male,clvr_cost_0.15_intro_0.2_8
239,35,C,8314,Male,clvr_cost_0.15_intro_0.2_8
240,36,C,8254,Male,clvr_cost_0.15_intro_0.2_8
241,37,C,8360,Male,clvr_cost_0.15_intro_0.2_8
242,38,C,8158,Male,clvr_cost_0.15_intro_0.2_8
243,39,C,8324,Male,clvr_cost_0.15_intro_0.2_8
244,40,C,8196,Male,clvr_cost_0.15_intro_0.2_8
245,41,C,8176,Male,clvr_cost_0.15_intro_0.2_8
246,42,C,8184,Male,clvr_cost_0.15_intro_0.2_8
247,43,C,8242,Male,clvr_cost_0.15_intro_0.2_8
248,44,C,8358,Male,clvr_cost_0.15_intro_0.2_8
249,45,C,8010,Male,clvr_cost_0.15_intro_0.2_8
250,46,C,8060,Male,clvr_cost_0.15_intro_0.2_8
251,47,C,8410,Male,clvr_cost_0.15_intro_0.2_8
252,48,C,8252,Male,clvr_cost_0.15_intro_0.2_8
253,49,C,8474,Male,clvr_cost_0.15_intro_0.2_8
254,50,C,8366,Male,clvr_cost_0.15_intro_0.2_8
255,0,A,10000,Male,clvr_cost_0.15_intro_0.2_8
256,1,A,7451,Male,clvr_cost_0.15_intro_0.2_8
257,2,A,6568,Male,clvr_cost_0.15_intro_0.2_8
258,3,A,5442,Male,clvr_cost_0.15_intro_0.2_8
259,4,A,3950,Male,clvr_cost_0.15_intro_0.2_8
260,5,A,2766,Male,clvr_cost_0.15_intro_0.2_8
261,6,A,1355,Male,clvr_cost_0.15_intro_0.2_8
262,7,A,408,Male,clvr_cost_0.15_intro_0.2_8
263,8,A,43,Male,clvr_cost_0.15_intro_0.2_8
264,9,A,3,Male,clvr_cost_0.15_intro_0.2_8
265,10,A,0,Male,clvr_cost_0.15_intro_0.2_8
266,11,A,0,Male,clvr_cost_0.15_intro_0.2_8
267,12,A,0,Male,clvr_cost_0.15_intro_0.2_8
268,13,A,0,Male,clvr_cost_0.15_intro_0.2_8
269,14,A,0,Male,clvr_cost_0.15_intro_0.2_8
270,15,A,0,Male,clvr_cost_0.15_intro_0.2_8
271,16,A,0,Male,clvr_cost_0.15_intro_0.2_8
272,17,A,0,Male,clvr_cost_0.15_intro_0.2_8
273,18,A,0,Male,clvr_cost_0.15_intro_0.2_8
274,19,A,0,Male,clvr_cost_0.15_intro_0.2_8
275,20,A,0,Male,clvr_cost_0.15_intro_0.2_8
276,21,A,0,Male,clvr_cost_0.15_intro_0.2_8
277,22,A,0,Male,clvr_cost_0.15_intro_0.2_8
278,23,A,0,Male,clvr_cost_0.15_intro_0.2_8
279,24,A,0,Male,clvr_cost_0.15_intro_0.2_8
280,25,A,0,Male,clvr_cost_0.15_intro_0.2_8
281,26,A,0,Male,clvr_cost_0.15_intro_0.2_8
282,27,A,0,Male,clvr_cost_0.15_intro_0.2_8
283,28,A,0,Male,clvr_cost_0.15_intro_0.2_8
284,29,A,0,Male,clvr_cost_0.15_intro_0.2_8
285,30,A,0,Male,clvr_cost_0.15_intro_0.2_8
286,31,A,0,Male,clvr_cost_0.15_intro_0.2_8
287,32,A,0,Male,clvr_cost_0.15_intro_0.2_8
288,33,A,0,Male,clvr_cost_0.15_intro_0.2_8
289,34,A,0,Male,clvr_cost_0.15_intro_0.2_8
290,35,A,0,Male,clvr_cost_0.15_intro_0.2_8
291,36,A,0,Male,clvr_cost_0.15_intro_0.2_8
292,37,A,0,Male,clvr_cost_0.15_intro_0.2_8
293,38,A,0,Male,clvr_cost_0.15_intro_0.2_8
294,39,A,0,Male,clvr_cost_0.15_intro_0.2_8
295,40,A,0,Male,clvr_cost_0.15_intro_0.2_8
296,41,A,0,Male,clvr_cost_0.15_intro_0.2_8
297,42,A,0,Male,clvr_cost_0.15_intro_0.2_8
298,43,A,0,Male,clvr_cost_0.15_intro_0.2_8
299,44,A,0,Male,clvr_cost_0.15_intro_0.2_8
300,45,A,0,Male,clvr_cost_0.15_intro_0.2_8
301,46,A,0,Male,clvr_cost_0.15_intro_0.2_8
302,47,A,0,Male,clvr_cost_0.15_intro_0.2_8
303,48,A,0,Male,clvr_cost_0.15_intro_0.2_8
304,49,A,0,Male,clvr_cost_0.15_intro_0.2_8
305,50,A,0,Male,clvr_cost_0.15_intro_0.2_8
306,0,V,4000,Male,clvr_cost_0.15_intro_0.2_8
307,1,V,1295,Male,clvr_cost_0.15_intro_0.2_8
308,2,V,1759,Male,clvr_cost_0.15_intro_0.2_8
309,3,V,2315,Male,clvr_cost_0.15_intro_0.2_8
310,4,V,2912,Male,clvr_cost_0.15_intro_0.2_8
311,5,V,3748,Male,clvr_cost_0.15_intro_0.2_8
312,6,V,4734,Male,clvr_cost_0.15_intro_0.2_8
313,7,V,6038,Male,clvr_cost_0.15_intro_0.2_8
314,8,V,7532,Male,clvr_cost_0.15_intro_0.2_8
315,9,V,8047,Male,clvr_cost_0.15_intro_0.2_8
316,10,V,7946,Male,clvr_cost_0.15_intro_0.2_8
317,11,V,8242,Male,clvr_cost_0.15_intro_0.2_8
318,12,V,8138,Male,clvr_cost_0.15_intro_0.2_8
319,13,V,8202,Male,clvr_cost_0.15_intro_0.2_8
320,14,V,8290,Male,clvr_cost_0.15_intro_0.2_8
321,15,V,8192,Male,clvr_cost_0.15_intro_0.2_8
322,16,V,8256,Male,clvr_cost_0.15_intro_0.2_8
323,17,V,8214,Male,clvr_cost_0.15_intro_0.2_8
324,18,V,8146,Male,clvr_cost_0.15_intro_0.2_8
325,19,V,8154,Male,clvr_cost_0.15_intro_0.2_8
326,20,V,8124,Male,clvr_cost_0.15_intro_0.2_8
327,21,V,8092,Male,clvr_cost_0.15_intro_0.2_8
328,22,V,8046,Male,clvr_cost_0.15_intro_0.2_8
329,23,V,8128,Male,clvr_cost_0.15_intro_0.2_8
330,24,V,8126,Male,clvr_cost_0.15_intro_0.2_8
331,25,V,8338,Male,clvr_cost_0.15_intro_0.2_8
332,26,V,8272,Male,clvr_cost_0.15_intro_0.2_8
333,27,V,8206,Male,clvr_cost_0.15_intro_0.2_8
334,28,V,8304,Male,clvr_cost_0.15_intro_0.2_8
335,29,V,8324,Male,clvr_cost_0.15_intro_0.2_8
336,30,V,8054,Male,clvr_cost_0.15_intro_0.2_8
337,31,V,8146,Male,clvr_cost_0.15_intro_0.2_8
338,32,V,8386,Male,clvr_cost_0.15_intro_0.2_8
339,33,V,8424,Male,clvr_cost_0.15_intro_0.2_8
340,34,V,8310,Male,clvr_cost_0.15_intro_0.2_8
341,35,V,8314,Male,clvr_cost_0.15_intro_0.2_8
342,36,V,8254,Male,clvr_cost_0.15_intro_0.2_8
343,37,V,8360,Male,clvr_cost_0.15_intro_0.2_8
344,38,V,8158,Male,clvr_cost_0.15_intro_0.2_8
345,39,V,8324,Male,clvr_cost_0.15_intro_0.2_8
346,40,V,8196,Male,clvr_cost_0.15_intro_0.2_8
347,41,V,8176,Male,clvr_cost_0.15_intro_0.2_8
348,42,V,8184,Male,clvr_cost_0.15_intro_0.2_8
349,43,V,8242,Male,clvr_cost_0.15_intro_0.2_8
350,44,V,8358,Male,clvr_cost_0.15_intro_0.2_8
351,45,V,8010,Male,clvr_cost_0.15_intro_0.2_8
352,46,V,8060,Male,clvr_cost_0.15_intro_0.2_8
353,47,V,8410,Male,clvr_cost_0.15_intro_0.2_8
354,48,V,8252,Male,clvr_cost_0.15_intro_0.2_8
355,49,V,8474,Male,clvr_cost_0.15_intro_0.2_8
356,50,V,8366,Male,clvr_cost_0.15_intro_0.2_8
357,0,W,10000,Male,clvr_cost_0.15_intro_0.2_8
358,1,W,7451,Male,clvr_cost_0.15_intro_0.2_8
359,2,W,6519,Male,clvr_cost_0.15_intro_0.2_8
360,3,W,5399,Male,clvr_cost_0.15_intro_0.2_8
361,4,W,3888,Male,clvr_cost_0.15_intro_0.2_8
362,5,W,2708,Male,clvr_cost_0.15_intro_0.2_8
363,6,W,1308,Male,clvr_cost_0.15_intro_0.2_8
364,7,W,358,Male,clvr_cost_0.15_intro_0.2_8
365,8,W,26,Male,clvr_cost_0.15_intro_0.2_8
366,9,W,1,Male,clvr_cost_0.15_intro_0.2_8
367,10,W,0,Male,clvr_cost_0.15_intro_0.2_8
368,11,W,0,Male,clvr_cost_0.15_intro_0.2_8
369,12,W,0,Male,clvr_cost_0.15_intro_0.2_8
370,13,W,0,Male,clvr_cost_0.15_intro_0.2_8
371,14,W,0,Male,clvr_cost_0.15_intro_0.2_8
372,15,W,0,Male,clvr_cost_0.15_intro_0.2_8
373,16,W,0,Male,clvr_cost_0.15_intro_0.2_8
374,17,W,0,Male,clvr_cost_0.15_intro_0.2_8
375,18,W,0,Male,clvr_cost_0.15_intro_0.2_8
376,19,W,0,Male,clvr_cost_0.15_intro_0.2_8
377,20,W,0,Male,clvr_cost_0.15_intro_0.2_8
378,21,W,0,Male,clvr_cost_0.15_intro_0.2_8
379,22,W,0,Male,clvr_cost_0.15_intro_0.2_8
380,23,W,0,Male,clvr_cost_0.15_intro_0.2_8
381,24,W,0,Male,clvr_cost_0.15_intro_0.2_8
382,25,W,0,Male,clvr_cost_0.15_intro_0.2_8
383,26,W,0,Male,clvr_cost_0.15_intro_0.2_8
384,27,W,0,Male,clvr_cost_0.15_intro_0.2_8
385,28,W,0,Male,clvr_cost_0.15_intro_0.2_8
386,29,W,0,Male,clvr_cost_0.15_intro_0.2_8
387,30,W,0,Male,clvr_cost_0.15_intro_0.2_8
388,31,W,0,Male,clvr_cost_0.15_intro_0.2_8
389,32,W,0,Male,clvr_cost_0.15_intro_0.2_8
390,33,W,0,Male,clvr_cost_0.15_intro_0.2_8
391,34,W,0,Male,clvr_cost_0.15_intro_0.2_8
392,35,W,0,Male,clvr_cost_0.15_intro_0.2_8
393,36,W,0,Male,clvr_cost_0.15_intro_0.2_8
394,37,W,0,Male,clvr_cost_0.15_intro_0.2_8
395,38,W,0,Male,clvr_cost_0.15_intro_0.2_8
396,39,W,0,Male,clvr_cost_0.15_intro_0.2_8
397,40,W,0,Male,clvr_cost_0.15_intro_0.2_8
398,41,W,0,Male,clvr_cost_0.15_intro_0.2_8
399,42,W,0,Male,clvr_cost_0.15_intro_0.2_8
400,43,W,0,Male,clvr_cost_0.15_intro_0.2_8
401,44,W,0,Male,clvr_cost_0.15_intro_0.2_8
402,45,W,0,Male,clvr_cost_0.15_intro_0.2_8
403,46,W,0,Male,clvr_cost_0.15_intro_0.2_8
404,47,W,0,Male,clvr_cost_0.15_intro_0.2_8
405,48,W,0,Male,clvr_cost_0.15_intro_0.2_8
406,49,W,0,Male,clvr_cost_0.15_intro_0.2_8
407,50,W,0,Male,clvr_cost_0.15_intro_0.2_8
,Generation,Allele,Count,Sex,Run
0,0,C,0,Female,clvr_cost_0.15_intro_0.2_9
1,1,C,1229,Female,clvr_cost_0.15_intro_0.2_9
2,2,C,1770,Female,clvr_cost_0.15_intro_0.2_9
3,3,C,2215,Female,clvr_cost_0.15_intro_0.2_9
4,4,C,2827,Female,clvr_cost_0.15_intro_0.2_9
5,5,C,3704,Female,clvr_cost_0.15_intro_0.2_9
6,6,C,4697,Female,clvr_cost_0.15_intro_0.2_9
7,7,C,5975,Female,clvr_cost_0.15_intro_0.2_9
8,8,C,7212,Female,clvr_cost_0.15_intro_0.2_9
9,9,C,8008,Female,clvr_cost_0.15_intro_0.2_9
10,10,C,7934,Female,clvr_cost_0.15_intro_0.2_9
11,11,C,8032,Female,clvr_cost_0.15_intro_0.2_9
12,12,C,7974,Female,clvr_cost_0.15_intro_0.2_9
13,13,C,8140,Female,clvr_cost_0.15_intro_0.2_9
14,14,C,8186,Female,clvr_cost_0.15_intro_0.2_9
15,15,C,7958,Female,clvr_cost_0.15_intro_0.2_9
16,16,C,7802,Female,clvr_cost_0.15_intro_0.2_9
17,17,C,8138,Female,clvr_cost_0.15_intro_0.2_9
18,18,C,8416,Female,clvr_cost_0.15_intro_0.2_9
19,19,C,8420,Female,clvr_cost_0.15_intro_0.2_9
20,20,C,8348,Female,clvr_cost_0.15_intro_0.2_9
21,21,C,8228,Female,clvr_cost_0.15_intro_0.2_9
22,22,C,7996,Female,clvr_cost_0.15_intro_0.2_9
23,23,C,8242,Female,clvr_cost_0.15_intro_0.2_9
24,24,C,8172,Female,clvr_cost_0.15_intro_0.2_9
25,25,C,8142,Female,clvr_cost_0.15_intro_0.2_9
26,26,C,8298,Female,clvr_cost_0.15_intro_0.2_9
27,27,C,8246,Female,clvr_cost_0.15_intro_0.2_9
28,28,C,8256,Female,clvr_cost_0.15_intro_0.2_9
29,29,C,8138,Female,clvr_cost_0.15_intro_0.2_9
30,30,C,7994,Female,clvr_cost_0.15_intro_0.2_9
31,31,C,7868,Female,clvr_cost_0.15_intro_0.2_9
32,32,C,8098,Female,clvr_cost_0.15_intro_0.2_9
33,33,C,8116,Female,clvr_cost_0.15_intro_0.2_9
34,34,C,7918,Female,clvr_cost_0.15_intro_0.2_9
35,35,C,7998,Female,clvr_cost_0.15_intro_0.2_9
36,36,C,8098,Female,clvr_cost_0.15_intro_0.2_9
37,37,C,8052,Female,clvr_cost_0.15_intro_0.2_9
38,38,C,7910,Female,clvr_cost_0.15_intro_0.2_9
39,39,C,8264,Female,clvr_cost_0.15_intro_0.2_9
40,40,C,8012,Female,clvr_cost_0.15_intro_0.2_9
41,41,C,7854,Female,clvr_cost_0.15_intro_0.2_9
42,42,C,8316,Female,clvr_cost_0.15_intro_0.2_9
43,43,C,7972,Female,clvr_cost_0.15_intro_0.2_9
44,44,C,8090,Female,clvr_cost_0.15_intro_0.2_9
45,45,C,8268,Female,clvr_cost_0.15_intro_0.2_9
46,46,C,8296,Female,clvr_cost_0.15_intro_0.2_9
47,47,C,8022,Female,clvr_cost_0.15_intro_0.2_9
48,48,C,7880,Female,clvr_cost_0.15_intro_0.2_9
49,49,C,8148,Female,clvr_cost_0.15_intro_0.2_9
50,50,C,8142,Female,clvr_cost_0.15_intro_0.2_9
51,0,A,10000,Female,clvr_cost_0.15_intro_0.2_9
52,1,A,7549,Female,clvr_cost_0.15_intro_0.2_9
53,2,A,6574,Female,clvr_cost_0.15_intro_0.2_9
54,3,A,5199,Female,clvr_cost_0.15_intro_0.2_9
55,4,A,3987,Female,clvr_cost_0.15_intro_0.2_9
56,5,A,2700,Female,clvr_cost_0.15_intro_0.2_9
57,6,A,1383,Female,clvr_cost_0.15_intro_0.2_9
58,7,A,457,Female,clvr_cost_0.15_intro_0.2_9
59,8,A,60,Female,clvr_cost_0.15_intro_0.2_9
60,9,A,8,Female,clvr_cost_0.15_intro_0.2_9
61,10,A,0,Female,clvr_cost_0.15_intro_0.2_9
62,11,A,0,Female,clvr_cost_0.15_intro_0.2_9
63,12,A,0,Female,clvr_cost_0.15_intro_0.2_9
64,13,A,0,Female,clvr_cost_0.15_intro_0.2_9
65,14,A,0,Female,clvr_cost_0.15_intro_0.2_9
66,15,A,0,Female,clvr_cost_0.15_intro_0.2_9
67,16,A,0,Female,clvr_cost_0.15_intro_0.2_9
68,17,A,0,Female,clvr_cost_0.15_intro_0.2_9
69,18,A,0,Female,clvr_cost_0.15_intro_0.2_9
70,19,A,0,Female,clvr_cost_0.15_intro_0.2_9
71,20,A,0,Female,clvr_cost_0.15_intro_0.2_9
72,21,A,0,Female,clvr_cost_0.15_intro_0.2_9
73,22,A,0,Female,clvr_cost_0.15_intro_0.2_9
74,23,A,0,Female,clvr_cost_0.15_intro_0.2_9
75,24,A,0,Female,clvr_cost_0.15_intro_0.2_9
76,25,A,0,Female,clvr_cost_0.15_intro_0.2_9
77,26,A,0,Female,clvr_cost_0.15_intro_0.2_9
78,27,A,0,Female,clvr_cost_0.15_intro_0.2_9
79,28,A,0,Female,clvr_cost_0.15_intro_0.2_9
80,29,A,0,Female,clvr_cost_0.15_intro_0.2_9
81,30,A,0,Female,clvr_cost_0.15_intro_0.2_9
82,31,A,0,Female,clvr_cost_0.15_intro_0.2_9
83,32,A,0,Female,clvr_cost_0.15_intro_0.2_9
84,33,A,0,Female,clvr_cost_0.15_intro_0.2_9
85,34,A,0,Female,clvr_cost_0.15_intro_0.2_9
86,35,A,0,Female,clvr_cost_0.15_intro_0.2_9
87,36,A,0,Female,clvr_cost_0.15_intro_0.2_9
88,37,A,0,Female,clvr_cost_0.15_intro_0.2_9
89,38,A,0,Female,clvr_cost_0.15_intro_0.2_9
90,39,A,0,Female,clvr_cost_0.15_intro_0.2_9
91,40,A,0,Female,clvr_cost_0.15_intro_0.2_9
92,41,A,0,Female,clvr_cost_0.15_intro_0.2_9
93,42,A,0,Female,clvr_cost_0.15_intro_0.2_9
94,43,A,0,Female,clvr_cost_0.15_intro_0.2_9
95,44,A,0,Female,clvr_cost_0.15_intro_0.2_9
96,45,A,0,Female,clvr_cost_0.15_intro_0.2_9
97,46,A,0,Female,clvr_cost_0.15_intro_0.2_9
98,47,A,0,Female,clvr_cost_0.15_intro_0.2_9
99,48,A,0,Female,clvr_cost_0.15_intro_0.2_9
100,49,A,0,Female,clvr_cost_0.15_intro_0.2_9
101,50,A,0,Female,clvr_cost_0.15_intro_0.2_9
102,0,V,0,Female,clvr_cost_0.15_intro_0.2_9
103,1,V,1229,Female,clvr_cost_0.15_intro_0.2_9
104,2,V,1806,Female,clvr_cost_0.15_intro_0.2_9
105,3,V,2263,Female,clvr_cost_0.15_intro_0.2_9
106,4,V,2889,Female,clvr_cost_0.15_intro_0.2_9
107,5,V,3759,Female,clvr_cost_0.15_intro_0.2_9
108,6,V,4762,Female,clvr_cost_0.15_intro_0.2_9
109,7,V,6011,Female,clvr_cost_0.15_intro_0.2_9
110,8,V,7232,Female,clvr_cost_0.15_intro_0.2_9
111,9,V,8013,Female,clvr_cost_0.15_intro_0.2_9
112,10,V,7934,Female,clvr_cost_0.15_intro_0.2_9
113,11,V,8032,Female,clvr_cost_0.15_intro_0.2_9
114,12,V,7974,Female,clvr_cost_0.15_intro_0.2_9
115,13,V,8140,Female,clvr_cost_0.15_intro_0.2_9
116,14,V,8186,Female,clvr_cost_0.15_intro_0.2_9
117,15,V,7958,Female,clvr_cost_0.15_intro_0.2_9
118,16,V,7802,Female,clvr_cost_0.15_intro_0.2_9
119,17,V,8138,Female,clvr_cost_0.15_intro_0.2_9
120,18,V,8416,Female,clvr_cost_0.15_intro_0.2_9
121,19,V,8420,Female,clvr_cost_0.15_intro_0.2_9
122,20,V,8348,Female,clvr_cost_0.15_intro_0.2_9
123,21,V,8228,Female,clvr_cost_0.15_intro_0.2_9
124,22,V,7996,Female,clvr_cost_0.15_intro_0.2_9
125,23,V,8242,Female,clvr_cost_0.15_intro_0.2_9
126,24,V,8172,Female,clvr_cost_0.15_intro_0.2_9
127,25,V,8142,Female,clvr_cost_0.15_intro_0.2_9
128,26,V,8298,Female,clvr_cost_0.15_intro_0.2_9
129,27,V,8246,Female,clvr_cost_0.15_intro_0.2_9
130,28,V,8256,Female,clvr_cost_0.15_intro_0.2_9
131,29,V,8138,Female,clvr_cost_0.15_intro_0.2_9
132,30,V,7994,Female,clvr_cost_0.15_intro_0.2_9
133,31,V,7868,Female,clvr_cost_0.15_intro_0.2_9
134,32,V,8098,Female,clvr_cost_0.15_intro_0.2_9
135,33,V,8116,Female,clvr_cost_0.15_intro_0.2_9
136,34,V,7918,Female,clvr_cost_0.15_intro_0.2_9
137,35,V,7998,Female,clvr_cost_0.15_intro_0.2_9
138,36,V,8098,Female,clvr_cost_0.15_intro_0.2_9
139,37,V,8052,Female,clvr_cost_0.15_intro_0.2_9
140,38,V,7910,Female,clvr_cost_0.15_intro_0.2_9
141,39,V,8264,Female,clvr_cost_0.15_intro_0.2_9
142,40,V,8012,Female,clvr_cost_0.15_intro_0.2_9
143,41,V,7854,Female,clvr_cost_0.15_intro_0.2_9
144,42,V,8316,Female,clvr_cost_0.15_intro_0.2_9
145,43,V,7972,Female,clvr_cost_0.15_intro_0.2_9
146,44,V,8090,Female,clvr_cost_0.15_intro_0.2_9
147,45,V,8268,Female,clvr_cost_0.15_intro_0.2_9
148,46,V,8296,Female,clvr_cost_0.15_intro_0.2_9
149,47,V,8022,Female,clvr_cost_0.15_intro_0.2_9
150,48,V,7880,Female,clvr_cost_0.15_intro_0.2_9
151,49,V,8148,Female,clvr_cost_0.15_intro_0.2_9
152,50,V,8142,Female,clvr_cost_0.15_intro_0.2_9
153,0,W,10000,Female,clvr_cost_0.15_intro_0.2_9
154,1,W,7549,Female,clvr_cost_0.15_intro_0.2_9
155,2,W,6538,Female,clvr_cost_0.15_intro_0.2_9
156,3,W,5151,Female,clvr_cost_0.15_intro_0.2_9
157,4,W,3925,Female,clvr_cost_0.15_intro_0.2_9
158,5,W,2645,Female,clvr_cost_0.15_intro_0.2_9
159,6,W,1318,Female,clvr_cost_0.15_intro_0.2_9
160,7,W,421,Female,clvr_cost_0.15_intro_0.2_9
161,8,W,40,Female,clvr_cost_0.15_intro_0.2_9
162,9,W,3,Female,clvr_cost_0.15_intro_0.2_9
163,10,W,0,Female,clvr_cost_0.15_intro_0.2_9
164,11,W,0,Female,clvr_cost_0.15_intro_0.2_9
165,12,W,0,Female,clvr_cost_0.15_intro_0.2_9
166,13,W,0,Female,clvr_cost_0.15_intro_0.2_9
167,14,W,0,Female,clvr_cost_0.15_intro_0.2_9
168,15,W,0,Female,clvr_cost_0.15_intro_0.2_9
169,16,W,0,Female,clvr_cost_0.15_intro_0.2_9
170,17,W,0,Female,clvr_cost_0.15_intro_0.2_9
171,18,W,0,Female,clvr_cost_0.15_intro_0.2_9
172,19,W,0,Female,clvr_cost_0.15_intro_0.2_9
173,20,W,0,Female,clvr_cost_0.15_intro_0.2_9
174,21,W,0,Female,clvr_cost_0.15_intro_0.2_9
175,22,W,0,Female,clvr_cost_0.15_intro_0.2_9
176,23,W,0,Female,clvr_cost_0.15_intro_0.2_9
177,24,W,0,Female,clvr_cost_0.15_intro_0.2_9
178,25,W,0,Female,clvr_cost_0.15_intro_0.2_9
179,26,W,0,Female,clvr_cost_0.15_intro_0.2_9
180,27,W,0,Female,clvr_cost_0.15_intro_0.2_9
181,28,W,0,Female,clvr_cost_0.15_intro_0.2_9
182,29,W,0,Female,clvr_cost_0.15_intro_0.2_9
183,30,W,0,Female,clvr_cost_0.15_intro_0.2_9
184,31,W,0,Female,clvr_cost_0.15_intro_0.2_9
185,32,W,0,Female,clvr_cost_0.15_intro_0.2_9
186,33,W,0,Female,clvr_cost_0.15_intro_0.2_9
187,34,W,0,Female,clvr_cost_0.15_intro_0.2_9
188,35,W,0,Female,clvr_cost_0.15_intro_0.2_9
189,36,W,0,Female,clvr_cost_0.15_intro_0.2_9
190,37,W,0,Female,clvr_cost_0.15_intro_0.2_9
191,38,W,0,Female,clvr_cost_0.15_intro_0.2_9
192,39,W,0,Female,clvr_cost_0.15_intro_0.2_9
193,40,W,0,Female,clvr_cost_0.15_intro_0.2_9
194,41,W,0,Female,clvr_cost_0.15_intro_0.2_9
195,42,W,0,Female,clvr_cost_0.15_intro_0.2_9
196,43,W,0,Female,clvr_cost_0.15_intro_0.2_9
197,44,W,0,Female,clvr_cost_0.15_intro_0.2_9
198,45,W,0,Female,clvr_cost_0.15_intro_0.2_9
199,46,W,0,Female,clvr_cost_0.15_intro_0.2_9
200,47,W,0,Female,clvr_cost_0.15_intro_0.2_9
201,48,W,0,Female,clvr_cost_0.15_intro_0.2_9
202,49,W,0,Female,clvr_cost_0.15_intro_0.2_9
203,50,W,0,Female,clvr_cost_0.15_intro_0.2_9
204,0,C,4000,Male,clvr_cost_0.15_intro_0.2_9
205,1,C,1294,Male,clvr_cost_0.15_intro_0.2_9
206,2,C,1767,Male,clvr_cost_0.15_intro_0.2_9
207,3,C,2344,Male,clvr_cost_0.15_intro_0.2_9
208,4,C,2975,Male,clvr_cost_0.15_intro_0.2_9
209,5,C,3754,Male,clvr_cost_0.15_intro_0.2_9
210,6,C,4863,Male,clvr_cost_0.15_intro_0.2_9
211,7,C,6045,Male,clvr_cost_0.15_intro_0.2_9
212,8,C,7227,Male,clvr_cost_0.15_intro_0.2_9
213,9,C,8057,Male,clvr_cost_0.15_intro_0.2_9
214,10,C,8323,Male,clvr_cost_0.15_intro_0.2_9
215,11,C,8184,Male,clvr_cost_0.15_intro_0.2_9
216,12,C,8140,Male,clvr_cost_0.15_intro_0.2_9
217,13,C,8282,Male,clvr_cost_0.15_intro_0.2_9
218,14,C,8226,Male,clvr_cost_0.15_intro_0.2_9
219,15,C,8470,Male,clvr_cost_0.15_intro_0.2_9
220,16,C,8128,Male,clvr_cost_0.15_intro_0.2_9
221,17,C,8166,Male,clvr_cost_0.15_intro_0.2_9
222,18,C,8420,Male,clvr_cost_0.15_intro_0.2_9
223,19,C,8482,Male,clvr_cost_0.15_intro_0.2_9
224,20,C,8456,Male,clvr_cost_0.15_intro_0.2_9
225,21,C,8422,Male,clvr_cost_0.15_intro_0.2_9
226,22,C,8076,Male,clvr_cost_0.15_intro_0.2_9
227,23,C,8392,Male,clvr_cost_0.15_intro_0.2_9
228,24,C,8294,Male,clvr_cost_0.15_intro_0.2_9
229,25,C,8214,Male,clvr_cost_0.15_intro_0.2_9
230,26,C,8382,Male,clvr_cost_0.15_intro_0.2_9
231,27,C,8330,Male,clvr_cost_0.15_intro_0.2_9
232,28,C,8318,Male,clvr_cost_0.15_intro_0.2_9
233,29,C,8234,Male,clvr_cost_0.15_intro_0.2_9
234,30,C,8322,Male,clvr_cost_0.15_intro_0.2_9
235,31,C,8036,Male,clvr_cost_0.15_intro_0.2_9
236,32,C,8144,Male,clvr_cost_0.15_intro_0.2_9
237,33,C,8234,Male,clvr_cost_0.15_intro_0.2_9
238,34,C,7922,Male,clvr_cost_0.15_intro_0.2_9
239,35,C,8274,Male,clvr_cost_0.15_intro_0.2_9
240,36,C,8246,Male,clvr_cost_0.15_intro_0.2_9
241,37,C,8220,Male,clvr_cost_0.15_intro_0.2_9
242,38,C,8070,Male,clvr_cost_0.15_intro_0.2_9
243,39,C,8334,Male,clvr_cost_0.15_intro_0.2_9
244,40,C,8182,Male,clvr_cost_0.15_intro_0.2_9
245,41,C,8050,Male,clvr_cost_0.15_intro_0.2_9
246,42,C,8316,Male,clvr_cost_0.15_intro_0.2_9
247,43,C,8174,Male,clvr_cost_0.15_intro_0.2_9
248,44,C,8092,Male,clvr_cost_0.15_intro_0.2_9
249,45,C,8414,Male,clvr_cost_0.15_intro_0.2_9
250,46,C,8366,Male,clvr_cost_0.15_intro_0.2_9
251,47,C,8168,Male,clvr_cost_0.15_intro_0.2_9
252,48,C,8106,Male,clvr_cost_0.15_intro_0.2_9
253,49,C,8202,Male,clvr_cost_0.15_intro_0.2_9
254,50,C,8146,Male,clvr_cost_0.15_intro_0.2_9
255,0,A,10000,Male,clvr_cost_0.15_intro_0.2_9
256,1,A,7514,Male,clvr_cost_0.15_intro_0.2_9
257,2,A,6635,Male,clvr_cost_0.15_intro_0.2_9
258,3,A,5606,Male,clvr_cost_0.15_intro_0.2_9
259,4,A,4021,Male,clvr_cost_0.15_intro_0.2_9
260,5,A,2704,Male,clvr_cost_0.15_intro_0.2_9
261,6,A,1383,Male,clvr_cost_0.15_intro_0.2_9
262,7,A,509,Male,clvr_cost_0.15_intro_0.2_9
263,8,A,63,Male,clvr_cost_0.15_intro_0.2_9
264,9,A,5,Male,clvr_cost_0.15_intro_0.2_9
265,10,A,1,Male,clvr_cost_0.15_intro_0.2_9
266,11,A,0,Male,clvr_cost_0.15_intro_0.2_9
267,12,A,0,Male,clvr_cost_0.15_intro_0.2_9
268,13,A,0,Male,clvr_cost_0.15_intro_0.2_9
269,14,A,0,Male,clvr_cost_0.15_intro_0.2_9
270,15,A,0,Male,clvr_cost_0.15_intro_0.2_9
271,16,A,0,Male,clvr_cost_0.15_intro_0.2_9
272,17,A,0,Male,clvr_cost_0.15_intro_0.2_9
273,18,A,0,Male,clvr_cost_0.15_intro_0.2_9
274,19,A,0,Male,clvr_cost_0.15_intro_0.2_9
275,20,A,0,Male,clvr_cost_0.15_intro_0.2_9
276,21,A,0,Male,clvr_cost_0.15_intro_0.2_9
277,22,A,0,Male,clvr_cost_0.15_intro_0.2_9
278,23,A,0,Male,clvr_cost_0.15_intro_0.2_9
279,24,A,0,Male,clvr_cost_0.15_intro_0.2_9
280,25,A,0,Male,clvr_cost_0.15_intro_0.2_9
281,26,A,0,Male,clvr_cost_0.15_intro_0.2_9
282,27,A,0,Male,clvr_cost_0.15_intro_0.2_9
283,28,A,0,Male,clvr_cost_0.15_intro_0.2_9
284,29,A,0,Male,clvr_cost_0.15_intro_0.2_9
285,30,A,0,Male,clvr_cost_0.15_intro_0.2_9
286,31,A,0,Male,clvr_cost_0.15_intro_0.2_9
287,32,A,0,Male,clvr_cost_0.15_intro_0.2_9
288,33,A,0,Male,clvr_cost_0.15_intro_0.2_9
289,34,A,0,Male,clvr_cost_0.15_intro_0.2_9
290,35,A,0,Male,clvr_cost_0.15_intro_0.2_9
291,36,A,0,Male,clvr_cost_0.15_intro_0.2_9
292,37,A,0,Male,clvr_cost_0.15_intro_0.2_9
293,38,A,0,Male,clvr_cost_0.15_intro_0.2_9
294,39,A,0,Male,clvr_cost_0.15_intro_0.2_9
295,40,A,0,Male,clvr_cost_0.15_intro_0.2_9
296,41,A,0,Male,clvr_cost_0.15_intro_0.2_9
297,42,A,0,Male,clvr_cost_0.15_intro_0.2_9
298,43,A,0,Male,clvr_cost_0.15_intro_0.2_9
299,44,A,0,Male,clvr_cost_0.15_intro_0.2_9
300,45,A,0,Male,clvr_cost_0.15_intro_0.2_9
301,46,A,0,Male,clvr_cost_0.15_intro_0.2_9
302,47,A,0,Male,clvr_cost_0.15_intro_0.2_9
303,48,A,0,Male,clvr_cost_0.15_intro_0.2_9
304,49,A,0,Male,clvr_cost_0.15_intro_0.2_9
305,50,A,0,Male,clvr_cost_0.15_intro_0.2_9
306,0,V,4000,Male,clvr_cost_0.15_intro_0.2_9
307,1,V,1294,Male,clvr_cost_0.15_intro_0.2_9
308,2,V,1828,Male,clvr_cost_0.15_intro_0.2_9
309,3,V,2407,Male,clvr_cost_0.15_intro_0.2_9
310,4,V,3041,Male,clvr_cost_0.15_intro_0.2_9
311,5,V,3820,Male,clvr_cost_0.15_intro_0.2_9
312,6,V,4938,Male,clvr_cost_0.15_intro_0.2_9
313,7,V,6093,Male,clvr_cost_0.15_intro_0.2_9
314,8,V,7242,Male,clvr_cost_0.15_intro_0.2_9
315,9,V,8059,Male,clvr_cost_0.15_intro_0.2_9
316,10,V,8324,Male,clvr_cost_0.15_intro_0.2_9
317,11,V,8184,Male,clvr_cost_0.15_intro_0.2_9
318,12,V,8140,Male,clvr_cost_0.15_intro_0.2_9
319,13,V,8282,Male,clvr_cost_0.15_intro_0.2_9
320,14,V,8226,Male,clvr_cost_0.15_intro_0.2_9
321,15,V,8470,Male,clvr_cost_0.15_intro_0.2_9
322,16,V,8128,Male,clvr_cost_0.15_intro_0.2_9
323,17,V,8166,Male,clvr_cost_0.15_intro_0.2_9
324,18,V,8420,Male,clvr_cost_0.15_intro_0.2_9
325,19,V,8482,Male,clvr_cost_0.15_intro_0.2_9
326,20,V,8456,Male,clvr_cost_0.15_intro_0.2_9
327,21,V,8422,Male,clvr_cost_0.15_intro_0.2_9
328,22,V,8076,Male,clvr_cost_0.15_intro_0.2_9
329,23,V,8392,Male,clvr_cost_0.15_intro_0.2_9
330,24,V,8294,Male,clvr_cost_0.15_intro_0.2_9
331,25,V,8214,Male,clvr_cost_0.15_intro_0.2_9
332,26,V,8382,Male,clvr_cost_0.15_intro_0.2_9
333,27,V,8330,Male,clvr_cost_0.15_intro_0.2_9
334,28,V,8318,Male,clvr_cost_0.15_intro_0.2_9
335,29,V,8234,Male,clvr_cost_0.15_intro_0.2_9
336,30,V,8322,Male,clvr_cost_0.15_intro_0.2_9
337,31,V,8036,Male,clvr_cost_0.15_intro_0.2_9
338,32,V,8144,Male,clvr_cost_0.15_intro_0.2_9
339,33,V,8234,Male,clvr_cost_0.15_intro_0.2_9
340,34,V,7922,Male,clvr_cost_0.15_intro_0.2_9
341,35,V,8274,Male,clvr_cost_0.15_intro_0.2_9
342,36,V,8246,Male,clvr_cost_0.15_intro_0.2_9
343,37,V,8220,Male,clvr_cost_0.15_intro_0.2_9
344,38,V,8070,Male,clvr_cost_0.15_intro_0.2_9
345,39,V,8334,Male,clvr_cost_0.15_intro_0.2_9
346,40,V,8182,Male,clvr_cost_0.15_intro_0.2_9
347,41,V,8050,Male,clvr_cost_0.15_intro_0.2_9
348,42,V,8316,Male,clvr_cost_0.15_intro_0.2_9
349,43,V,8174,Male,clvr_cost_0.15_intro_0.2_9
350,44,V,8092,Male,clvr_cost_0.15_intro_0.2_9
351,45,V,8414,Male,clvr_cost_0.15_intro_0.2_9
352,46,V,8366,Male,clvr_cost_0.15_intro_0.2_9
353,47,V,8168,Male,clvr_cost_0.15_intro_0.2_9
354,48,V,8106,Male,clvr_cost_0.15_intro_0.2_9
355,49,V,8202,Male,clvr_cost_0.15_intro_0.2_9
356,50,V,8146,Male,clvr_cost_0.15_intro_0.2_9
357,0,W,10000,Male,clvr_cost_0.15_intro_0.2_9
358,1,W,7514,Male,clvr_cost_0.15_intro_0.2_9
359,2,W,6574,Male,clvr_cost_0.15_intro_0.2_9
360,3,W,5543,Male,clvr_cost_0.15_intro_0.2_9
361,4,W,3955,Male,clvr_cost_0.15_intro_0.2_9
362,5,W,2638,Male,clvr_cost_0.15_intro_0.2_9
363,6,W,1308,Male,clvr_cost_0.15_intro_0.2_9
364,7,W,461,Male,clvr_cost_0.15_intro_0.2_9
365,8,W,48,Male,clvr_cost_0.15_intro_0.2_9
366,9,W,3,Male,clvr_cost_0.15_intro_0.2_9
367,10,W,0,Male,clvr_cost_0.15_intro_0.2_9
368,11,W,0,Male,clvr_cost_0.15_intro_0.2_9
369,12,W,0,Male,clvr_cost_0.15_intro_0.2_9
370,13,W,0,Male,clvr_cost_0.15_intro_0.2_9
371,14,W,0,Male,clvr_cost_0.15_intro_0.2_9
372,15,W,0,Male,clvr_cost_0.15_intro_0.2_9
373,16,W,0,Male,clvr_cost_0.15_intro_0.2_9
374,17,W,0,Male,clvr_cost_0.15_intro_0.2_9
375,18,W,0,Male,clvr_cost_0.15_intro_0.2_9
376,19,W,0,Male,clvr_cost_0.15_intro_0.2_9
377,20,W,0,Male,clvr_cost_0.15_intro_0.2_9
378,21,W,0,Male,clvr_cost_0.15_intro_0.2_9
379,22,W,0,Male,clvr_cost_0.15_intro_0.2_9
380,23,W,0,Male,clvr_cost_0.15_intro_0.2_9
381,24,W,0,Male,clvr_cost_0.15_intro_0.2_9
382,25,W,0,Male,clvr_cost_0.15_intro_0.2_9
383,26,W,0,Male,clvr_cost_0.15_intro_0.2_9
384,27,W,0,Male,clvr_cost_0.15_intro_0.2_9
385,28,W,0,Male,clvr_cost_0.15_intro_0.2_9
386,29,W,0,Male,clvr_cost_0.15_intro_0.2_9
387,30,W,0,Male,clvr_cost_0.15_intro_0.2_9
388,31,W,0,Male,clvr_cost_0.15_intro_0.2_9
389,32,W,0,Male,clvr_cost_0.15_intro_0.2_9
390,33,W,0,Male,clvr_cost_0.15_intro_0.2_9
391,34,W,0,Male,clvr_cost_0.15_intro_0.2_9
392,35,W,0,Male,clvr_cost_0.15_intro_0.2_9
393,36,W,0,Male,clvr_cost_0.15_intro_0.2_9
394,37,W,0,Male,clvr_cost_0.15_intro_0.2_9
395,38,W,0,Male,clvr_cost_0.15_intro_0.2_9
396,39,W,0,Male,clvr_cost_0.15_intro_0.2_9
397,40,W,0,Male,clvr_cost_0.15_intro_0.2_9
398,41,W,0,Male,clvr_cost_0.15_intro_0.2_9
399,42,W,0,Male,clvr_cost_0.15_intro_0.2_9
400,43,W,0,Male,clvr_cost_0.15_intro_0.2_9
401,44,W,0,Male,clvr_cost_0.15_intro_0.2_9
402,45,W,0,Male,clvr_cost_0.15_intro_0.2_9
403,46,W,0,Male,clvr_cost_0.15_intro_0.2_9
404,47,W,0,Male,clvr_cost_0.15_intro_0.2_9
405,48,W,0,Male,clvr_cost_0.15_intro_0.2_9
406,49,W,0,Male,clvr_cost_0.15_intro_0.2_9
407,50,W,0,Male,clvr_cost_0.15_intro_0.2_9
,Generation,Allele,Count,Sex,Run
0,0,C,0,Female,clvr_cost_0.15_intro_0.2_10
1,1,C,1232,Female,clvr_cost_0.15_intro_0.2_10
2,2,C,1681,Female,clvr_cost_0.15_intro_0.2_10
3,3,C,2249,Female,clvr_cost_0.15_intro_0.2_10
4,4,C,2931,Female,clvr_cost_0.15_intro_0.2_10
5,5,C,3801,Female,clvr_cost_0.15_intro_0.2_10
6,6,C,4639,Female,clvr_cost_0.15_intro_0.2_10
7,7,C,5800,Female,clvr_cost_0.15_intro_0.2_10
8,8,C,7042,Female,clvr_cost_0.15_intro_0.2_10
9,9,C,7856,Female,clvr_cost_0.15_intro_0.2_10
10,10,C,8022,Female,clvr_cost_0.15_intro_0.2_10
11,11,C,7942,Female,clvr_cost_0.15_intro_0.2_10
12,12,C,7858,Female,clvr_cost_0.15_intro_0.2_10
13,13,C,8006,Female,clvr_cost_0.15_intro_0.2_10
14,14,C,8380,Female,clvr_cost_0.15_intro_0.2_10
15,15,C,8120,Female,clvr_cost_0.15_intro_0.2_10
16,16,C,8112,Female,clvr_cost_0.15_intro_0.2_10
17,17,C,8204,Female,clvr_cost_0.15_intro_0.2_10
18,18,C,8264,Female,clvr_cost_0.15_intro_0.2_10
19,19,C,8190,Female,clvr_cost_0.15_intro_0.2_10
20,20,C,8182,Female,clvr_cost_0.15_intro_0.2_10
21,21,C,8058,Female,clvr_cost_0.15_intro_0.2_10
22,22,C,8114,Female,clvr_cost_0.15_intro_0.2_10
23,23,C,7984,Female,clvr_cost_0.15_intro_0.2_10
24,24,C,7954,Female,clvr_cost_0.15_intro_0.2_10
25,25,C,7876,Female,clvr_cost_0.15_intro_0.2_10
26,26,C,7998,Female,clvr_cost_0.15_intro_0.2_10
27,27,C,8256,Female,clvr_cost_0.15_intro_0.2_10
28,28,C,8066,Female,clvr_cost_0.15_intro_0.2_10
29,29,C,8044,Female,clvr_cost_0.15_intro_0.2_10
30,30,C,7934,Female,clvr_cost_0.15_intro_0.2_10
31,31,C,8166,Female,clvr_cost_0.15_intro_0.2_10
32,32,C,8326,Female,clvr_cost_0.15_intro_0.2_10
33,33,C,8166,Female,clvr_cost_0.15_intro_0.2_10
34,34,C,8200,Female,clvr_cost_0.15_intro_0.2_10
35,35,C,8194,Female,clvr_cost_0.15_intro_0.2_10
36,36,C,8356,Female,clvr_cost_0.15_intro_0.2_10
37,37,C,8118,Female,clvr_cost_0.15_intro_0.2_10
38,38,C,8046,Female,clvr_cost_0.15_intro_0.2_10
39,39,C,8010,Female,clvr_cost_0.15_intro_0.2_10
40,40,C,8148,Female,clvr_cost_0.15_intro_0.2_10
41,41,C,7740,Female,clvr_cost_0.15_intro_0.2_10
42,42,C,7618,Female,clvr_cost_0.15_intro_0.2_10
43,43,C,8114,Female,clvr_cost_0.15_intro_0.2_10
44,44,C,7900,Female,clvr_cost_0.15_intro_0.2_10
45,45,C,8014,Female,clvr_cost_0.15_intro_0.2_10
46,46,C,8144,Female,clvr_cost_0.15_intro_0.2_10
47,47,C,8124,Female,clvr_cost_0.15_intro_0.2_10
48,48,C,8062,Female,clvr_cost_0.15_intro_0.2_10
49,49,C,8012,Female,clvr_cost_0.15_intro_0.2_10
50,50,C,8024,Female,clvr_cost_0.15_intro_0.2_10
51,0,A,10000,Female,clvr_cost_0.15_intro_0.2_10
52,1,A,7372,Female,clvr_cost_0.15_intro_0.2_10
53,2,A,6563,Female,clvr_cost_0.15_intro_0.2_10
54,3,A,5395,Female,clvr_cost_0.15_intro_0.2_10
55,4,A,4251,Female,clvr_cost_0.15_intro_0.2_10
56,5,A,2869,Female,clvr_cost_0.15_intro_0.2_10
57,6,A,1345,Female,clvr_cost_0.15_intro_0.2_10
58,7,A,390,Female,clvr_cost_0.15_intro_0.2_10
59,8,A,84,Female,clvr_cost_0.15_intro_0.2_10
60,9,A,6,Female,clvr_cost_0.15_intro_0.2_10
61,10,A,0,Female,clvr_cost_0.15_intro_0.2_10
62,11,A,0,Female,clvr_cost_0.15_intro_0.2_10
63,12,A,0,Female,clvr_cost_0.15_intro_0.2_10
64,13,A,0,Female,clvr_cost_0.15_intro_0.2_10
65,14,A,0,Female,clvr_cost_0.15_intro_0.2_10
66,15,A,0,Female,clvr_cost_0.15_intro_0.2_10
67,16,A,0,Female,clvr_cost_0.15_intro_0.2_10
68,17,A,0,Female,clvr_cost_0.15_intro_0.2_10
69,18,A,0,Female,clvr_cost_0.15_intro_0.2_10
70,19,A,0,Female,clvr_cost_0.15_intro_0.2_10
71,20,A,0,Female,clvr_cost_0.15_intro_0.2_10
72,21,A,0,Female,clvr_cost_0.15_intro_0.2_10
73,22,A,0,Female,clvr_cost_0.15_intro_0.2_10
74,23,A,0,Female,clvr_cost_0.15_intro_0.2_10
75,24,A,0,Female,clvr_cost_0.15_intro_0.2_10
76,25,A,0,Female,clvr_cost_0.15_intro_0.2_10
77,26,A,0,Female,clvr_cost_0.15_intro_0.2_10
78,27,A,0,Female,clvr_cost_0.15_intro_0.2_10
79,28,A,0,Female,clvr_cost_0.15_intro_0.2_10
80,29,A,0,Female,clvr_cost_0.15_intro_0.2_10
81,30,A,0,Female,clvr_cost_0.15_intro_0.2_10
82,31,A,0,Female,clvr_cost_0.15_intro_0.2_10
83,32,A,0,Female,clvr_cost_0.15_intro_0.2_10
84,33,A,0,Female,clvr_cost_0.15_intro_0.2_10
85,34,A,0,Female,clvr_cost_0.15_intro_0.2_10
86,35,A,0,Female,clvr_cost_0.15_intro_0.2_10
87,36,A,0,Female,clvr_cost_0.15_intro_0.2_10
88,37,A,0,Female,clvr_cost_0.15_intro_0.2_10
89,38,A,0,Female,clvr_cost_0.15_intro_0.2_10
90,39,A,0,Female,clvr_cost_0.15_intro_0.2_10
91,40,A,0,Female,clvr_cost_0.15_intro_0.2_10
92,41,A,0,Female,clvr_cost_0.15_intro_0.2_10
93,42,A,0,Female,clvr_cost_0.15_intro_0.2_10
94,43,A,0,Female,clvr_cost_0.15_intro_0.2_10
95,44,A,0,Female,clvr_cost_0.15_intro_0.2_10
96,45,A,0,Female,clvr_cost_0.15_intro_0.2_10
97,46,A,0,Female,clvr_cost_0.15_intro_0.2_10
98,47,A,0,Female,clvr_cost_0.15_intro_0.2_10
99,48,A,0,Female,clvr_cost_0.15_intro_0.2_10
100,49,A,0,Female,clvr_cost_0.15_intro_0.2_10
101,50,A,0,Female,clvr_cost_0.15_intro_0.2_10
102,0,V,0,Female,clvr_cost_0.15_intro_0.2_10
103,1,V,1232,Female,clvr_cost_0.15_intro_0.2_10
104,2,V,1718,Female,clvr_cost_0.15_intro_0.2_10
105,3,V,2296,Female,clvr_cost_0.15_intro_0.2_10
106,4,V,3005,Female,clvr_cost_0.15_intro_0.2_10
107,5,V,3860,Female,clvr_cost_0.15_intro_0.2_10
108,6,V,4712,Female,clvr_cost_0.15_intro_0.2_10
109,7,V,5844,Female,clvr_cost_0.15_intro_0.2_10
110,8,V,7064,Female,clvr_cost_0.15_intro_0.2_10
111,9,V,7859,Female,clvr_cost_0.15_intro_0.2_10
112,10,V,8022,Female,clvr_cost_0.15_intro_0.2_10
113,11,V,7942,Female,clvr_cost_0.15_intro_0.2_10
114,12,V,7858,Female,clvr_cost_0.15_intro_0.2_10
115,13,V,8006,Female,clvr_cost_0.15_intro_0.2_10
116,14,V,8380,Female,clvr_cost_0.15_intro_0.2_10
117,15,V,8120,Female,clvr_cost_0.15_intro_0.2_10
118,16,V,8112,Female,clvr_cost_0.15_intro_0.2_10
119,17,V,8204,Female,clvr_cost_0.15_intro_0.2_10
120,18,V,8264,Female,clvr_cost_0.15_intro_0.2_10
121,19,V,8190,Female,clvr_cost_0.15_intro_0.2_10
122,20,V,8182,Female,clvr_cost_0.15_intro_0.2_10
123,21,V,8058,Female,clvr_cost_0.15_intro_0.2_10
124,22,V,8114,Female,clvr_cost_0.15_intro_0.2_10
125,23,V,7984,Female,clvr_cost_0.15_intro_0.2_10
126,24,V,7954,Female,clvr_cost_0.15_intro_0.2_10
127,25,V,7876,Female,clvr_cost_0.15_intro_0.2_10
128,26,V,7998,Female,clvr_cost_0.15_intro_0.2_10
129,27,V,8256,Female,clvr_cost_0.15_intro_0.2_10
130,28,V,8066,Female,clvr_cost_0.15_intro_0.2_10
131,29,V,8044,Female,clvr_cost_0.15_intro_0.2_10
132,30,V,7934,Female,clvr_cost_0.15_intro_0.2_10
133,31,V,8166,Female,clvr_cost_0.15_intro_0.2_10
134,32,V,8326,Female,clvr_cost_0.15_intro_0.2_10
135,33,V,8166,Female,clvr_cost_0.15_intro_0.2_10
136,34,V,8200,Female,clvr_cost_0.15_intro_0.2_10
137,35,V,8194,Female,clvr_cost_0.15_intro_0.2_10
138,36,V,8356,Female,clvr_cost_0.15_intro_0.2_10
139,37,V,8118,Female,clvr_cost_0.15_intro_0.2_10
140,38,V,8046,Female,clvr_cost_0.15_intro_0.2_10
141,39,V,8010,Female,clvr_cost_0.15_intro_0.2_10
142,40,V,8148,Female,clvr_cost_0.15_intro_0.2_10
143,41,V,7740,Female,clvr_cost_0.15_intro_0.2_10
144,42,V,7618,Female,clvr_cost_0.15_intro_0.2_10
145,43,V,8114,Female,clvr_cost_0.15_intro_0.2_10
146,44,V,7900,Female,clvr_cost_0.15_intro_0.2_10
147,45,V,8014,Female,clvr_cost_0.15_intro_0.2_10
148,46,V,8144,Female,clvr_cost_0.15_intro_0.2_10
149,47,V,8124,Female,clvr_cost_0.15_intro_0.2_10
150,48,V,8062,Female,clvr_cost_0.15_intro_0.2_10
151,49,V,8012,Female,clvr_cost_0.15_intro_0.2_10
152,50,V,8024,Female,clvr_cost_0.15_intro_0.2_10
153,0,W,10000,Female,clvr_cost_0.15_intro_0.2_10
154,1,W,7372,Female,clvr_cost_0.15_intro_0.2_10
155,2,W,6526,Female,clvr_cost_0.15_intro_0.2_10
156,3,W,5348,Female,clvr_cost_0.15_intro_0.2_10
157,4,W,4177,Female,clvr_cost_0.15_intro_0.2_10
158,5,W,2810,Female,clvr_cost_0.15_intro_0.2_10
159,6,W,1272,Female,clvr_cost_0.15_intro_0.2_10
160,7,W,346,Female,clvr_cost_0.15_intro_0.2_10
161,8,W,62,Female,clvr_cost_0.15_intro_0.2_10
162,9,W,3,Female,clvr_cost_0.15_intro_0.2_10
163,10,W,0,Female,clvr_cost_0.15_intro_0.2_10
164,11,W,0,Female,clvr_cost_0.15_intro_0.2_10
165,12,W,0,Female,clvr_cost_0.15_intro_0.2_10
166,13,W,0,Female,clvr_cost_0.15_intro_0.2_10
167,14,W,0,Female,clvr_cost_0.15_intro_0.2_10
168,15,W,0,Female,clvr_cost_0.15_intro_0.2_10
169,16,W,0,Female,clvr_cost_0.15_intro_0.2_10
170,17,W,0,Female,clvr_cost_0.15_intro_0.2_10
171,18,W,0,Female,clvr_cost_0.15_intro_0.2_10
172,19,W,0,Female,clvr_cost_0.15_intro_0.2_10
173,20,W,0,Female,clvr_cost_0.15_intro_0.2_10
174,21,W,0,Female,clvr_cost_0.15_intro_0.2_10
175,22,W,0,Female,clvr_cost_0.15_intro_0.2_10
176,23,W,0,Female,clvr_cost_0.15_intro_0.2_10
177,24,W,0,Female,clvr_cost_0.15_intro_0.2_10
178,25,W,0,Female,clvr_cost_0.15_intro_0.2_10
179,26,W,0,Female,clvr_cost_0.15_intro_0.2_10
180,27,W,0,Female,clvr_cost_0.15_intro_0.2_10
181,28,W,0,Female,clvr_cost_0.15_intro_0.2_10
182,29,W,0,Female,clvr_cost_0.15_intro_0.2_10
183,30,W,0,Female,clvr_cost_0.15_intro_0.2_10
184,31,W,0,Female,clvr_cost_0.15_intro_0.2_10
185,32,W,0,Female,clvr_cost_0.15_intro_0.2_10
186,33,W,0,Female,clvr_cost_0.15_intro_0.2_10
187,34,W,0,Female,clvr_cost_0.15_intro_0.2_10
188,35,W,0,Female,clvr_cost_0.15_intro_0.2_10
189,36,W,0,Female,clvr_cost_0.15_intro_0.2_10
190,37,W,0,Female,clvr_cost_0.15_intro_0.2_10
191,38,W,0,Female,clvr_cost_0.15_intro_0.2_10
192,39,W,0,Female,clvr_cost_0.15_intro_0.2_10
193,40,W,0,Female,clvr_cost_0.15_intro_0.2_10
194,41,W,0,Female,clvr_cost_0.15_intro_0.2_10
195,42,W,0,Female,clvr_cost_0.15_intro_0.2_10
196,43,W,0,Female,clvr_cost_0.15_intro_0.2_10
197,44,W,0,Female,clvr_cost_0.15_intro_0.2_10
198,45,W,0,Female,clvr_cost_0.15_intro_0.2_10
199,46,W,0,Female,clvr_cost_0.15_intro_0.2_10
200,47,W,0,Female,clvr_cost_0.15_intro_0.2_10
201,48,W,0,Female,clvr_cost_0.15_intro_0.2_10
202,49,W,0,Female,clvr_cost_0.15_intro_0.2_10
203,50,W,0,Female,clvr_cost_0.15_intro_0.2_10
204,0,C,4000,Male,clvr_cost_0.15_intro_0.2_10
205,1,C,1221,Male,clvr_cost_0.15_intro_0.2_10
206,2,C,1725,Male,clvr_cost_0.15_intro_0.2_10
207,3,C,2246,Male,clvr_cost_0.15_intro_0.2_10
208,4,C,2916,Male,clvr_cost_0.15_intro_0.2_10
209,5,C,3842,Male,clvr_cost_0.15_intro_0.2_10
210,6,C,4759,Male,clvr_cost_0.15_intro_0.2_10
211,7,C,5936,Male,clvr_cost_0.15_intro_0.2_10
212,8,C,7191,Male,clvr_cost_0.15_intro_0.2_10
213,9,C,7925,Male,clvr_cost_0.15_intro_0.2_10
214,10,C,8306,Male,clvr_cost_0.15_intro_0.2_10
215,11,C,8202,Male,clvr_cost_0.15_intro_0.2_10
216,12,C,8256,Male,clvr_cost_0.15_intro_0.2_10
217,13,C,8052,Male,clvr_cost_0.15_intro_0.2_10
218,14,C,8382,Male,clvr_cost_0.15_intro_0.2_10
219,15,C,8260,Male,clvr_cost_0.15_intro_0.2_10
220,16,C,8284,Male,clvr_cost_0.15_intro_0.2_10
221,17,C,8364,Male,clvr_cost_0.15_intro_0.2_10
222,18,C,8284,Male,clvr_cost_0.15_intro_0.2_10
223,19,C,8310,Male,clvr_cost_0.15_intro_0.2_10
224,20,C,8290,Male,clvr_cost_0.15_intro_0.2_10
225,21,C,8230,Male,clvr_cost_0.15_intro_0.2_10
226,22,C,8150,Male,clvr_cost_0.15_intro_0.2_10
227,23,C,8004,Male,clvr_cost_0.15_intro_0.2_10
228,24,C,8128,Male,clvr_cost_0.15_intro_0.2_10
229,25,C,7974,Male,clvr_cost_0.15_intro_0.2_10
230,26,C,7998,Male,clvr_cost_0.15_intro_0.2_10
231,27,C,8332,Male,clvr_cost_0.15_intro_0.2_10
232,28,C,8188,Male,clvr_cost_0.15_intro_0.2_10
233,29,C,8352,Male,clvr_cost_0.15_intro_0.2_10
234,30,C,8002,Male,clvr_cost_0.15_intro_0.2_10
235,31,C,8206,Male,clvr_cost_0.15_intro_0.2_10
236,32,C,8410,Male,clvr_cost_0.15_intro_0.2_10
237,33,C,8180,Male,clvr_cost_0.15_intro_0.2_10
238,34,C,8308,Male,clvr_cost_0.15_intro_0.2_10
239,35,C,8268,Male,clvr_cost_0.15_intro_0.2_10
240,36,C,8444,Male,clvr_cost_0.15_intro_0.2_10
241,37,C,8516,Male,clvr_cost_0.15_intro_0.2_10
242,38,C,8078,Male,clvr_cost_0.15_intro_0.2_10
243,39,C,8186,Male,clvr_cost_0.15_intro_0.2_10
244,40,C,8192,Male,clvr_cost_0.15_intro_0.2_10
245,41,C,8388,Male,clvr_cost_0.15_intro_0.2_10
246,42,C,7846,Male,clvr_cost_0.15_intro_0.2_10
247,43,C,8136,Male,clvr_cost_0.15_intro_0.2_10
248,44,C,8288,Male,clvr_cost_0.15_intro_0.2_10
249,45,C,8054,Male,clvr_cost_0.15_intro_0.2_10
250,46,C,8408,Male,clvr_cost_0.15_intro_0.2_10
251,47,C,8170,Male,clvr_cost_0.15_intro_0.2_10
252,48,C,8208,Male,clvr_cost_0.15_intro_0.2_10
253,49,C,8214,Male,clvr_cost_0.15_intro_0.2_10
254,50,C,8100,Male,clvr_cost_0.15_intro_0.2_10
255,0,A,10000,Male,clvr_cost_0.15_intro_0.2_10
256,1,A,7385,Male,clvr_cost_0.15_intro_0.2_10
257,2,A,6571,Male,clvr_cost_0.15_intro_0.2_10
258,3,A,5528,Male,clvr_cost_0.15_intro_0.2_10
259,4,A,4336,Male,clvr_cost_0.15_intro_0.2_10
260,5,A,2830,Male,clvr_cost_0.15_intro_0.2_10
261,6,A,1383,Male,clvr_cost_0.15_intro_0.2_10
262,7,A,402,Male,clvr_cost_0.15_intro_0.2_10
263,8,A,55,Male,clvr_cost_0.15_intro_0.2_10
264,9,A,5,Male,clvr_cost_0.15_intro_0.2_10
265,10,A,2,Male,clvr_cost_0.15_intro_0.2_10
266,11,A,0,Male,clvr_cost_0.15_intro_0.2_10
267,12,A,0,Male,clvr_cost_0.15_intro_0.2_10
268,13,A,0,Male,clvr_cost_0.15_intro_0.2_10
269,14,A,0,Male,clvr_cost_0.15_intro_0.2_10
270,15,A,0,Male,clvr_cost_0.15_intro_0.2_10
271,16,A,0,Male,clvr_cost_0.15_intro_0.2_10
272,17,A,0,Male,clvr_cost_0.15_intro_0.2_10
273,18,A,0,Male,clvr_cost_0.15_intro_0.2_10
274,19,A,0,Male,clvr_cost_0.15_intro_0.2_10
275,20,A,0,Male,clvr_cost_0.15_intro_0.2_10
276,21,A,0,Male,clvr_cost_0.15_intro_0.2_10
277,22,A,0,Male,clvr_cost_0.15_intro_0.2_10
278,23,A,0,Male,clvr_cost_0.15_intro_0.2_10
279,24,A,0,Male,clvr_cost_0.15_intro_0.2_10
280,25,A,0,Male,clvr_cost_0.15_intro_0.2_10
281,26,A,0,Male,clvr_cost_0.15_intro_0.2_10
282,27,A,0,Male,clvr_cost_0.15_intro_0.2_10
283,28,A,0,Male,clvr_cost_0.15_intro_0.2_10
284,29,A,0,Male,clvr_cost_0.15_intro_0.2_10
285,30,A,0,Male,clvr_cost_0.15_intro_0.2_10
286,31,A,0,Male,clvr_cost_0.15_intro_0.2_10
287,32,A,0,Male,clvr_cost_0.15_intro_0.2_10
288,33,A,0,Male,clvr_cost_0.15_intro_0.2_10
289,34,A,0,Male,clvr_cost_0.15_intro_0.2_10
290,35,A,0,Male,clvr_cost_0.15_intro_0.2_10
291,36,A,0,Male,clvr_cost_0.15_intro_0.2_10
292,37,A,0,Male,clvr_cost_0.15_intro_0.2_10
293,38,A,0,Male,clvr_cost_0.15_intro_0.2_10
294,39,A,0,Male,clvr_cost_0.15_intro_0.2_10
295,40,A,0,Male,clvr_cost_0.15_intro_0.2_10
296,41,A,0,Male,clvr_cost_0.15_intro_0.2_10
297,42,A,0,Male,clvr_cost_0.15_intro_0.2_10
298,43,A,0,Male,clvr_cost_0.15_intro_0.2_10
299,44,A,0,Male,clvr_cost_0.15_intro_0.2_10
300,45,A,0,Male,clvr_cost_0.15_intro_0.2_10
301,46,A,0,Male,clvr_cost_0.15_intro_0.2_10
302,47,A,0,Male,clvr_cost_0.15_intro_0.2_10
303,48,A,0,Male,clvr_cost_0.15_intro_0.2_10
304,49,A,0,Male,clvr_cost_0.15_intro_0.2_10
305,50,A,0,Male,clvr_cost_0.15_intro_0.2_10
306,0,V,4000,Male,clvr_cost_0.15_intro_0.2_10
307,1,V,1221,Male,clvr_cost_0.15_intro_0.2_10
308,2,V,1768,Male,clvr_cost_0.15_intro_0.2_10
309,3,V,2307,Male,clvr_cost_0.15_intro_0.2_10
310,4,V,2978,Male,clvr_cost_0.15_intro_0.2_10
311,5,V,3899,Male,clvr_cost_0.15_intro_0.2_10
312,6,V,4815,Male,clvr_cost_0.15_intro_0.2_10
313,7,V,5989,Male,clvr_cost_0.15_intro_0.2_10
314,8,V,7200,Male,clvr_cost_0.15_intro_0.2_10
315,9,V,7927,Male,clvr_cost_0.15_intro_0.2_10
316,10,V,8307,Male,clvr_cost_0.15_intro_0.2_10
317,11,V,8202,Male,clvr_cost_0.15_intro_0.2_10
318,12,V,8256,Male,clvr_cost_0.15_intro_0.2_10
319,13,V,8052,Male,clvr_cost_0.15_intro_0.2_10
320,14,V,8382,Male,clvr_cost_0.15_intro_0.2_10
321,15,V,8260,Male,clvr_cost_0.15_intro_0.2_10
322,16,V,8284,Male,clvr_cost_0.15_intro_0.2_10
323,17,V,8364,Male,clvr_cost_0.15_intro_0.2_10
324,18,V,8284,Male,clvr_cost_0.15_intro_0.2_10
325,19,V,8310,Male,clvr_cost_0.15_intro_0.2_10
326,20,V,8290,Male,clvr_cost_0.15_intro_0.2_10
327,21,V,8230,Male,clvr_cost_0.15_intro_0.2_10
328,22,V,8150,Male,clvr_cost_0.15_intro_0.2_10
329,23,V,8004,Male,clvr_cost_0.15_intro_0.2_10
330,24,V,8128,Male,clvr_cost_0.15_intro_0.2_10
331,25,V,7974,Male,clvr_cost_0.15_intro_0.2_10
332,26,V,7998,Male,clvr_cost_0.15_intro_0.2_10
333,27,V,8332,Male,clvr_cost_0.15_intro_0.2_10
334,28,V,8188,Male,clvr_cost_0.15_intro_0.2_10
335,29,V,8352,Male,clvr_cost_0.15_intro_0.2_10
336,30,V,8002,Male,clvr_cost_0.15_intro_0.2_10
337,31,V,8206,Male,clvr_cost_0.15_intro_0.2_10
338,32,V,8410,Male,clvr_cost_0.15_intro_0.2_10
339,33,V,8180,Male,clvr_cost_0.15_intro_0.2_10
340,34,V,8308,Male,clvr_cost_0.15_intro_0.2_10
341,35,V,8268,Male,clvr_cost_0.15_intro_0.2_10
342,36,V,8444,Male,clvr_cost_0.15_intro_0.2_10
343,37,V,8516,Male,clvr_cost_0.15_intro_0.2_10
344,38,V,8078,Male,clvr_cost_0.15_intro_0.2_10
345,39,V,8186,Male,clvr_cost_0.15_intro_0.2_10
346,40,V,8192,Male,clvr_cost_0.15_intro_0.2_10
347,41,V,8388,Male,clvr_cost_0.15_intro_0.2_10
348,42,V,7846,Male,clvr_cost_0.15_intro_0.2_10
349,43,V,8136,Male,clvr_cost_0.15_intro_0.2_10
350,44,V,8288,Male,clvr_cost_0.15_intro_0.2_10
351,45,V,8054,Male,clvr_cost_0.15_intro_0.2_10
352,46,V,8408,Male,clvr_cost_0.15_intro_0.2_10
353,47,V,8170,Male,clvr_cost_0.15_intro_0.2_10
354,48,V,8208,Male,clvr_cost_0.15_intro_0.2_10
355,49,V,8214,Male,clvr_cost_0.15_intro_0.2_10
356,50,V,8100,Male,clvr_cost_0.15_intro_0.2_10
357,0,W,10000,Male,clvr_cost_0.15_intro_0.2_10
358,1,W,7385,Male,clvr_cost_0.15_intro_0.2_10
359,2,W,6528,Male,clvr_cost_0.15_intro_0.2_10
360,3,W,5467,Male,clvr_cost_0.15_intro_0.2_10
361,4,W,4274,Male,clvr_cost_0.15_intro_0.2_10
362,5,W,2773,Male,clvr_cost_0.15_intro_0.2_10
363,6,W,1327,Male,clvr_cost_0.15_intro_0.2_10
364,7,W,349,Male,clvr_cost_0.15_intro_0.2_10
365,8,W,46,Male,clvr_cost_0.15_intro_0.2_10
366,9,W,3,Male,clvr_cost_0.15_intro_0.2_10
367,10,W,1,Male,clvr_cost_0.15_intro_0.2_10
368,11,W,0,Male,clvr_cost_0.15_intro_0.2_10
369,12,W,0,Male,clvr_cost_0.15_intro_0.2_10
370,13,W,0,Male,clvr_cost_0.15_intro_0.2_10
371,14,W,0,Male,clvr_cost_0.15_intro_0.2_10
372,15,W,0,Male,clvr_cost_0.15_intro_0.2_10
373,16,W,0,Male,clvr_cost_0.15_intro_0.2_10
374,17,W,0,Male,clvr_cost_0.15_intro_0.2_10
375,18,W,0,Male,clvr_cost_0.15_intro_0.2_10
376,19,W,0,Male,clvr_cost_0.15_intro_0.2_10
377,20,W,0,Male,clvr_cost_0.15_intro_0.2_10
378,21,W,0,Male,clvr_cost_0.15_intro_0.2_10
379,22,W,0,Male,clvr_cost_0.15_intro_0.2_10
380,23,W,0,Male,clvr_cost_0.15_intro_0.2_10
381,24,W,0,Male,clvr_cost_0.15_intro_0.2_10
382,25,W,0,Male,clvr_cost_0.15_intro_0.2_10
383,26,W,0,Male,clvr_cost_0.15_intro_0.2_10
384,27,W,0,Male,clvr_cost_0.15_intro_0.2_10
385,28,W,0,Male,clvr_cost_0.15_intro_0.2_10
386,29,W,0,Male,clvr_cost_0.15_intro_0.2_10
387,30,W,0,Male,clvr_cost_0.15_intro_0.2_10
388,31,W,0,Male,clvr_cost_0.15_intro_0.2_10
389,32,W,0,Male,clvr_cost_0.15_intro_0.2_10
390,33,W,0,Male,clvr_cost_0.15_intro_0.2_10
391,34,W,0,Male,clvr_cost_0.15_intro_0.2_10
392,35,W,0,Male,clvr_cost_0.15_intro_0.2_10
393,36,W,0,Male,clvr_cost_0.15_intro_0.2_10
394,37,W,0,Male,clvr_cost_0.15_intro_0.2_10
395,38,W,0,Male,clvr_cost_0.15_intro_0.2_10
396,39,W,0,Male,clvr_cost_0.15_intro_0.2_10
397,40,W,0,Male,clvr_cost_0.15_intro_0.2_10
398,41,W,0,Male,clvr_cost_0.15_intro_0.2_10
399,42,W,0,Male,clvr_cost_0.15_intro_0.2_10
400,43,W,0,Male,clvr_cost_0.15_intro_0.2_10
401,44,W,0,Male,clvr_cost_0.15_intro_0.2_10
402,45,W,0,Male,clvr_cost_0.15_intro_0.2_10
403,46,W,0,Male,clvr_cost_0.15_intro_0.2_10
404,47,W,0,Male,clvr_cost_0.15_intro_0.2_10
405,48,W,0,Male,clvr_cost_0.15_intro_0.2_10
406,49,W,0,Male,clvr_cost_0.15_intro_0.2_10
407,50,W,0,Male,clvr_cost_0.15_intro_0.2_10
,Generation,Allele,Count,Sex,Run
0,0,C,0,Female,clvr_cost_0.2_intro_0.2_1
1,1,C,1184,Female,clvr_cost_0.2_intro_0.2_1
2,2,C,1646,Female,clvr_cost_0.2_intro_0.2_1
3,3,C,2011,Female,clvr_cost_0.2_intro_0.2_1
4,4,C,2604,Female,clvr_cost_0.2_intro_0.2_1
5,5,C,3383,Female,clvr_cost_0.2_intro_0.2_1
6,6,C,4066,Female,clvr_cost_0.2_intro_0.2_1
7,7,C,5167,Female,clvr_cost_0.2_intro_0.2_1
8,8,C,6511,Female,clvr_cost_0.2_intro_0.2_1
9,9,C,7362,Female,clvr_cost_0.2_intro_0.2_1
10,10,C,7384,Female,clvr_cost_0.2_intro_0.2_1
11,11,C,7406,Female,clvr_cost_0.2_intro_0.2_1
12,12,C,7580,Female,clvr_cost_0.2_intro_0.2_1
13,13,C,7708,Female,clvr_cost_0.2_intro_0.2_1
14,14,C,7230,Female,clvr_cost_0.2_intro_0.2_1
15,15,C,7292,Female,clvr_cost_0.2_intro_0.2_1
16,16,C,7502,Female,clvr_cost_0.2_intro_0.2_1
17,17,C,7544,Female,clvr_cost_0.2_intro_0.2_1
18,18,C,7536,Female,clvr_cost_0.2_intro_0.2_1
19,19,C,7408,Female,clvr_cost_0.2_intro_0.2_1
20,20,C,7608,Female,clvr_cost_0.2_intro_0.2_1
21,21,C,7502,Female,clvr_cost_0.2_intro_0.2_1
22,22,C,7426,Female,clvr_cost_0.2_intro_0.2_1
23,23,C,7582,Female,clvr_cost_0.2_intro_0.2_1
24,24,C,7352,Female,clvr_cost_0.2_intro_0.2_1
25,25,C,7184,Female,clvr_cost_0.2_intro_0.2_1
26,26,C,7018,Female,clvr_cost_0.2_intro_0.2_1
27,27,C,7422,Female,clvr_cost_0.2_intro_0.2_1
28,28,C,7566,Female,clvr_cost_0.2_intro_0.2_1
29,29,C,7514,Female,clvr_cost_0.2_intro_0.2_1
30,30,C,7598,Female,clvr_cost_0.2_intro_0.2_1
31,31,C,7458,Female,clvr_cost_0.2_intro_0.2_1
32,32,C,7472,Female,clvr_cost_0.2_intro_0.2_1
33,33,C,7506,Female,clvr_cost_0.2_intro_0.2_1
34,34,C,7506,Female,clvr_cost_0.2_intro_0.2_1
35,35,C,7534,Female,clvr_cost_0.2_intro_0.2_1
36,36,C,7472,Female,clvr_cost_0.2_intro_0.2_1
37,37,C,7578,Female,clvr_cost_0.2_intro_0.2_1
38,38,C,7476,Female,clvr_cost_0.2_intro_0.2_1
39,39,C,7408,Female,clvr_cost_0.2_intro_0.2_1
40,40,C,7428,Female,clvr_cost_0.2_intro_0.2_1
41,41,C,7306,Female,clvr_cost_0.2_intro_0.2_1
42,42,C,7336,Female,clvr_cost_0.2_intro_0.2_1
43,43,C,7492,Female,clvr_cost_0.2_intro_0.2_1
44,44,C,7490,Female,clvr_cost_0.2_intro_0.2_1
45,45,C,7288,Female,clvr_cost_0.2_intro_0.2_1
46,46,C,7390,Female,clvr_cost_0.2_intro_0.2_1
47,47,C,7494,Female,clvr_cost_0.2_intro_0.2_1
48,48,C,7518,Female,clvr_cost_0.2_intro_0.2_1
49,49,C,7244,Female,clvr_cost_0.2_intro_0.2_1
50,50,C,7358,Female,clvr_cost_0.2_intro_0.2_1
51,0,A,10000,Female,clvr_cost_0.2_intro_0.2_1
52,1,A,7386,Female,clvr_cost_0.2_intro_0.2_1
53,2,A,6748,Female,clvr_cost_0.2_intro_0.2_1
54,3,A,5459,Female,clvr_cost_0.2_intro_0.2_1
55,4,A,4380,Female,clvr_cost_0.2_intro_0.2_1
56,5,A,3047,Female,clvr_cost_0.2_intro_0.2_1
57,6,A,1732,Female,clvr_cost_0.2_intro_0.2_1
58,7,A,699,Female,clvr_cost_0.2_intro_0.2_1
59,8,A,173,Female,clvr_cost_0.2_intro_0.2_1
60,9,A,24,Female,clvr_cost_0.2_intro_0.2_1
61,10,A,2,Female,clvr_cost_0.2_intro_0.2_1
62,11,A,0,Female,clvr_cost_0.2_intro_0.2_1
63,12,A,0,Female,clvr_cost_0.2_intro_0.2_1
64,13,A,0,Female,clvr_cost_0.2_intro_0.2_1
65,14,A,0,Female,clvr_cost_0.2_intro_0.2_1
66,15,A,0,Female,clvr_cost_0.2_intro_0.2_1
67,16,A,0,Female,clvr_cost_0.2_intro_0.2_1
68,17,A,0,Female,clvr_cost_0.2_intro_0.2_1
69,18,A,0,Female,clvr_cost_0.2_intro_0.2_1
70,19,A,0,Female,clvr_cost_0.2_intro_0.2_1
71,20,A,0,Female,clvr_cost_0.2_intro_0.2_1
72,21,A,0,Female,clvr_cost_0.2_intro_0.2_1
73,22,A,0,Female,clvr_cost_0.2_intro_0.2_1
74,23,A,0,Female,clvr_cost_0.2_intro_0.2_1
75,24,A,0,Female,clvr_cost_0.2_intro_0.2_1
76,25,A,0,Female,clvr_cost_0.2_intro_0.2_1
77,26,A,0,Female,clvr_cost_0.2_intro_0.2_1
78,27,A,0,Female,clvr_cost_0.2_intro_0.2_1
79,28,A,0,Female,clvr_cost_0.2_intro_0.2_1
80,29,A,0,Female,clvr_cost_0.2_intro_0.2_1
81,30,A,0,Female,clvr_cost_0.2_intro_0.2_1
82,31,A,0,Female,clvr_cost_0.2_intro_0.2_1
83,32,A,0,Female,clvr_cost_0.2_intro_0.2_1
84,33,A,0,Female,clvr_cost_0.2_intro_0.2_1
85,34,A,0,Female,clvr_cost_0.2_intro_0.2_1
86,35,A,0,Female,clvr_cost_0.2_intro_0.2_1
87,36,A,0,Female,clvr_cost_0.2_intro_0.2_1
88,37,A,0,Female,clvr_cost_0.2_intro_0.2_1
89,38,A,0,Female,clvr_cost_0.2_intro_0.2_1
90,39,A,0,Female,clvr_cost_0.2_intro_0.2_1
91,40,A,0,Female,clvr_cost_0.2_intro_0.2_1
92,41,A,0,Female,clvr_cost_0.2_intro_0.2_1
93,42,A,0,Female,clvr_cost_0.2_intro_0.2_1
94,43,A,0,Female,clvr_cost_0.2_intro_0.2_1
95,44,A,0,Female,clvr_cost_0.2_intro_0.2_1
96,45,A,0,Female,clvr_cost_0.2_intro_0.2_1
97,46,A,0,Female,clvr_cost_0.2_intro_0.2_1
98,47,A,0,Female,clvr_cost_0.2_intro_0.2_1
99,48,A,0,Female,clvr_cost_0.2_intro_0.2_1
100,49,A,0,Female,clvr_cost_0.2_intro_0.2_1
101,50,A,0,Female,clvr_cost_0.2_intro_0.2_1
102,0,V,0,Female,clvr_cost_0.2_intro_0.2_1
103,1,V,1184,Female,clvr_cost_0.2_intro_0.2_1
104,2,V,1694,Female,clvr_cost_0.2_intro_0.2_1
105,3,V,2069,Female,clvr_cost_0.2_intro_0.2_1
106,4,V,2671,Female,clvr_cost_0.2_intro_0.2_1
107,5,V,3447,Female,clvr_cost_0.2_intro_0.2_1
108,6,V,4133,Female,clvr_cost_0.2_intro_0.2_1
109,7,V,5224,Female,clvr_cost_0.2_intro_0.2_1
110,8,V,6544,Female,clvr_cost_0.2_intro_0.2_1
111,9,V,7368,Female,clvr_cost_0.2_intro_0.2_1
112,10,V,7386,Female,clvr_cost_0.2_intro_0.2_1
113,11,V,7406,Female,clvr_cost_0.2_intro_0.2_1
114,12,V,7580,Female,clvr_cost_0.2_intro_0.2_1
115,13,V,7708,Female,clvr_cost_0.2_intro_0.2_1
116,14,V,7230,Female,clvr_cost_0.2_intro_0.2_1
117,15,V,7292,Female,clvr_cost_0.2_intro_0.2_1
118,16,V,7502,Female,clvr_cost_0.2_intro_0.2_1
119,17,V,7544,Female,clvr_cost_0.2_intro_0.2_1
120,18,V,7536,Female,clvr_cost_0.2_intro_0.2_1
121,19,V,7408,Female,clvr_cost_0.2_intro_0.2_1
122,20,V,7608,Female,clvr_cost_0.2_intro_0.2_1
123,21,V,7502,Female,clvr_cost_0.2_intro_0.2_1
124,22,V,7426,Female,clvr_cost_0.2_intro_0.2_1
125,23,V,7582,Female,clvr_cost_0.2_intro_0.2_1
126,24,V,7352,Female,clvr_cost_0.2_intro_0.2_1
127,25,V,7184,Female,clvr_cost_0.2_intro_0.2_1
128,26,V,7018,Female,clvr_cost_0.2_intro_0.2_1
129,27,V,7422,Female,clvr_cost_0.2_intro_0.2_1
130,28,V,7566,Female,clvr_cost_0.2_intro_0.2_1
131,29,V,7514,Female,clvr_cost_0.2_intro_0.2_1
132,30,V,7598,Female,clvr_cost_0.2_intro_0.2_1
133,31,V,7458,Female,clvr_cost_0.2_intro_0.2_1
134,32,V,7472,Female,clvr_cost_0.2_intro_0.2_1
135,33,V,7506,Female,clvr_cost_0.2_intro_0.2_1
136,34,V,7506,Female,clvr_cost_0.2_intro_0.2_1
137,35,V,7534,Female,clvr_cost_0.2_intro_0.2_1
138,36,V,7472,Female,clvr_cost_0.2_intro_0.2_1
139,37,V,7578,Female,clvr_cost_0.2_intro_0.2_1
140,38,V,7476,Female,clvr_cost_0.2_intro_0.2_1
141,39,V,7408,Female,clvr_cost_0.2_intro_0.2_1
142,40,V,7428,Female,clvr_cost_0.2_intro_0.2_1
143,41,V,7306,Female,clvr_cost_0.2_intro_0.2_1
144,42,V,7336,Female,clvr_cost_0.2_intro_0.2_1
145,43,V,7492,Female,clvr_cost_0.2_intro_0.2_1
146,44,V,7490,Female,clvr_cost_0.2_intro_0.2_1
147,45,V,7288,Female,clvr_cost_0.2_intro_0.2_1
148,46,V,7390,Female,clvr_cost_0.2_intro_0.2_1
149,47,V,7494,Female,clvr_cost_0.2_intro_0.2_1
150,48,V,7518,Female,clvr_cost_0.2_intro_0.2_1
151,49,V,7244,Female,clvr_cost_0.2_intro_0.2_1
152,50,V,7358,Female,clvr_cost_0.2_intro_0.2_1
153,0,W,10000,Female,clvr_cost_0.2_intro_0.2_1
154,1,W,7386,Female,clvr_cost_0.2_intro_0.2_1
155,2,W,6700,Female,clvr_cost_0.2_intro_0.2_1
156,3,W,5401,Female,clvr_cost_0.2_intro_0.2_1
157,4,W,4313,Female,clvr_cost_0.2_intro_0.2_1
158,5,W,2983,Female,clvr_cost_0.2_intro_0.2_1
159,6,W,1665,Female,clvr_cost_0.2_intro_0.2_1
160,7,W,642,Female,clvr_cost_0.2_intro_0.2_1
161,8,W,140,Female,clvr_cost_0.2_intro_0.2_1
162,9,W,18,Female,clvr_cost_0.2_intro_0.2_1
163,10,W,0,Female,clvr_cost_0.2_intro_0.2_1
164,11,W,0,Female,clvr_cost_0.2_intro_0.2_1
165,12,W,0,Female,clvr_cost_0.2_intro_0.2_1
166,13,W,0,Female,clvr_cost_0.2_intro_0.2_1
167,14,W,0,Female,clvr_cost_0.2_intro_0.2_1
168,15,W,0,Female,clvr_cost_0.2_intro_0.2_1
169,16,W,0,Female,clvr_cost_0.2_intro_0.2_1
170,17,W,0,Female,clvr_cost_0.2_intro_0.2_1
171,18,W,0,Female,clvr_cost_0.2_intro_0.2_1
172,19,W,0,Female,clvr_cost_0.2_intro_0.2_1
173,20,W,0,Female,clvr_cost_0.2_intro_0.2_1
174,21,W,0,Female,clvr_cost_0.2_intro_0.2_1
175,22,W,0,Female,clvr_cost_0.2_intro_0.2_1
176,23,W,0,Female,clvr_cost_0.2_intro_0.2_1
177,24,W,0,Female,clvr_cost_0.2_intro_0.2_1
178,25,W,0,Female,clvr_cost_0.2_intro_0.2_1
179,26,W,0,Female,clvr_cost_0.2_intro_0.2_1
180,27,W,0,Female,clvr_cost_0.2_intro_0.2_1
181,28,W,0,Female,clvr_cost_0.2_intro_0.2_1
182,29,W,0,Female,clvr_cost_0.2_intro_0.2_1
183,30,W,0,Female,clvr_cost_0.2_intro_0.2_1
184,31,W,0,Female,clvr_cost_0.2_intro_0.2_1
185,32,W,0,Female,clvr_cost_0.2_intro_0.2_1
186,33,W,0,Female,clvr_cost_0.2_intro_0.2_1
187,34,W,0,Female,clvr_cost_0.2_intro_0.2_1
188,35,W,0,Female,clvr_cost_0.2_intro_0.2_1
189,36,W,0,Female,clvr_cost_0.2_intro_0.2_1
190,37,W,0,Female,clvr_cost_0.2_intro_0.2_1
191,38,W,0,Female,clvr_cost_0.2_intro_0.2_1
192,39,W,0,Female,clvr_cost_0.2_intro_0.2_1
193,40,W,0,Female,clvr_cost_0.2_intro_0.2_1
194,41,W,0,Female,clvr_cost_0.2_intro_0.2_1
195,42,W,0,Female,clvr_cost_0.2_intro_0.2_1
196,43,W,0,Female,clvr_cost_0.2_intro_0.2_1
197,44,W,0,Female,clvr_cost_0.2_intro_0.2_1
198,45,W,0,Female,clvr_cost_0.2_intro_0.2_1
199,46,W,0,Female,clvr_cost_0.2_intro_0.2_1
200,47,W,0,Female,clvr_cost_0.2_intro_0.2_1
201,48,W,0,Female,clvr_cost_0.2_intro_0.2_1
202,49,W,0,Female,clvr_cost_0.2_intro_0.2_1
203,50,W,0,Female,clvr_cost_0.2_intro_0.2_1
204,0,C,4000,Male,clvr_cost_0.2_intro_0.2_1
205,1,C,1204,Male,clvr_cost_0.2_intro_0.2_1
206,2,C,1618,Male,clvr_cost_0.2_intro_0.2_1
207,3,C,2015,Male,clvr_cost_0.2_intro_0.2_1
208,4,C,2761,Male,clvr_cost_0.2_intro_0.2_1
209,5,C,3393,Male,clvr_cost_0.2_intro_0.2_1
210,6,C,4181,Male,clvr_cost_0.2_intro_0.2_1
211,7,C,5167,Male,clvr_cost_0.2_intro_0.2_1
212,8,C,6632,Male,clvr_cost_0.2_intro_0.2_1
213,9,C,7534,Male,clvr_cost_0.2_intro_0.2_1
214,10,C,7411,Male,clvr_cost_0.2_intro_0.2_1
215,11,C,7582,Male,clvr_cost_0.2_intro_0.2_1
216,12,C,7706,Male,clvr_cost_0.2_intro_0.2_1
217,13,C,7746,Male,clvr_cost_0.2_intro_0.2_1
218,14,C,7738,Male,clvr_cost_0.2_intro_0.2_1
219,15,C,7334,Male,clvr_cost_0.2_intro_0.2_1
220,16,C,7726,Male,clvr_cost_0.2_intro_0.2_1
221,17,C,7614,Male,clvr_cost_0.2_intro_0.2_1
222,18,C,7650,Male,clvr_cost_0.2_intro_0.2_1
223,19,C,7538,Male,clvr_cost_0.2_intro_0.2_1
224,20,C,7722,Male,clvr_cost_0.2_intro_0.2_1
225,21,C,7700,Male,clvr_cost_0.2_intro_0.2_1
226,22,C,7464,Male,clvr_cost_0.2_intro_0.2_1
227,23,C,7760,Male,clvr_cost_0.2_intro_0.2_1
228,24,C,7660,Male,clvr_cost_0.2_intro_0.2_1
229,25,C,7444,Male,clvr_cost_0.2_intro_0.2_1
230,26,C,7318,Male,clvr_cost_0.2_intro_0.2_1
231,27,C,7582,Male,clvr_cost_0.2_intro_0.2_1
232,28,C,7816,Male,clvr_cost_0.2_intro_0.2_1
233,29,C,7578,Male,clvr_cost_0.2_intro_0.2_1
234,30,C,7620,Male,clvr_cost_0.2_intro_0.2_1
235,31,C,7744,Male,clvr_cost_0.2_intro_0.2_1
236,32,C,7526,Male,clvr_cost_0.2_intro_0.2_1
237,33,C,7534,Male,clvr_cost_0.2_intro_0.2_1
238,34,C,7548,Male,clvr_cost_0.2_intro_0.2_1
239,35,C,7684,Male,clvr_cost_0.2_intro_0.2_1
240,36,C,7580,Male,clvr_cost_0.2_intro_0.2_1
241,37,C,7628,Male,clvr_cost_0.2_intro_0.2_1
242,38,C,7694,Male,clvr_cost_0.2_intro_0.2_1
243,39,C,7652,Male,clvr_cost_0.2_intro_0.2_1
244,40,C,7496,Male,clvr_cost_0.2_intro_0.2_1
245,41,C,7382,Male,clvr_cost_0.2_intro_0.2_1
246,42,C,7542,Male,clvr_cost_0.2_intro_0.2_1
247,43,C,7578,Male,clvr_cost_0.2_intro_0.2_1
248,44,C,7714,Male,clvr_cost_0.2_intro_0.2_1
249,45,C,7464,Male,clvr_cost_0.2_intro_0.2_1
250,46,C,7536,Male,clvr_cost_0.2_intro_0.2_1
251,47,C,7510,Male,clvr_cost_0.2_intro_0.2_1
252,48,C,7622,Male,clvr_cost_0.2_intro_0.2_1
253,49,C,7700,Male,clvr_cost_0.2_intro_0.2_1
254,50,C,7404,Male,clvr_cost_0.2_intro_0.2_1
255,0,A,10000,Male,clvr_cost_0.2_intro_0.2_1
256,1,A,7366,Male,clvr_cost_0.2_intro_0.2_1
257,2,A,6814,Male,clvr_cost_0.2_intro_0.2_1
258,3,A,5521,Male,clvr_cost_0.2_intro_0.2_1
259,4,A,4443,Male,clvr_cost_0.2_intro_0.2_1
260,5,A,3147,Male,clvr_cost_0.2_intro_0.2_1
261,6,A,1737,Male,clvr_cost_0.2_intro_0.2_1
262,7,A,785,Male,clvr_cost_0.2_intro_0.2_1
263,8,A,170,Male,clvr_cost_0.2_intro_0.2_1
264,9,A,28,Male,clvr_cost_0.2_intro_0.2_1
265,10,A,1,Male,clvr_cost_0.2_intro_0.2_1
266,11,A,0,Male,clvr_cost_0.2_intro_0.2_1
267,12,A,0,Male,clvr_cost_0.2_intro_0.2_1
268,13,A,0,Male,clvr_cost_0.2_intro_0.2_1
269,14,A,0,Male,clvr_cost_0.2_intro_0.2_1
270,15,A,0,Male,clvr_cost_0.2_intro_0.2_1
271,16,A,0,Male,clvr_cost_0.2_intro_0.2_1
272,17,A,0,Male,clvr_cost_0.2_intro_0.2_1
273,18,A,0,Male,clvr_cost_0.2_intro_0.2_1
274,19,A,0,Male,clvr_cost_0.2_intro_0.2_1
275,20,A,0,Male,clvr_cost_0.2_intro_0.2_1
276,21,A,0,Male,clvr_cost_0.2_intro_0.2_1
277,22,A,0,Male,clvr_cost_0.2_intro_0.2_1
278,23,A,0,Male,clvr_cost_0.2_intro_0.2_1
279,24,A,0,Male,clvr_cost_0.2_intro_0.2_1
280,25,A,0,Male,clvr_cost_0.2_intro_0.2_1
281,26,A,0,Male,clvr_cost_0.2_intro_0.2_1
282,27,A,0,Male,clvr_cost_0.2_intro_0.2_1
283,28,A,0,Male,clvr_cost_0.2_intro_0.2_1
284,29,A,0,Male,clvr_cost_0.2_intro_0.2_1
285,30,A,0,Male,clvr_cost_0.2_intro_0.2_1
286,31,A,0,Male,clvr_cost_0.2_intro_0.2_1
287,32,A,0,Male,clvr_cost_0.2_intro_0.2_1
288,33,A,0,Male,clvr_cost_0.2_intro_0.2_1
289,34,A,0,Male,clvr_cost_0.2_intro_0.2_1
290,35,A,0,Male,clvr_cost_0.2_intro_0.2_1
291,36,A,0,Male,clvr_cost_0.2_intro_0.2_1
292,37,A,0,Male,clvr_cost_0.2_intro_0.2_1
293,38,A,0,Male,clvr_cost_0.2_intro_0.2_1
294,39,A,0,Male,clvr_cost_0.2_intro_0.2_1
295,40,A,0,Male,clvr_cost_0.2_intro_0.2_1
296,41,A,0,Male,clvr_cost_0.2_intro_0.2_1
297,42,A,0,Male,clvr_cost_0.2_intro_0.2_1
298,43,A,0,Male,clvr_cost_0.2_intro_0.2_1
299,44,A,0,Male,clvr_cost_0.2_intro_0.2_1
300,45,A,0,Male,clvr_cost_0.2_intro_0.2_1
301,46,A,0,Male,clvr_cost_0.2_intro_0.2_1
302,47,A,0,Male,clvr_cost_0.2_intro_0.2_1
303,48,A,0,Male,clvr_cost_0.2_intro_0.2_1
304,49,A,0,Male,clvr_cost_0.2_intro_0.2_1
305,50,A,0,Male,clvr_cost_0.2_intro_0.2_1
306,0,V,4000,Male,clvr_cost_0.2_intro_0.2_1
307,1,V,1204,Male,clvr_cost_0.2_intro_0.2_1
308,2,V,1661,Male,clvr_cost_0.2_intro_0.2_1
309,3,V,2073,Male,clvr_cost_0.2_intro_0.2_1
310,4,V,2818,Male,clvr_cost_0.2_intro_0.2_1
311,5,V,3461,Male,clvr_cost_0.2_intro_0.2_1
312,6,V,4232,Male,clvr_cost_0.2_intro_0.2_1
313,7,V,5218,Male,clvr_cost_0.2_intro_0.2_1
314,8,V,6661,Male,clvr_cost_0.2_intro_0.2_1
315,9,V,7548,Male,clvr_cost_0.2_intro_0.2_1
316,10,V,7412,Male,clvr_cost_0.2_intro_0.2_1
317,11,V,7582,Male,clvr_cost_0.2_intro_0.2_1
318,12,V,7706,Male,clvr_cost_0.2_intro_0.2_1
319,13,V,7746,Male,clvr_cost_0.2_intro_0.2_1
320,14,V,7738,Male,clvr_cost_0.2_intro_0.2_1
321,15,V,7334,Male,clvr_cost_0.2_intro_0.2_1
322,16,V,7726,Male,clvr_cost_0.2_intro_0.2_1
323,17,V,7614,Male,clvr_cost_0.2_intro_0.2_1
324,18,V,7650,Male,clvr_cost_0.2_intro_0.2_1
325,19,V,7538,Male,clvr_cost_0.2_intro_0.2_1
326,20,V,7722,Male,clvr_cost_0.2_intro_0.2_1
327,21,V,7700,Male,clvr_cost_0.2_intro_0.2_1
328,22,V,7464,Male,clvr_cost_0.2_intro_0.2_1
329,23,V,7760,Male,clvr_cost_0.2_intro_0.2_1
330,24,V,7660,Male,clvr_cost_0.2_intro_0.2_1
331,25,V,7444,Male,clvr_cost_0.2_intro_0.2_1
332,26,V,7318,Male,clvr_cost_0.2_intro_0.2_1
333,27,V,7582,Male,clvr_cost_0.2_intro_0.2_1
334,28,V,7816,Male,clvr_cost_0.2_intro_0.2_1
335,29,V,7578,Male,clvr_cost_0.2_intro_0.2_1
336,30,V,7620,Male,clvr_cost_0.2_intro_0.2_1
337,31,V,7744,Male,clvr_cost_0.2_intro_0.2_1
338,32,V,7526,Male,clvr_cost_0.2_intro_0.2_1
339,33,V,7534,Male,clvr_cost_0.2_intro_0.2_1
340,34,V,7548,Male,clvr_cost_0.2_intro_0.2_1
341,35,V,7684,Male,clvr_cost_0.2_intro_0.2_1
342,36,V,7580,Male,clvr_cost_0.2_intro_0.2_1
343,37,V,7628,Male,clvr_cost_0.2_intro_0.2_1
344,38,V,7694,Male,clvr_cost_0.2_intro_0.2_1
345,39,V,7652,Male,clvr_cost_0.2_intro_0.2_1
346,40,V,7496,Male,clvr_cost_0.2_intro_0.2_1
347,41,V,7382,Male,clvr_cost_0.2_intro_0.2_1
348,42,V,7542,Male,clvr_cost_0.2_intro_0.2_1
349,43,V,7578,Male,clvr_cost_0.2_intro_0.2_1
350,44,V,7714,Male,clvr_cost_0.2_intro_0.2_1
351,45,V,7464,Male,clvr_cost_0.2_intro_0.2_1
352,46,V,7536,Male,clvr_cost_0.2_intro_0.2_1
353,47,V,7510,Male,clvr_cost_0.2_intro_0.2_1
354,48,V,7622,Male,clvr_cost_0.2_intro_0.2_1
355,49,V,7700,Male,clvr_cost_0.2_intro_0.2_1
356,50,V,7404,Male,clvr_cost_0.2_intro_0.2_1
357,0,W,10000,Male,clvr_cost_0.2_intro_0.2_1
358,1,W,7366,Male,clvr_cost_0.2_intro_0.2_1
359,2,W,6771,Male,clvr_cost_0.2_intro_0.2_1
360,3,W,5463,Male,clvr_cost_0.2_intro_0.2_1
361,4,W,4386,Male,clvr_cost_0.2_intro_0.2_1
362,5,W,3079,Male,clvr_cost_0.2_intro_0.2_1
363,6,W,1686,Male,clvr_cost_0.2_intro_0.2_1
364,7,W,734,Male,clvr_cost_0.2_intro_0.2_1
365,8,W,141,Male,clvr_cost_0.2_intro_0.2_1
366,9,W,14,Male,clvr_cost_0.2_intro_0.2_1
367,10,W,0,Male,clvr_cost_0.2_intro_0.2_1
368,11,W,0,Male,clvr_cost_0.2_intro_0.2_1
369,12,W,0,Male,clvr_cost_0.2_intro_0.2_1
370,13,W,0,Male,clvr_cost_0.2_intro_0.2_1
371,14,W,0,Male,clvr_cost_0.2_intro_0.2_1
372,15,W,0,Male,clvr_cost_0.2_intro_0.2_1
373,16,W,0,Male,clvr_cost_0.2_intro_0.2_1
374,17,W,0,Male,clvr_cost_0.2_intro_0.2_1
375,18,W,0,Male,clvr_cost_0.2_intro_0.2_1
376,19,W,0,Male,clvr_cost_0.2_intro_0.2_1
377,20,W,0,Male,clvr_cost_0.2_intro_0.2_1
378,21,W,0,Male,clvr_cost_0.2_intro_0.2_1
379,22,W,0,Male,clvr_cost_0.2_intro_0.2_1
380,23,W,0,Male,clvr_cost_0.2_intro_0.2_1
381,24,W,0,Male,clvr_cost_0.2_intro_0.2_1
382,25,W,0,Male,clvr_cost_0.2_intro_0.2_1
383,26,W,0,Male,clvr_cost_0.2_intro_0.2_1
384,27,W,0,Male,clvr_cost_0.2_intro_0.2_1
385,28,W,0,Male,clvr_cost_0.2_intro_0.2_1
386,29,W,0,Male,clvr_cost_0.2_intro_0.2_1
387,30,W,0,Male,clvr_cost_0.2_intro_0.2_1
388,31,W,0,Male,clvr_cost_0.2_intro_0.2_1
389,32,W,0,Male,clvr_cost_0.2_intro_0.2_1
390,33,W,0,Male,clvr_cost_0.2_intro_0.2_1
391,34,W,0,Male,clvr_cost_0.2_intro_0.2_1
392,35,W,0,Male,clvr_cost_0.2_intro_0.2_1
393,36,W,0,Male,clvr_cost_0.2_intro_0.2_1
394,37,W,0,Male,clvr_cost_0.2_intro_0.2_1
395,38,W,0,Male,clvr_cost_0.2_intro_0.2_1
396,39,W,0,Male,clvr_cost_0.2_intro_0.2_1
397,40,W,0,Male,clvr_cost_0.2_intro_0.2_1
398,41,W,0,Male,clvr_cost_0.2_intro_0.2_1
399,42,W,0,Male,clvr_cost_0.2_intro_0.2_1
400,43,W,0,Male,clvr_cost_0.2_intro_0.2_1
401,44,W,0,Male,clvr_cost_0.2_intro_0.2_1
402,45,W,0,Male,clvr_cost_0.2_intro_0.2_1
403,46,W,0,Male,clvr_cost_0.2_intro_0.2_1
404,47,W,0,Male,clvr_cost_0.2_intro_0.2_1
405,48,W,0,Male,clvr_cost_0.2_intro_0.2_1
406,49,W,0,Male,clvr_cost_0.2_intro_0.2_1
407,50,W,0,Male,clvr_cost_0.2_intro_0.2_1
,Generation,Allele,Count,Sex,Run
0,0,C,0,Female,clvr_cost_0.2_intro_0.2_2
1,1,C,1226,Female,clvr_cost_0.2_intro_0.2_2
2,2,C,1756,Female,clvr_cost_0.2_intro_0.2_2
3,3,C,2264,Female,clvr_cost_0.2_intro_0.2_2
4,4,C,2767,Female,clvr_cost_0.2_intro_0.2_2
5,5,C,3272,Female,clvr_cost_0.2_intro_0.2_2
6,6,C,4043,Female,clvr_cost_0.2_intro_0.2_2
7,7,C,5236,Female,clvr_cost_0.2_intro_0.2_2
8,8,C,6415,Female,clvr_cost_0.2_intro_0.2_2
9,9,C,7292,Female,clvr_cost_0.2_intro_0.2_2
10,10,C,7431,Female,clvr_cost_0.2_intro_0.2_2
11,11,C,7354,Female,clvr_cost_0.2_intro_0.2_2
12,12,C,7468,Female,clvr_cost_0.2_intro_0.2_2
13,13,C,7480,Female,clvr_cost_0.2_intro_0.2_2
14,14,C,7424,Female,clvr_cost_0.2_intro_0.2_2
15,15,C,7596,Female,clvr_cost_0.2_intro_0.2_2
16,16,C,7378,Female,clvr_cost_0.2_intro_0.2_2
17,17,C,7554,Female,clvr_cost_0.2_intro_0.2_2
18,18,C,7454,Female,clvr_cost_0.2_intro_0.2_2
19,19,C,7484,Female,clvr_cost_0.2_intro_0.2_2
20,20,C,7564,Female,clvr_cost_0.2_intro_0.2_2
21,21,C,7496,Female,clvr_cost_0.2_intro_0.2_2
22,22,C,7620,Female,clvr_cost_0.2_intro_0.2_2
23,23,C,7252,Female,clvr_cost_0.2_intro_0.2_2
24,24,C,7288,Female,clvr_cost_0.2_intro_0.2_2
25,25,C,7326,Female,clvr_cost_0.2_intro_0.2_2
26,26,C,7558,Female,clvr_cost_0.2_intro_0.2_2
27,27,C,7528,Female,clvr_cost_0.2_intro_0.2_2
28,28,C,7382,Female,clvr_cost_0.2_intro_0.2_2
29,29,C,7540,Female,clvr_cost_0.2_intro_0.2_2
30,30,C,7634,Female,clvr_cost_0.2_intro_0.2_2
31,31,C,7640,Female,clvr_cost_0.2_intro_0.2_2
32,32,C,7512,Female,clvr_cost_0.2_intro_0.2_2
33,33,C,7776,Female,clvr_cost_0.2_intro_0.2_2
34,34,C,7686,Female,clvr_cost_0.2_intro_0.2_2
35,35,C,7632,Female,clvr_cost_0.2_intro_0.2_2
36,36,C,7286,Female,clvr_cost_0.2_intro_0.2_2
37,37,C,7410,Female,clvr_cost_0.2_intro_0.2_2
38,38,C,7838,Female,clvr_cost_0.2_intro_0.2_2
39,39,C,7592,Female,clvr_cost_0.2_intro_0.2_2
40,40,C,7636,Female,clvr_cost_0.2_intro_0.2_2
41,41,C,7684,Female,clvr_cost_0.2_intro_0.2_2
42,42,C,7732,Female,clvr_cost_0.2_intro_0.2_2
43,43,C,7718,Female,clvr_cost_0.2_intro_0.2_2
44,44,C,7710,Female,clvr_cost_0.2_intro_0.2_2
45,45,C,7538,Female,clvr_cost_0.2_intro_0.2_2
46,46,C,7362,Female,clvr_cost_0.2_intro_0.2_2
47,47,C,7556,Female,clvr_cost_0.2_intro_0.2_2
48,48,C,7424,Female,clvr_cost_0.2_intro_0.2_2
49,49,C,7592,Female,clvr_cost_0.2_intro_0.2_2
50,50,C,7514,Female,clvr_cost_0.2_intro_0.2_2
51,0,A,10000,Female,clvr_cost_0.2_intro_0.2_2
52,1,A,7378,Female,clvr_cost_0.2_intro_0.2_2
53,2,A,6596,Female,clvr_cost_0.2_intro_0.2_2
54,3,A,5360,Female,clvr_cost_0.2_intro_0.2_2
55,4,A,4125,Female,clvr_cost_0.2_intro_0.2_2
56,5,A,2828,Female,clvr_cost_0.2_intro_0.2_2
57,6,A,1665,Female,clvr_cost_0.2_intro_0.2_2
58,7,A,608,Female,clvr_cost_0.2_intro_0.2_2
59,8,A,105,Female,clvr_cost_0.2_intro_0.2_2
60,9,A,12,Female,clvr_cost_0.2_intro_0.2_2
61,10,A,3,Female,clvr_cost_0.2_intro_0.2_2
62,11,A,0,Female,clvr_cost_0.2_intro_0.2_2
63,12,A,0,Female,clvr_cost_0.2_intro_0.2_2
64,13,A,0,Female,clvr_cost_0.2_intro_0.2_2
65,14,A,0,Female,clvr_cost_0.2_intro_0.2_2
66,15,A,0,Female,clvr_cost_0.2_intro_0.2_2
67,16,A,0,Female,clvr_cost_0.2_intro_0.2_2
68,17,A,0,Female,clvr_cost_0.2_intro_0.2_2
69,18,A,0,Female,clvr_cost_0.2_intro_0.2_2
70,19,A,0,Female,clvr_cost_0.2_intro_0.2_2
71,20,A,0,Female,clvr_cost_0.2_intro_0.2_2
72,21,A,0,Female,clvr_cost_0.2_intro_0.2_2
73,22,A,0,Female,clvr_cost_0.2_intro_0.2_2
74,23,A,0,Female,clvr_cost_0.2_intro_0.2_2
75,24,A,0,Female,clvr_cost_0.2_intro_0.2_2
76,25,A,0,Female,clvr_cost_0.2_intro_0.2_2
77,26,A,0,Female,clvr_cost_0.2_intro_0.2_2
78,27,A,0,Female,clvr_cost_0.2_intro_0.2_2
79,28,A,0,Female,clvr_cost_0.2_intro_0.2_2
80,29,A,0,Female,clvr_cost_0.2_intro_0.2_2
81,30,A,0,Female,clvr_cost_0.2_intro_0.2_2
82,31,A,0,Female,clvr_cost_0.2_intro_0.2_2
83,32,A,0,Female,clvr_cost_0.2_intro_0.2_2
84,33,A,0,Female,clvr_cost_0.2_intro_0.2_2
85,34,A,0,Female,clvr_cost_0.2_intro_0.2_2
86,35,A,0,Female,clvr_cost_0.2_intro_0.2_2
87,36,A,0,Female,clvr_cost_0.2_intro_0.2_2
88,37,A,0,Female,clvr_cost_0.2_intro_0.2_2
89,38,A,0,Female,clvr_cost_0.2_intro_0.2_2
90,39,A,0,Female,clvr_cost_0.2_intro_0.2_2
91,40,A,0,Female,clvr_cost_0.2_intro_0.2_2
92,41,A,0,Female,clvr_cost_0.2_intro_0.2_2
93,42,A,0,Female,clvr_cost_0.2_intro_0.2_2
94,43,A,0,Female,clvr_cost_0.2_intro_0.2_2
95,44,A,0,Female,clvr_cost_0.2_intro_0.2_2
96,45,A,0,Female,clvr_cost_0.2_intro_0.2_2
97,46,A,0,Female,clvr_cost_0.2_intro_0.2_2
98,47,A,0,Female,clvr_cost_0.2_intro_0.2_2
99,48,A,0,Female,clvr_cost_0.2_intro_0.2_2
100,49,A,0,Female,clvr_cost_0.2_intro_0.2_2
101,50,A,0,Female,clvr_cost_0.2_intro_0.2_2
102,0,V,0,Female,clvr_cost_0.2_intro_0.2_2
103,1,V,1226,Female,clvr_cost_0.2_intro_0.2_2
104,2,V,1798,Female,clvr_cost_0.2_intro_0.2_2
105,3,V,2314,Female,clvr_cost_0.2_intro_0.2_2
106,4,V,2829,Female,clvr_cost_0.2_intro_0.2_2
107,5,V,3330,Female,clvr_cost_0.2_intro_0.2_2
108,6,V,4096,Female,clvr_cost_0.2_intro_0.2_2
109,7,V,5299,Female,clvr_cost_0.2_intro_0.2_2
110,8,V,6436,Female,clvr_cost_0.2_intro_0.2_2
111,9,V,7296,Female,clvr_cost_0.2_intro_0.2_2
112,10,V,7432,Female,clvr_cost_0.2_intro_0.2_2
113,11,V,7354,Female,clvr_cost_0.2_intro_0.2_2
114,12,V,7468,Female,clvr_cost_0.2_intro_0.2_2
115,13,V,7480,Female,clvr_cost_0.2_intro_0.2_2
116,14,V,7424,Female,clvr_cost_0.2_intro_0.2_2
117,15,V,7596,Female,clvr_cost_0.2_intro_0.2_2
118,16,V,7378,Female,clvr_cost_0.2_intro_0.2_2
119,17,V,7554,Female,clvr_cost_0.2_intro_0.2_2
120,18,V,7454,Female,clvr_cost_0.2_intro_0.2_2
121,19,V,7484,Female,clvr_cost_0.2_intro_0.2_2
122,20,V,7564,Female,clvr_cost_0.2_intro_0.2_2
123,21,V,7496,Female,clvr_cost_0.2_intro_0.2_2
124,22,V,7620,Female,clvr_cost_0.2_intro_0.2_2
125,23,V,7252,Female,clvr_cost_0.2_intro_0.2_2
126,24,V,7288,Female,clvr_cost_0.2_intro_0.2_2
127,25,V,7326,Female,clvr_cost_0.2_intro_0.2_2
128,26,V,7558,Female,clvr_cost_0.2_intro_0.2_2
129,27,V,7528,Female,clvr_cost_0.2_intro_0.2_2
130,28,V,7382,Female,clvr_cost_0.2_intro_0.2_2
131,29,V,7540,Female,clvr_cost_0.2_intro_0.2_2
132,30,V,7634,Female,clvr_cost_0.2_intro_0.2_2
133,31,V,7640,Female,clvr_cost_0.2_intro_0.2_2
134,32,V,7512,Female,clvr_cost_0.2_intro_0.2_2
135,33,V,7776,Female,clvr_cost_0.2_intro_0.2_2
136,34,V,7686,Female,clvr_cost_0.2_intro_0.2_2
137,35,V,7632,Female,clvr_cost_0.2_intro_0.2_2
138,36,V,7286,Female,clvr_cost_0.2_intro_0.2_2
139,37,V,7410,Female,clvr_cost_0.2_intro_0.2_2
140,38,V,7838,Female,clvr_cost_0.2_intro_0.2_2
141,39,V,7592,Female,clvr_cost_0.2_intro_0.2_2
142,40,V,7636,Female,clvr_cost_0.2_intro_0.2_2
143,41,V,7684,Female,clvr_cost_0.2_intro_0.2_2
144,42,V,7732,Female,clvr_cost_0.2_intro_0.2_2
145,43,V,7718,Female,clvr_cost_0.2_intro_0.2_2
146,44,V,7710,Female,clvr_cost_0.2_intro_0.2_2
147,45,V,7538,Female,clvr_cost_0.2_intro_0.2_2
148,46,V,7362,Female,clvr_cost_0.2_intro_0.2_2
149,47,V,7556,Female,clvr_cost_0.2_intro_0.2_2
150,48,V,7424,Female,clvr_cost_0.2_intro_0.2_2
151,49,V,7592,Female,clvr_cost_0.2_intro_0.2_2
152,50,V,7514,Female,clvr_cost_0.2_intro_0.2_2
153,0,W,10000,Female,clvr_cost_0.2_intro_0.2_2
154,1,W,7378,Female,clvr_cost_0.2_intro_0.2_2
155,2,W,6554,Female,clvr_cost_0.2_intro_0.2_2
156,3,W,5310,Female,clvr_cost_0.2_intro_0.2_2
157,4,W,4063,Female,clvr_cost_0.2_intro_0.2_2
158,5,W,2770,Female,clvr_cost_0.2_intro_0.2_2
159,6,W,1612,Female,clvr_cost_0.2_intro_0.2_2
160,7,W,545,Female,clvr_cost_0.2_intro_0.2_2
161,8,W,84,Female,clvr_cost_0.2_intro_0.2_2
162,9,W,8,Female,clvr_cost_0.2_intro_0.2_2
163,10,W,2,Female,clvr_cost_0.2_intro_0.2_2
164,11,W,0,Female,clvr_cost_0.2_intro_0.2_2
165,12,W,0,Female,clvr_cost_0.2_intro_0.2_2
166,13,W,0,Female,clvr_cost_0.2_intro_0.2_2
167,14,W,0,Female,clvr_cost_0.2_intro_0.2_2
168,15,W,0,Female,clvr_cost_0.2_intro_0.2_2
169,16,W,0,Female,clvr_cost_0.2_intro_0.2_2
170,17,W,0,Female,clvr_cost_0.2_intro_0.2_2
171,18,W,0,Female,clvr_cost_0.2_intro_0.2_2
172,19,W,0,Female,clvr_cost_0.2_intro_0.2_2
173,20,W,0,Female,clvr_cost_0.2_intro_0.2_2
174,21,W,0,Female,clvr_cost_0.2_intro_0.2_2
175,22,W,0,Female,clvr_cost_0.2_intro_0.2_2
176,23,W,0,Female,clvr_cost_0.2_intro_0.2_2
177,24,W,0,Female,clvr_cost_0.2_intro_0.2_2
178,25,W,0,Female,clvr_cost_0.2_intro_0.2_2
179,26,W,0,Female,clvr_cost_0.2_intro_0.2_2
180,27,W,0,Female,clvr_cost_0.2_intro_0.2_2
181,28,W,0,Female,clvr_cost_0.2_intro_0.2_2
182,29,W,0,Female,clvr_cost_0.2_intro_0.2_2
183,30,W,0,Female,clvr_cost_0.2_intro_0.2_2
184,31,W,0,Female,clvr_cost_0.2_intro_0.2_2
185,32,W,0,Female,clvr_cost_0.2_intro_0.2_2
186,33,W,0,Female,clvr_cost_0.2_intro_0.2_2
187,34,W,0,Female,clvr_cost_0.2_intro_0.2_2
188,35,W,0,Female,clvr_cost_0.2_intro_0.2_2
189,36,W,0,Female,clvr_cost_0.2_intro_0.2_2
190,37,W,0,Female,clvr_cost_0.2_intro_0.2_2
191,38,W,0,Female,clvr_cost_0.2_intro_0.2_2
192,39,W,0,Female,clvr_cost_0.2_intro_0.2_2
193,40,W,0,Female,clvr_cost_0.2_intro_0.2_2
194,41,W,0,Female,clvr_cost_0.2_intro_0.2_2
195,42,W,0,Female,clvr_cost_0.2_intro_0.2_2
196,43,W,0,Female,clvr_cost_0.2_intro_0.2_2
197,44,W,0,Female,clvr_cost_0.2_intro_0.2_2
198,45,W,0,Female,clvr_cost_0.2_intro_0.2_2
199,46,W,0,Female,clvr_cost_0.2_intro_0.2_2
200,47,W,0,Female,clvr_cost_0.2_intro_0.2_2
201,48,W,0,Female,clvr_cost_0.2_intro_0.2_2
202,49,W,0,Female,clvr_cost_0.2_intro_0.2_2
203,50,W,0,Female,clvr_cost_0.2_intro_0.2_2
204,0,C,4000,Male,clvr_cost_0.2_intro_0.2_2
205,1,C,1304,Male,clvr_cost_0.2_intro_0.2_2
206,2,C,1824,Male,clvr_cost_0.2_intro_0.2_2
207,3,C,2251,Male,clvr_cost_0.2_intro_0.2_2
208,4,C,2776,Male,clvr_cost_0.2_intro_0.2_2
209,5,C,3418,Male,clvr_cost_0.2_intro_0.2_2
210,6,C,4226,Male,clvr_cost_0.2_intro_0.2_2
211,7,C,5229,Male,clvr_cost_0.2_intro_0.2_2
212,8,C,6564,Male,clvr_cost_0.2_intro_0.2_2
213,9,C,7360,Male,clvr_cost_0.2_intro_0.2_2
214,10,C,7603,Male,clvr_cost_0.2_intro_0.2_2
215,11,C,7421,Male,clvr_cost_0.2_intro_0.2_2
216,12,C,7666,Male,clvr_cost_0.2_intro_0.2_2
217,13,C,7530,Male,clvr_cost_0.2_intro_0.2_2
218,14,C,7548,Male,clvr_cost_0.2_intro_0.2_2
219,15,C,7712,Male,clvr_cost_0.2_intro_0.2_2
220,16,C,7582,Male,clvr_cost_0.2_intro_0.2_2
221,17,C,7736,Male,clvr_cost_0.2_intro_0.2_2
222,18,C,7550,Male,clvr_cost_0.2_intro_0.2_2
223,19,C,7546,Male,clvr_cost_0.2_intro_0.2_2
224,20,C,7592,Male,clvr_cost_0.2_intro_0.2_2
225,21,C,7562,Male,clvr_cost_0.2_intro_0.2_2
226,22,C,7764,Male,clvr_cost_0.2_intro_0.2_2
227,23,C,7466,Male,clvr_cost_0.2_intro_0.2_2
228,24,C,7494,Male,clvr_cost_0.2_intro_0.2_2
229,25,C,7420,Male,clvr_cost_0.2_intro_0.2_2
230,26,C,7664,Male,clvr_cost_0.2_intro_0.2_2
231,27,C,7724,Male,clvr_cost_0.2_intro_0.2_2
232,28,C,7446,Male,clvr_cost_0.2_intro_0.2_2
233,29,C,7596,Male,clvr_cost_0.2_intro_0.2_2
234,30,C,7692,Male,clvr_cost_0.2_intro_0.2_2
235,31,C,7720,Male,clvr_cost_0.2_intro_0.2_2
236,32,C,7586,Male,clvr_cost_0.2_intro_0.2_2
237,33,C,7784,Male,clvr_cost_0.2_intro_0.2_2
238,34,C,7776,Male,clvr_cost_0.2_intro_0.2_2
239,35,C,7988,Male,clvr_cost_0.2_intro_0.2_2
240,36,C,7486,Male,clvr_cost_0.2_intro_0.2_2
241,37,C,7564,Male,clvr_cost_0.2_intro_0.2_2
242,38,C,7934,Male,clvr_cost_0.2_intro_0.2_2
243,39,C,7646,Male,clvr_cost_0.2_intro_0.2_2
244,40,C,7640,Male,clvr_cost_0.2_intro_0.2_2
245,41,C,7710,Male,clvr_cost_0.2_intro_0.2_2
246,42,C,7762,Male,clvr_cost_0.2_intro_0.2_2
247,43,C,7724,Male,clvr_cost_0.2_intro_0.2_2
248,44,C,7726,Male,clvr_cost_0.2_intro_0.2_2
249,45,C,7954,Male,clvr_cost_0.2_intro_0.2_2
250,46,C,7378,Male,clvr_cost_0.2_intro_0.2_2
251,47,C,7782,Male,clvr_cost_0.2_intro_0.2_2
252,48,C,7658,Male,clvr_cost_0.2_intro_0.2_2
253,49,C,7592,Male,clvr_cost_0.2_intro_0.2_2
254,50,C,7770,Male,clvr_cost_0.2_intro_0.2_2
255,0,A,10000,Male,clvr_cost_0.2_intro_0.2_2
256,1,A,7344,Male,clvr_cost_0.2_intro_0.2_2
257,2,A,6574,Male,clvr_cost_0.2_intro_0.2_2
258,3,A,5467,Male,clvr_cost_0.2_intro_0.2_2
259,4,A,4138,Male,clvr_cost_0.2_intro_0.2_2
260,5,A,2932,Male,clvr_cost_0.2_intro_0.2_2
261,6,A,1626,Male,clvr_cost_0.2_intro_0.2_2
262,7,A,625,Male,clvr_cost_0.2_intro_0.2_2
263,8,A,104,Male,clvr_cost_0.2_intro_0.2_2
264,9,A,16,Male,clvr_cost_0.2_intro_0.2_2
265,10,A,1,Male,clvr_cost_0.2_intro_0.2_2
266,11,A,1,Male,clvr_cost_0.2_intro_0.2_2
267,12,A,0,Male,clvr_cost_0.2_intro_0.2_2
268,13,A,0,Male,clvr_cost_0.2_intro_0.2_2
269,14,A,0,Male,clvr_cost_0.2_intro_0.2_2
270,15,A,0,Male,clvr_cost_0.2_intro_0.2_2
271,16,A,0,Male,clvr_cost_0.2_intro_0.2_2
272,17,A,0,Male,clvr_cost_0.2_intro_0.2_2
273,18,A,0,Male,clvr_cost_0.2_intro_0.2_2
274,19,A,0,Male,clvr_cost_0.2_intro_0.2_2
275,20,A,0,Male,clvr_cost_0.2_intro_0.2_2
276,21,A,0,Male,clvr_cost_0.2_intro_0.2_2
277,22,A,0,Male,clvr_cost_0.2_intro_0.2_2
278,23,A,0,Male,clvr_cost_0.2_intro_0.2_2
279,24,A,0,Male,clvr_cost_0.2_intro_0.2_2
280,25,A,0,Male,clvr_cost_0.2_intro_0.2_2
281,26,A,0,Male,clvr_cost_0.2_intro_0.2_2
282,27,A,0,Male,clvr_cost_0.2_intro_0.2_2
283,28,A,0,Male,clvr_cost_0.2_intro_0.2_2
284,29,A,0,Male,clvr_cost_0.2_intro_0.2_2
285,30,A,0,Male,clvr_cost_0.2_intro_0.2_2
286,31,A,0,Male,clvr_cost_0.2_intro_0.2_2
287,32,A,0,Male,clvr_cost_0.2_intro_0.2_2
288,33,A,0,Male,clvr_cost_0.2_intro_0.2_2
289,34,A,0,Male,clvr_cost_0.2_intro_0.2_2
290,35,A,0,Male,clvr_cost_0.2_intro_0.2_2
291,36,A,0,Male,clvr_cost_0.2_intro_0.2_2
292,37,A,0,Male,clvr_cost_0.2_intro_0.2_2
293,38,A,0,Male,clvr_cost_0.2_intro_0.2_2
294,39,A,0,Male,clvr_cost_0.2_intro_0.2_2
295,40,A,0,Male,clvr_cost_0.2_intro_0.2_2
296,41,A,0,Male,clvr_cost_0.2_intro_0.2_2
297,42,A,0,Male,clvr_cost_0.2_intro_0.2_2
298,43,A,0,Male,clvr_cost_0.2_intro_0.2_2
299,44,A,0,Male,clvr_cost_0.2_intro_0.2_2
300,45,A,0,Male,clvr_cost_0.2_intro_0.2_2
301,46,A,0,Male,clvr_cost_0.2_intro_0.2_2
302,47,A,0,Male,clvr_cost_0.2_intro_0.2_2
303,48,A,0,Male,clvr_cost_0.2_intro_0.2_2
304,49,A,0,Male,clvr_cost_0.2_intro_0.2_2
305,50,A,0,Male,clvr_cost_0.2_intro_0.2_2
306,0,V,4000,Male,clvr_cost_0.2_intro_0.2_2
307,1,V,1304,Male,clvr_cost_0.2_intro_0.2_2
308,2,V,1880,Male,clvr_cost_0.2_intro_0.2_2
309,3,V,2295,Male,clvr_cost_0.2_intro_0.2_2
310,4,V,2833,Male,clvr_cost_0.2_intro_0.2_2
311,5,V,3467,Male,clvr_cost_0.2_intro_0.2_2
312,6,V,4289,Male,clvr_cost_0.2_intro_0.2_2
313,7,V,5288,Male,clvr_cost_0.2_intro_0.2_2
314,8,V,6582,Male,clvr_cost_0.2_intro_0.2_2
315,9,V,7366,Male,clvr_cost_0.2_intro_0.2_2
316,10,V,7603,Male,clvr_cost_0.2_intro_0.2_2
317,11,V,7421,Male,clvr_cost_0.2_intro_0.2_2
318,12,V,7666,Male,clvr_cost_0.2_intro_0.2_2
319,13,V,7530,Male,clvr_cost_0.2_intro_0.2_2
320,14,V,7548,Male,clvr_cost_0.2_intro_0.2_2
321,15,V,7712,Male,clvr_cost_0.2_intro_0.2_2
322,16,V,7582,Male,clvr_cost_0.2_intro_0.2_2
323,17,V,7736,Male,clvr_cost_0.2_intro_0.2_2
324,18,V,7550,Male,clvr_cost_0.2_intro_0.2_2
325,19,V,7546,Male,clvr_cost_0.2_intro_0.2_2
326,20,V,7592,Male,clvr_cost_0.2_intro_0.2_2
327,21,V,7562,Male,clvr_cost_0.2_intro_0.2_2
328,22,V,7764,Male,clvr_cost_0.2_intro_0.2_2
329,23,V,7466,Male,clvr_cost_0.2_intro_0.2_2
330,24,V,7494,Male,clvr_cost_0.2_intro_0.2_2
331,25,V,7420,Male,clvr_cost_0.2_intro_0.2_2
332,26,V,7664,Male,clvr_cost_0.2_intro_0.2_2
333,27,V,7724,Male,clvr_cost_0.2_intro_0.2_2
334,28,V,7446,Male,clvr_cost_0.2_intro_0.2_2
335,29,V,7596,Male,clvr_cost_0.2_intro_0.2_2
336,30,V,7692,Male,clvr_cost_0.2_intro_0.2_2
337,31,V,7720,Male,clvr_cost_0.2_intro_0.2_2
338,32,V,7586,Male,clvr_cost_0.2_intro_0.2_2
339,33,V,7784,Male,clvr_cost_0.2_intro_0.2_2
340,34,V,7776,Male,clvr_cost_0.2_intro_0.2_2
341,35,V,7988,Male,clvr_cost_0.2_intro_0.2_2
342,36,V,7486,Male,clvr_cost_0.2_intro_0.2_2
343,37,V,7564,Male,clvr_cost_0.2_intro_0.2_2
344,38,V,7934,Male,clvr_cost_0.2_intro_0.2_2
345,39,V,7646,Male,clvr_cost_0.2_intro_0.2_2
346,40,V,7640,Male,clvr_cost_0.2_intro_0.2_2
347,41,V,7710,Male,clvr_cost_0.2_intro_0.2_2
348,42,V,7762,Male,clvr_cost_0.2_intro_0.2_2
349,43,V,7724,Male,clvr_cost_0.2_intro_0.2_2
350,44,V,7726,Male,clvr_cost_0.2_intro_0.2_2
351,45,V,7954,Male,clvr_cost_0.2_intro_0.2_2
352,46,V,7378,Male,clvr_cost_0.2_intro_0.2_2
353,47,V,7782,Male,clvr_cost_0.2_intro_0.2_2
354,48,V,7658,Male,clvr_cost_0.2_intro_0.2_2
355,49,V,7592,Male,clvr_cost_0.2_intro_0.2_2
356,50,V,7770,Male,clvr_cost_0.2_intro_0.2_2
357,0,W,10000,Male,clvr_cost_0.2_intro_0.2_2
358,1,W,7344,Male,clvr_cost_0.2_intro_0.2_2
359,2,W,6518,Male,clvr_cost_0.2_intro_0.2_2
360,3,W,5423,Male,clvr_cost_0.2_intro_0.2_2
361,4,W,4081,Male,clvr_cost_0.2_intro_0.2_2
362,5,W,2883,Male,clvr_cost_0.2_intro_0.2_2
363,6,W,1563,Male,clvr_cost_0.2_intro_0.2_2
364,7,W,566,Male,clvr_cost_0.2_intro_0.2_2
365,8,W,86,Male,clvr_cost_0.2_intro_0.2_2
366,9,W,10,Male,clvr_cost_0.2_intro_0.2_2
367,10,W,1,Male,clvr_cost_0.2_intro_0.2_2
368,11,W,1,Male,clvr_cost_0.2_intro_0.2_2
369,12,W,0,Male,clvr_cost_0.2_intro_0.2_2
370,13,W,0,Male,clvr_cost_0.2_intro_0.2_2
371,14,W,0,Male,clvr_cost_0.2_intro_0.2_2
372,15,W,0,Male,clvr_cost_0.2_intro_0.2_2
373,16,W,0,Male,clvr_cost_0.2_intro_0.2_2
374,17,W,0,Male,clvr_cost_0.2_intro_0.2_2
375,18,W,0,Male,clvr_cost_0.2_intro_0.2_2
376,19,W,0,Male,clvr_cost_0.2_intro_0.2_2
377,20,W,0,Male,clvr_cost_0.2_intro_0.2_2
378,21,W,0,Male,clvr_cost_0.2_intro_0.2_2
379,22,W,0,Male,clvr_cost_0.2_intro_0.2_2
380,23,W,0,Male,clvr_cost_0.2_intro_0.2_2
381,24,W,0,Male,clvr_cost_0.2_intro_0.2_2
382,25,W,0,Male,clvr_cost_0.2_intro_0.2_2
383,26,W,0,Male,clvr_cost_0.2_intro_0.2_2
384,27,W,0,Male,clvr_cost_0.2_intro_0.2_2
385,28,W,0,Male,clvr_cost_0.2_intro_0.2_2
386,29,W,0,Male,clvr_cost_0.2_intro_0.2_2
387,30,W,0,Male,clvr_cost_0.2_intro_0.2_2
388,31,W,0,Male,clvr_cost_0.2_intro_0.2_2
389,32,W,0,Male,clvr_cost_0.2_intro_0.2_2
390,33,W,0,Male,clvr_cost_0.2_intro_0.2_2
391,34,W,0,Male,clvr_cost_0.2_intro_0.2_2
392,35,W,0,Male,clvr_cost_0.2_intro_0.2_2
393,36,W,0,Male,clvr_cost_0.2_intro_0.2_2
394,37,W,0,Male,clvr_cost_0.2_intro_0.2_2
395,38,W,0,Male,clvr_cost_0.2_intro_0.2_2
396,39,W,0,Male,clvr_cost_0.2_intro_0.2_2
397,40,W,0,Male,clvr_cost_0.2_intro_0.2_2
398,41,W,0,Male,clvr_cost_0.2_intro_0.2_2
399,42,W,0,Male,clvr_cost_0.2_intro_0.2_2
400,43,W,0,Male,clvr_cost_0.2_intro_0.2_2
401,44,W,0,Male,clvr_cost_0.2_intro_0.2_2
402,45,W,0,Male,clvr_cost_0.2_intro_0.2_2
403,46,W,0,Male,clvr_cost_0.2_intro_0.2_2
404,47,W,0,Male,clvr_cost_0.2_intro_0.2_2
405,48,W,0,Male,clvr_cost_0.2_intro_0.2_2
406,49,W,0,Male,clvr_cost_0.2_intro_0.2_2
407,50,W,0,Male,clvr_cost_0.2_intro_0.2_2
,Generation,Allele,Count,Sex,Run
0,0,C,0,Female,clvr_cost_0.2_intro_0.2_3
1,1,C,1253,Female,clvr_cost_0.2_intro_0.2_3
2,2,C,1645,Female,clvr_cost_0.2_intro_0.2_3
3,3,C,2242,Female,clvr_cost_0.2_intro_0.2_3
4,4,C,2811,Female,clvr_cost_0.2_intro_0.2_3
5,5,C,3635,Female,clvr_cost_0.2_intro_0.2_3
6,6,C,4398,Female,clvr_cost_0.2_intro_0.2_3
7,7,C,5226,Female,clvr_cost_0.2_intro_0.2_3
8,8,C,6532,Female,clvr_cost_0.2_intro_0.2_3
9,9,C,7377,Female,clvr_cost_0.2_intro_0.2_3
10,10,C,7390,Female,clvr_cost_0.2_intro_0.2_3
11,11,C,7700,Female,clvr_cost_0.2_intro_0.2_3
12,12,C,7564,Female,clvr_cost_0.2_intro_0.2_3
13,13,C,7464,Female,clvr_cost_0.2_intro_0.2_3
14,14,C,7632,Female,clvr_cost_0.2_intro_0.2_3
15,15,C,7614,Female,clvr_cost_0.2_intro_0.2_3
16,16,C,7588,Female,clvr_cost_0.2_intro_0.2_3
17,17,C,7710,Female,clvr_cost_0.2_intro_0.2_3
18,18,C,7536,Female,clvr_cost_0.2_intro_0.2_3
19,19,C,7486,Female,clvr_cost_0.2_intro_0.2_3
20,20,C,7732,Female,clvr_cost_0.2_intro_0.2_3
21,21,C,7638,Female,clvr_cost_0.2_intro_0.2_3
22,22,C,7618,Female,clvr_cost_0.2_intro_0.2_3
23,23,C,7592,Female,clvr_cost_0.2_intro_0.2_3
24,24,C,7626,Female,clvr_cost_0.2_intro_0.2_3
25,25,C,7364,Female,clvr_cost_0.2_intro_0.2_3
26,26,C,7546,Female,clvr_cost_0.2_intro_0.2_3
27,27,C,7582,Female,clvr_cost_0.2_intro_0.2_3
28,28,C,7384,Female,clvr_cost_0.2_intro_0.2_3
29,29,C,7396,Female,clvr_cost_0.2_intro_0.2_3
30,30,C,7298,Female,clvr_cost_0.2_intro_0.2_3
31,31,C,7442,Female,clvr_cost_0.2_intro_0.2_3
32,32,C,7484,Female,clvr_cost_0.2_intro_0.2_3
33,33,C,7506,Female,clvr_cost_0.2_intro_0.2_3
34,34,C,7630,Female,clvr_cost_0.2_intro_0.2_3
35,35,C,7594,Female,clvr_cost_0.2_intro_0.2_3
36,36,C,7766,Female,clvr_cost_0.2_intro_0.2_3
37,37,C,7560,Female,clvr_cost_0.2_intro_0.2_3
38,38,C,7480,Female,clvr_cost_0.2_intro_0.2_3
39,39,C,7686,Female,clvr_cost_0.2_intro_0.2_3
40,40,C,7682,Female,clvr_cost_0.2_intro_0.2_3
41,41,C,7324,Female,clvr_cost_0.2_intro_0.2_3
42,42,C,7602,Female,clvr_cost_0.2_intro_0.2_3
43,43,C,7532,Female,clvr_cost_0.2_intro_0.2_3
44,44,C,7706,Female,clvr_cost_0.2_intro_0.2_3
45,45,C,7744,Female,clvr_cost_0.2_intro_0.2_3
46,46,C,7552,Female,clvr_cost_0.2_intro_0.2_3
47,47,C,7592,Female,clvr_cost_0.2_intro_0.2_3
48,48,C,7726,Female,clvr_cost_0.2_intro_0.2_3
49,49,C,7314,Female,clvr_cost_0.2_intro_0.2_3
50,50,C,7460,Female,clvr_cost_0.2_intro_0.2_3
51,0,A,10000,Female,clvr_cost_0.2_intro_0.2_3
52,1,A,7349,Female,clvr_cost_0.2_intro_0.2_3
53,2,A,6401,Female,clvr_cost_0.2_intro_0.2_3
54,3,A,5394,Female,clvr_cost_0.2_intro_0.2_3
55,4,A,3975,Female,clvr_cost_0.2_intro_0.2_3
56,5,A,2761,Female,clvr_cost_0.2_intro_0.2_3
57,6,A,1392,Female,clvr_cost_0.2_intro_0.2_3
58,7,A,462,Female,clvr_cost_0.2_intro_0.2_3
59,8,A,74,Female,clvr_cost_0.2_intro_0.2_3
60,9,A,9,Female,clvr_cost_0.2_intro_0.2_3
61,10,A,0,Female,clvr_cost_0.2_intro_0.2_3
62,11,A,0,Female,clvr_cost_0.2_intro_0.2_3
63,12,A,0,Female,clvr_cost_0.2_intro_0.2_3
64,13,A,0,Female,clvr_cost_0.2_intro_0.2_3
65,14,A,0,Female,clvr_cost_0.2_intro_0.2_3
66,15,A,0,Female,clvr_cost_0.2_intro_0.2_3
67,16,A,0,Female,clvr_cost_0.2_intro_0.2_3
68,17,A,0,Female,clvr_cost_0.2_intro_0.2_3
69,18,A,0,Female,clvr_cost_0.2_intro_0.2_3
70,19,A,0,Female,clvr_cost_0.2_intro_0.2_3
71,20,A,0,Female,clvr_cost_0.2_intro_0.2_3
72,21,A,0,Female,clvr_cost_0.2_intro_0.2_3
73,22,A,0,Female,clvr_cost_0.2_intro_0.2_3
74,23,A,0,Female,clvr_cost_0.2_intro_0.2_3
75,24,A,0,Female,clvr_cost_0.2_intro_0.2_3
76,25,A,0,Female,clvr_cost_0.2_intro_0.2_3
77,26,A,0,Female,clvr_cost_0.2_intro_0.2_3
78,27,A,0,Female,clvr_cost_0.2_intro_0.2_3
79,28,A,0,Female,clvr_cost_0.2_intro_0.2_3
80,29,A,0,Female,clvr_cost_0.2_intro_0.2_3
81,30,A,0,Female,clvr_cost_0.2_intro_0.2_3
82,31,A,0,Female,clvr_cost_0.2_intro_0.2_3
83,32,A,0,Female,clvr_cost_0.2_intro_0.2_3
84,33,A,0,Female,clvr_cost_0.2_intro_0.2_3
85,34,A,0,Female,clvr_cost_0.2_intro_0.2_3
86,35,A,0,Female,clvr_cost_0.2_intro_0.2_3
87,36,A,0,Female,clvr_cost_0.2_intro_0.2_3
88,37,A,0,Female,clvr_cost_0.2_intro_0.2_3
89,38,A,0,Female,clvr_cost_0.2_intro_0.2_3
90,39,A,0,Female,clvr_cost_0.2_intro_0.2_3
91,40,A,0,Female,clvr_cost_0.2_intro_0.2_3
92,41,A,0,Female,clvr_cost_0.2_intro_0.2_3
93,42,A,0,Female,clvr_cost_0.2_intro_0.2_3
94,43,A,0,Female,clvr_cost_0.2_intro_0.2_3
95,44,A,0,Female,clvr_cost_0.2_intro_0.2_3
96,45,A,0,Female,clvr_cost_0.2_intro_0.2_3
97,46,A,0,Female,clvr_cost_0.2_intro_0.2_3
98,47,A,0,Female,clvr_cost_0.2_intro_0.2_3
99,48,A,0,Female,clvr_cost_0.2_intro_0.2_3
100,49,A,0,Female,clvr_cost_0.2_intro_0.2_3
101,50,A,0,Female,clvr_cost_0.2_intro_0.2_3
102,0,V,0,Female,clvr_cost_0.2_intro_0.2_3
103,1,V,1253,Female,clvr_cost_0.2_intro_0.2_3
104,2,V,1686,Female,clvr_cost_0.2_intro_0.2_3
105,3,V,2297,Female,clvr_cost_0.2_intro_0.2_3
106,4,V,2865,Female,clvr_cost_0.2_intro_0.2_3
107,5,V,3709,Female,clvr_cost_0.2_intro_0.2_3
108,6,V,4457,Female,clvr_cost_0.2_intro_0.2_3
109,7,V,5265,Female,clvr_cost_0.2_intro_0.2_3
110,8,V,6551,Female,clvr_cost_0.2_intro_0.2_3
111,9,V,7383,Female,clvr_cost_0.2_intro_0.2_3
112,10,V,7390,Female,clvr_cost_0.2_intro_0.2_3
113,11,V,7700,Female,clvr_cost_0.2_intro_0.2_3
114,12,V,7564,Female,clvr_cost_0.2_intro_0.2_3
115,13,V,7464,Female,clvr_cost_0.2_intro_0.2_3
116,14,V,7632,Female,clvr_cost_0.2_intro_0.2_3
117,15,V,7614,Female,clvr_cost_0.2_intro_0.2_3
118,16,V,7588,Female,clvr_cost_0.2_intro_0.2_3
119,17,V,7710,Female,clvr_cost_0.2_intro_0.2_3
120,18,V,7536,Female,clvr_cost_0.2_intro_0.2_3
121,19,V,7486,Female,clvr_cost_0.2_intro_0.2_3
122,20,V,7732,Female,clvr_cost_0.2_intro_0.2_3
123,21,V,7638,Female,clvr_cost_0.2_intro_0.2_3
124,22,V,7618,Female,clvr_cost_0.2_intro_0.2_3
125,23,V,7592,Female,clvr_cost_0.2_intro_0.2_3
126,24,V,7626,Female,clvr_cost_0.2_intro_0.2_3
127,25,V,7364,Female,clvr_cost_0.2_intro_0.2_3
128,26,V,7546,Female,clvr_cost_0.2_intro_0.2_3
129,27,V,7582,Female,clvr_cost_0.2_intro_0.2_3
130,28,V,7384,Female,clvr_cost_0.2_intro_0.2_3
131,29,V,7396,Female,clvr_cost_0.2_intro_0.2_3
132,30,V,7298,Female,clvr_cost_0.2_intro_0.2_3
133,31,V,7442,Female,clvr_cost_0.2_intro_0.2_3
134,32,V,7484,Female,clvr_cost_0.2_intro_0.2_3
135,33,V,7506,Female,clvr_cost_0.2_intro_0.2_3
136,34,V,7630,Female,clvr_cost_0.2_intro_0.2_3
137,35,V,7594,Female,clvr_cost_0.2_intro_0.2_3
138,36,V,7766,Female,clvr_cost_0.2_intro_0.2_3
139,37,V,7560,Female,clvr_cost_0.2_intro_0.2_3
140,38,V,7480,Female,clvr_cost_0.2_intro_0.2_3
141,39,V,7686,Female,clvr_cost_0.2_intro_0.2_3
142,40,V,7682,Female,clvr_cost_0.2_intro_0.2_3
143,41,V,7324,Female,clvr_cost_0.2_intro_0.2_3
144,42,V,7602,Female,clvr_cost_0.2_intro_0.2_3
145,43,V,7532,Female,clvr_cost_0.2_intro_0.2_3
146,44,V,7706,Female,clvr_cost_0.2_intro_0.2_3
147,45,V,7744,Female,clvr_cost_0.2_intro_0.2_3
148,46,V,7552,Female,clvr_cost_0.2_intro_0.2_3
149,47,V,7592,Female,clvr_cost_0.2_intro_0.2_3
150,48,V,7726,Female,clvr_cost_0.2_intro_0.2_3
151,49,V,7314,Female,clvr_cost_0.2_intro_0.2_3
152,50,V,7460,Female,clvr_cost_0.2_intro_0.2_3
153,0,W,10000,Female,clvr_cost_0.2_intro_0.2_3
154,1,W,7349,Female,clvr_cost_0.2_intro_0.2_3
155,2,W,6360,Female,clvr_cost_0.2_intro_0.2_3
156,3,W,5339,Female,clvr_cost_0.2_intro_0.2_3
157,4,W,3921,Female,clvr_cost_0.2_intro_0.2_3
158,5,W,2687,Female,clvr_cost_0.2_intro_0.2_3
159,6,W,1333,Female,clvr_cost_0.2_intro_0.2_3
160,7,W,423,Female,clvr_cost_0.2_intro_0.2_3
161,8,W,55,Female,clvr_cost_0.2_intro_0.2_3
162,9,W,3,Female,clvr_cost_0.2_intro_0.2_3
163,10,W,0,Female,clvr_cost_0.2_intro_0.2_3
164,11,W,0,Female,clvr_cost_0.2_intro_0.2_3
165,12,W,0,Female,clvr_cost_0.2_intro_0.2_3
166,13,W,0,Female,clvr_cost_0.2_intro_0.2_3
167,14,W,0,Female,clvr_cost_0.2_intro_0.2_3
168,15,W,0,Female,clvr_cost_0.2_intro_0.2_3
169,16,W,0,Female,clvr_cost_0.2_intro_0.2_3
170,17,W,0,Female,clvr_cost_0.2_intro_0.2_3
171,18,W,0,Female,clvr_cost_0.2_intro_0.2_3
172,19,W,0,Female,clvr_cost_0.2_intro_0.2_3
173,20,W,0,Female,clvr_cost_0.2_intro_0.2_3
174,21,W,0,Female,clvr_cost_0.2_intro_0.2_3
175,22,W,0,Female,clvr_cost_0.2_intro_0.2_3
176,23,W,0,Female,clvr_cost_0.2_intro_0.2_3
177,24,W,0,Female,clvr_cost_0.2_intro_0.2_3
178,25,W,0,Female,clvr_cost_0.2_intro_0.2_3
179,26,W,0,Female,clvr_cost_0.2_intro_0.2_3
180,27,W,0,Female,clvr_cost_0.2_intro_0.2_3
181,28,W,0,Female,clvr_cost_0.2_intro_0.2_3
182,29,W,0,Female,clvr_cost_0.2_intro_0.2_3
183,30,W,0,Female,clvr_cost_0.2_intro_0.2_3
184,31,W,0,Female,clvr_cost_0.2_intro_0.2_3
185,32,W,0,Female,clvr_cost_0.2_intro_0.2_3
186,33,W,0,Female,clvr_cost_0.2_intro_0.2_3
187,34,W,0,Female,clvr_cost_0.2_intro_0.2_3
188,35,W,0,Female,clvr_cost_0.2_intro_0.2_3
189,36,W,0,Female,clvr_cost_0.2_intro_0.2_3
190,37,W,0,Female,clvr_cost_0.2_intro_0.2_3
191,38,W,0,Female,clvr_cost_0.2_intro_0.2_3
192,39,W,0,Female,clvr_cost_0.2_intro_0.2_3
193,40,W,0,Female,clvr_cost_0.2_intro_0.2_3
194,41,W,0,Female,clvr_cost_0.2_intro_0.2_3
195,42,W,0,Female,clvr_cost_0.2_intro_0.2_3
196,43,W,0,Female,clvr_cost_0.2_intro_0.2_3
197,44,W,0,Female,clvr_cost_0.2_intro_0.2_3
198,45,W,0,Female,clvr_cost_0.2_intro_0.2_3
199,46,W,0,Female,clvr_cost_0.2_intro_0.2_3
200,47,W,0,Female,clvr_cost_0.2_intro_0.2_3
201,48,W,0,Female,clvr_cost_0.2_intro_0.2_3
202,49,W,0,Female,clvr_cost_0.2_intro_0.2_3
203,50,W,0,Female,clvr_cost_0.2_intro_0.2_3
204,0,C,4000,Male,clvr_cost_0.2_intro_0.2_3
205,1,C,1281,Male,clvr_cost_0.2_intro_0.2_3
206,2,C,1736,Male,clvr_cost_0.2_intro_0.2_3
207,3,C,2166,Male,clvr_cost_0.2_intro_0.2_3
208,4,C,2849,Male,clvr_cost_0.2_intro_0.2_3
209,5,C,3643,Male,clvr_cost_0.2_intro_0.2_3
210,6,C,4545,Male,clvr_cost_0.2_intro_0.2_3
211,7,C,5369,Male,clvr_cost_0.2_intro_0.2_3
212,8,C,6621,Male,clvr_cost_0.2_intro_0.2_3
213,9,C,7449,Male,clvr_cost_0.2_intro_0.2_3
214,10,C,7542,Male,clvr_cost_0.2_intro_0.2_3
215,11,C,7778,Male,clvr_cost_0.2_intro_0.2_3
216,12,C,7720,Male,clvr_cost_0.2_intro_0.2_3
217,13,C,7594,Male,clvr_cost_0.2_intro_0.2_3
218,14,C,7744,Male,clvr_cost_0.2_intro_0.2_3
219,15,C,7768,Male,clvr_cost_0.2_intro_0.2_3
220,16,C,7656,Male,clvr_cost_0.2_intro_0.2_3
221,17,C,7876,Male,clvr_cost_0.2_intro_0.2_3
222,18,C,7614,Male,clvr_cost_0.2_intro_0.2_3
223,19,C,7514,Male,clvr_cost_0.2_intro_0.2_3
224,20,C,7782,Male,clvr_cost_0.2_intro_0.2_3
225,21,C,7766,Male,clvr_cost_0.2_intro_0.2_3
226,22,C,7640,Male,clvr_cost_0.2_intro_0.2_3
227,23,C,7696,Male,clvr_cost_0.2_intro_0.2_3
228,24,C,7776,Male,clvr_cost_0.2_intro_0.2_3
229,25,C,7550,Male,clvr_cost_0.2_intro_0.2_3
230,26,C,7612,Male,clvr_cost_0.2_intro_0.2_3
231,27,C,7620,Male,clvr_cost_0.2_intro_0.2_3
232,28,C,7732,Male,clvr_cost_0.2_intro_0.2_3
233,29,C,7512,Male,clvr_cost_0.2_intro_0.2_3
234,30,C,7376,Male,clvr_cost_0.2_intro_0.2_3
235,31,C,7616,Male,clvr_cost_0.2_intro_0.2_3
236,32,C,7634,Male,clvr_cost_0.2_intro_0.2_3
237,33,C,7550,Male,clvr_cost_0.2_intro_0.2_3
238,34,C,7728,Male,clvr_cost_0.2_intro_0.2_3
239,35,C,7596,Male,clvr_cost_0.2_intro_0.2_3
240,36,C,7874,Male,clvr_cost_0.2_intro_0.2_3
241,37,C,7722,Male,clvr_cost_0.2_intro_0.2_3
242,38,C,7512,Male,clvr_cost_0.2_intro_0.2_3
243,39,C,7732,Male,clvr_cost_0.2_intro_0.2_3
244,40,C,7690,Male,clvr_cost_0.2_intro_0.2_3
245,41,C,7744,Male,clvr_cost_0.2_intro_0.2_3
246,42,C,7616,Male,clvr_cost_0.2_intro_0.2_3
247,43,C,7548,Male,clvr_cost_0.2_intro_0.2_3
248,44,C,7748,Male,clvr_cost_0.2_intro_0.2_3
249,45,C,7784,Male,clvr_cost_0.2_intro_0.2_3
250,46,C,7680,Male,clvr_cost_0.2_intro_0.2_3
251,47,C,7710,Male,clvr_cost_0.2_intro_0.2_3
252,48,C,7766,Male,clvr_cost_0.2_intro_0.2_3
253,49,C,7726,Male,clvr_cost_0.2_intro_0.2_3
254,50,C,7600,Male,clvr_cost_0.2_intro_0.2_3
255,0,A,10000,Male,clvr_cost_0.2_intro_0.2_3
256,1,A,7421,Male,clvr_cost_0.2_intro_0.2_3
257,2,A,6384,Male,clvr_cost_0.2_intro_0.2_3
258,3,A,5504,Male,clvr_cost_0.2_intro_0.2_3
259,4,A,3991,Male,clvr_cost_0.2_intro_0.2_3
260,5,A,2759,Male,clvr_cost_0.2_intro_0.2_3
261,6,A,1527,Male,clvr_cost_0.2_intro_0.2_3
262,7,A,463,Male,clvr_cost_0.2_intro_0.2_3
263,8,A,103,Male,clvr_cost_0.2_intro_0.2_3
264,9,A,7,Male,clvr_cost_0.2_intro_0.2_3
265,10,A,0,Male,clvr_cost_0.2_intro_0.2_3
266,11,A,0,Male,clvr_cost_0.2_intro_0.2_3
267,12,A,0,Male,clvr_cost_0.2_intro_0.2_3
268,13,A,0,Male,clvr_cost_0.2_intro_0.2_3
269,14,A,0,Male,clvr_cost_0.2_intro_0.2_3
270,15,A,0,Male,clvr_cost_0.2_intro_0.2_3
271,16,A,0,Male,clvr_cost_0.2_intro_0.2_3
272,17,A,0,Male,clvr_cost_0.2_intro_0.2_3
273,18,A,0,Male,clvr_cost_0.2_intro_0.2_3
274,19,A,0,Male,clvr_cost_0.2_intro_0.2_3
275,20,A,0,Male,clvr_cost_0.2_intro_0.2_3
276,21,A,0,Male,clvr_cost_0.2_intro_0.2_3
277,22,A,0,Male,clvr_cost_0.2_intro_0.2_3
278,23,A,0,Male,clvr_cost_0.2_intro_0.2_3
279,24,A,0,Male,clvr_cost_0.2_intro_0.2_3
280,25,A,0,Male,clvr_cost_0.2_intro_0.2_3
281,26,A,0,Male,clvr_cost_0.2_intro_0.2_3
282,27,A,0,Male,clvr_cost_0.2_intro_0.2_3
283,28,A,0,Male,clvr_cost_0.2_intro_0.2_3
284,29,A,0,Male,clvr_cost_0.2_intro_0.2_3
285,30,A,0,Male,clvr_cost_0.2_intro_0.2_3
286,31,A,0,Male,clvr_cost_0.2_intro_0.2_3
287,32,A,0,Male,clvr_cost_0.2_intro_0.2_3
288,33,A,0,Male,clvr_cost_0.2_intro_0.2_3
289,34,A,0,Male,clvr_cost_0.2_intro_0.2_3
290,35,A,0,Male,clvr_cost_0.2_intro_0.2_3
291,36,A,0,Male,clvr_cost_0.2_intro_0.2_3
292,37,A,0,Male,clvr_cost_0.2_intro_0.2_3
293,38,A,0,Male,clvr_cost_0.2_intro_0.2_3
294,39,A,0,Male,clvr_cost_0.2_intro_0.2_3
295,40,A,0,Male,clvr_cost_0.2_intro_0.2_3
296,41,A,0,Male,clvr_cost_0.2_intro_0.2_3
297,42,A,0,Male,clvr_cost_0.2_intro_0.2_3
298,43,A,0,Male,clvr_cost_0.2_intro_0.2_3
299,44,A,0,Male,clvr_cost_0.2_intro_0.2_3
300,45,A,0,Male,clvr_cost_0.2_intro_0.2_3
301,46,A,0,Male,clvr_cost_0.2_intro_0.2_3
302,47,A,0,Male,clvr_cost_0.2_intro_0.2_3
303,48,A,0,Male,clvr_cost_0.2_intro_0.2_3
304,49,A,0,Male,clvr_cost_0.2_intro_0.2_3
305,50,A,0,Male,clvr_cost_0.2_intro_0.2_3
306,0,V,4000,Male,clvr_cost_0.2_intro_0.2_3
307,1,V,1281,Male,clvr_cost_0.2_intro_0.2_3
308,2,V,1779,Male,clvr_cost_0.2_intro_0.2_3
309,3,V,2214,Male,clvr_cost_0.2_intro_0.2_3
310,4,V,2902,Male,clvr_cost_0.2_intro_0.2_3
311,5,V,3710,Male,clvr_cost_0.2_intro_0.2_3
312,6,V,4612,Male,clvr_cost_0.2_intro_0.2_3
313,7,V,5416,Male,clvr_cost_0.2_intro_0.2_3
314,8,V,6647,Male,clvr_cost_0.2_intro_0.2_3
315,9,V,7454,Male,clvr_cost_0.2_intro_0.2_3
316,10,V,7542,Male,clvr_cost_0.2_intro_0.2_3
317,11,V,7778,Male,clvr_cost_0.2_intro_0.2_3
318,12,V,7720,Male,clvr_cost_0.2_intro_0.2_3
319,13,V,7594,Male,clvr_cost_0.2_intro_0.2_3
320,14,V,7744,Male,clvr_cost_0.2_intro_0.2_3
321,15,V,7768,Male,clvr_cost_0.2_intro_0.2_3
322,16,V,7656,Male,clvr_cost_0.2_intro_0.2_3
323,17,V,7876,Male,clvr_cost_0.2_intro_0.2_3
324,18,V,7614,Male,clvr_cost_0.2_intro_0.2_3
325,19,V,7514,Male,clvr_cost_0.2_intro_0.2_3
326,20,V,7782,Male,clvr_cost_0.2_intro_0.2_3
327,21,V,7766,Male,clvr_cost_0.2_intro_0.2_3
328,22,V,7640,Male,clvr_cost_0.2_intro_0.2_3
329,23,V,7696,Male,clvr_cost_0.2_intro_0.2_3
330,24,V,7776,Male,clvr_cost_0.2_intro_0.2_3
331,25,V,7550,Male,clvr_cost_0.2_intro_0.2_3
332,26,V,7612,Male,clvr_cost_0.2_intro_0.2_3
333,27,V,7620,Male,clvr_cost_0.2_intro_0.2_3
334,28,V,7732,Male,clvr_cost_0.2_intro_0.2_3
335,29,V,7512,Male,clvr_cost_0.2_intro_0.2_3
336,30,V,7376,Male,clvr_cost_0.2_intro_0.2_3
337,31,V,7616,Male,clvr_cost_0.2_intro_0.2_3
338,32,V,7634,Male,clvr_cost_0.2_intro_0.2_3
339,33,V,7550,Male,clvr_cost_0.2_intro_0.2_3
340,34,V,7728,Male,clvr_cost_0.2_intro_0.2_3
341,35,V,7596,Male,clvr_cost_0.2_intro_0.2_3
342,36,V,7874,Male,clvr_cost_0.2_intro_0.2_3
343,37,V,7722,Male,clvr_cost_0.2_intro_0.2_3
344,38,V,7512,Male,clvr_cost_0.2_intro_0.2_3
345,39,V,7732,Male,clvr_cost_0.2_intro_0.2_3
346,40,V,7690,Male,clvr_cost_0.2_intro_0.2_3
347,41,V,7744,Male,clvr_cost_0.2_intro_0.2_3
348,42,V,7616,Male,clvr_cost_0.2_intro_0.2_3
349,43,V,7548,Male,clvr_cost_0.2_intro_0.2_3
350,44,V,7748,Male,clvr_cost_0.2_intro_0.2_3
351,45,V,7784,Male,clvr_cost_0.2_intro_0.2_3
352,46,V,7680,Male,clvr_cost_0.2_intro_0.2_3
353,47,V,7710,Male,clvr_cost_0.2_intro_0.2_3
354,48,V,7766,Male,clvr_cost_0.2_intro_0.2_3
355,49,V,7726,Male,clvr_cost_0.2_intro_0.2_3
356,50,V,7600,Male,clvr_cost_0.2_intro_0.2_3
357,0,W,10000,Male,clvr_cost_0.2_intro_0.2_3
358,1,W,7421,Male,clvr_cost_0.2_intro_0.2_3
359,2,W,6341,Male,clvr_cost_0.2_intro_0.2_3
360,3,W,5456,Male,clvr_cost_0.2_intro_0.2_3
361,4,W,3938,Male,clvr_cost_0.2_intro_0.2_3
362,5,W,2692,Male,clvr_cost_0.2_intro_0.2_3
363,6,W,1460,Male,clvr_cost_0.2_intro_0.2_3
364,7,W,416,Male,clvr_cost_0.2_intro_0.2_3
365,8,W,77,Male,clvr_cost_0.2_intro_0.2_3
366,9,W,2,Male,clvr_cost_0.2_intro_0.2_3
367,10,W,0,Male,clvr_cost_0.2_intro_0.2_3
368,11,W,0,Male,clvr_cost_0.2_intro_0.2_3
369,12,W,0,Male,clvr_cost_0.2_intro_0.2_3
370,13,W,0,Male,clvr_cost_0.2_intro_0.2_3
371,14,W,0,Male,clvr_cost_0.2_intro_0.2_3
372,15,W,0,Male,clvr_cost_0.2_intro_0.2_3
373,16,W,0,Male,clvr_cost_0.2_intro_0.2_3
374,17,W,0,Male,clvr_cost_0.2_intro_0.2_3
375,18,W,0,Male,clvr_cost_0.2_intro_0.2_3
376,19,W,0,Male,clvr_cost_0.2_intro_0.2_3
377,20,W,0,Male,clvr_cost_0.2_intro_0.2_3
378,21,W,0,Male,clvr_cost_0.2_intro_0.2_3
379,22,W,0,Male,clvr_cost_0.2_intro_0.2_3
380,23,W,0,Male,clvr_cost_0.2_intro_0.2_3
381,24,W,0,Male,clvr_cost_0.2_intro_0.2_3
382,25,W,0,Male,clvr_cost_0.2_intro_0.2_3
383,26,W,0,Male,clvr_cost_0.2_intro_0.2_3
384,27,W,0,Male,clvr_cost_0.2_intro_0.2_3
385,28,W,0,Male,clvr_cost_0.2_intro_0.2_3
386,29,W,0,Male,clvr_cost_0.2_intro_0.2_3
387,30,W,0,Male,clvr_cost_0.2_intro_0.2_3
388,31,W,0,Male,clvr_cost_0.2_intro_0.2_3
389,32,W,0,Male,clvr_cost_0.2_intro_0.2_3
390,33,W,0,Male,clvr_cost_0.2_intro_0.2_3
391,34,W,0,Male,clvr_cost_0.2_intro_0.2_3
392,35,W,0,Male,clvr_cost_0.2_intro_0.2_3
393,36,W,0,Male,clvr_cost_0.2_intro_0.2_3
394,37,W,0,Male,clvr_cost_0.2_intro_0.2_3
395,38,W,0,Male,clvr_cost_0.2_intro_0.2_3
396,39,W,0,Male,clvr_cost_0.2_intro_0.2_3
397,40,W,0,Male,clvr_cost_0.2_intro_0.2_3
398,41,W,0,Male,clvr_cost_0.2_intro_0.2_3
399,42,W,0,Male,clvr_cost_0.2_intro_0.2_3
400,43,W,0,Male,clvr_cost_0.2_intro_0.2_3
401,44,W,0,Male,clvr_cost_0.2_intro_0.2_3
402,45,W,0,Male,clvr_cost_0.2_intro_0.2_3
403,46,W,0,Male,clvr_cost_0.2_intro_0.2_3
404,47,W,0,Male,clvr_cost_0.2_intro_0.2_3
405,48,W,0,Male,clvr_cost_0.2_intro_0.2_3
406,49,W,0,Male,clvr_cost_0.2_intro_0.2_3
407,50,W,0,Male,clvr_cost_0.2_intro_0.2_3
,Generation,Allele,Count,Sex,Run
0,0,C,0,Female,clvr_cost_0.2_intro_0.2_4
1,1,C,1199,Female,clvr_cost_0.2_intro_0.2_4
2,2,C,1605,Female,clvr_cost_0.2_intro_0.2_4
3,3,C,2198,Female,clvr_cost_0.2_intro_0.2_4
4,4,C,2681,Female,clvr_cost_0.2_intro_0.2_4
5,5,C,3380,Female,clvr_cost_0.2_intro_0.2_4
6,6,C,4193,Female,clvr_cost_0.2_intro_0.2_4
7,7,C,5092,Female,clvr_cost_0.2_intro_0.2_4
8,8,C,6263,Female,clvr_cost_0.2_intro_0.2_4
9,9,C,6965,Female,clvr_cost_0.2_intro_0.2_4
10,10,C,7516,Female,clvr_cost_0.2_intro_0.2_4
11,11,C,7346,Female,clvr_cost_0.2_intro_0.2_4
12,12,C,7406,Female,clvr_cost_0.2_intro_0.2_4
13,13,C,7380,Female,clvr_cost_0.2_intro_0.2_4
14,14,C,7522,Female,clvr_cost_0.2_intro_0.2_4
15,15,C,7630,Female,clvr_cost_0.2_intro_0.2_4
16,16,C,7630,Female,clvr_cost_0.2_intro_0.2_4
17,17,C,7502,Female,clvr_cost_0.2_intro_0.2_4
18,18,C,7402,Female,clvr_cost_0.2_intro_0.2_4
19,19,C,7306,Female,clvr_cost_0.2_intro_0.2_4
20,20,C,7482,Female,clvr_cost_0.2_intro_0.2_4
21,21,C,7514,Female,clvr_cost_0.2_intro_0.2_4
22,22,C,7402,Female,clvr_cost_0.2_intro_0.2_4
23,23,C,7328,Female,clvr_cost_0.2_intro_0.2_4
24,24,C,7390,Female,clvr_cost_0.2_intro_0.2_4
25,25,C,7506,Female,clvr_cost_0.2_intro_0.2_4
26,26,C,7562,Female,clvr_cost_0.2_intro_0.2_4
27,27,C,7654,Female,clvr_cost_0.2_intro_0.2_4
28,28,C,7502,Female,clvr_cost_0.2_intro_0.2_4
29,29,C,7324,Female,clvr_cost_0.2_intro_0.2_4
30,30,C,7352,Female,clvr_cost_0.2_intro_0.2_4
31,31,C,7730,Female,clvr_cost_0.2_intro_0.2_4
32,32,C,7832,Female,clvr_cost_0.2_intro_0.2_4
33,33,C,7664,Female,clvr_cost_0.2_intro_0.2_4
34,34,C,7446,Female,clvr_cost_0.2_intro_0.2_4
35,35,C,7438,Female,clvr_cost_0.2_intro_0.2_4
36,36,C,7418,Female,clvr_cost_0.2_intro_0.2_4
37,37,C,7248,Female,clvr_cost_0.2_intro_0.2_4
38,38,C,7286,Female,clvr_cost_0.2_intro_0.2_4
39,39,C,7492,Female,clvr_cost_0.2_intro_0.2_4
40,40,C,7682,Female,clvr_cost_0.2_intro_0.2_4
41,41,C,7556,Female,clvr_cost_0.2_intro_0.2_4
42,42,C,7446,Female,clvr_cost_0.2_intro_0.2_4
43,43,C,7542,Female,clvr_cost_0.2_intro_0.2_4
44,44,C,7316,Female,clvr_cost_0.2_intro_0.2_4
45,45,C,7340,Female,clvr_cost_0.2_intro_0.2_4
46,46,C,7652,Female,clvr_cost_0.2_intro_0.2_4
47,47,C,7332,Female,clvr_cost_0.2_intro_0.2_4
48,48,C,7298,Female,clvr_cost_0.2_intro_0.2_4
49,49,C,7632,Female,clvr_cost_0.2_intro_0.2_4
50,50,C,7558,Female,clvr_cost_0.2_intro_0.2_4
51,0,A,10000,Female,clvr_cost_0.2_intro_0.2_4
52,1,A,7387,Female,clvr_cost_0.2_intro_0.2_4
53,2,A,6361,Female,clvr_cost_0.2_intro_0.2_4
54,3,A,5492,Female,clvr_cost_0.2_intro_0.2_4
55,4,A,4289,Female,clvr_cost_0.2_intro_0.2_4
56,5,A,3046,Female,clvr_cost_0.2_intro_0.2_4
57,6,A,1537,Female,clvr_cost_0.2_intro_0.2_4
58,7,A,566,Female,clvr_cost_0.2_intro_0.2_4
59,8,A,115,Female,clvr_cost_0.2_intro_0.2_4
60,9,A,17,Female,clvr_cost_0.2_intro_0.2_4
61,10,A,2,Female,clvr_cost_0.2_intro_0.2_4
62,11,A,0,Female,clvr_cost_0.2_intro_0.2_4
63,12,A,0,Female,clvr_cost_0.2_intro_0.2_4
64,13,A,0,Female,clvr_cost_0.2_intro_0.2_4
65,14,A,0,Female,clvr_cost_0.2_intro_0.2_4
66,15,A,0,Female,clvr_cost_0.2_intro_0.2_4
67,16,A,0,Female,clvr_cost_0.2_intro_0.2_4
68,17,A,0,Female,clvr_cost_0.2_intro_0.2_4
69,18,A,0,Female,clvr_cost_0.2_intro_0.2_4
70,19,A,0,Female,clvr_cost_0.2_intro_0.2_4
71,20,A,0,Female,clvr_cost_0.2_intro_0.2_4
72,21,A,0,Female,clvr_cost_0.2_intro_0.2_4
73,22,A,0,Female,clvr_cost_0.2_intro_0.2_4
74,23,A,0,Female,clvr_cost_0.2_intro_0.2_4
75,24,A,0,Female,clvr_cost_0.2_intro_0.2_4
76,25,A,0,Female,clvr_cost_0.2_intro_0.2_4
77,26,A,0,Female,clvr_cost_0.2_intro_0.2_4
78,27,A,0,Female,clvr_cost_0.2_intro_0.2_4
79,28,A,0,Female,clvr_cost_0.2_intro_0.2_4
80,29,A,0,Female,clvr_cost_0.2_intro_0.2_4
81,30,A,0,Female,clvr_cost_0.2_intro_0.2_4
82,31,A,0,Female,clvr_cost_0.2_intro_0.2_4
83,32,A,0,Female,clvr_cost_0.2_intro_0.2_4
84,33,A,0,Female,clvr_cost_0.2_intro_0.2_4
85,34,A,0,Female,clvr_cost_0.2_intro_0.2_4
86,35,A,0,Female,clvr_cost_0.2_intro_0.2_4
87,36,A,0,Female,clvr_cost_0.2_intro_0.2_4
88,37,A,0,Female,clvr_cost_0.2_intro_0.2_4
89,38,A,0,Female,clvr_cost_0.2_intro_0.2_4
90,39,A,0,Female,clvr_cost_0.2_intro_0.2_4
91,40,A,0,Female,clvr_cost_0.2_intro_0.2_4
92,41,A,0,Female,clvr_cost_0.2_intro_0.2_4
93,42,A,0,Female,clvr_cost_0.2_intro_0.2_4
94,43,A,0,Female,clvr_cost_0.2_intro_0.2_4
95,44,A,0,Female,clvr_cost_0.2_intro_0.2_4
96,45,A,0,Female,clvr_cost_0.2_intro_0.2_4
97,46,A,0,Female,clvr_cost_0.2_intro_0.2_4
98,47,A,0,Female,clvr_cost_0.2_intro_0.2_4
99,48,A,0,Female,clvr_cost_0.2_intro_0.2_4
100,49,A,0,Female,clvr_cost_0.2_intro_0.2_4
101,50,A,0,Female,clvr_cost_0.2_intro_0.2_4
102,0,V,0,Female,clvr_cost_0.2_intro_0.2_4
103,1,V,1199,Female,clvr_cost_0.2_intro_0.2_4
104,2,V,1650,Female,clvr_cost_0.2_intro_0.2_4
105,3,V,2247,Female,clvr_cost_0.2_intro_0.2_4
106,4,V,2732,Female,clvr_cost_0.2_intro_0.2_4
107,5,V,3439,Female,clvr_cost_0.2_intro_0.2_4
108,6,V,4245,Female,clvr_cost_0.2_intro_0.2_4
109,7,V,5141,Female,clvr_cost_0.2_intro_0.2_4
110,8,V,6287,Female,clvr_cost_0.2_intro_0.2_4
111,9,V,6969,Female,clvr_cost_0.2_intro_0.2_4
112,10,V,7517,Female,clvr_cost_0.2_intro_0.2_4
113,11,V,7346,Female,clvr_cost_0.2_intro_0.2_4
114,12,V,7406,Female,clvr_cost_0.2_intro_0.2_4
115,13,V,7380,Female,clvr_cost_0.2_intro_0.2_4
116,14,V,7522,Female,clvr_cost_0.2_intro_0.2_4
117,15,V,7630,Female,clvr_cost_0.2_intro_0.2_4
118,16,V,7630,Female,clvr_cost_0.2_intro_0.2_4
119,17,V,7502,Female,clvr_cost_0.2_intro_0.2_4
120,18,V,7402,Female,clvr_cost_0.2_intro_0.2_4
121,19,V,7306,Female,clvr_cost_0.2_intro_0.2_4
122,20,V,7482,Female,clvr_cost_0.2_intro_0.2_4
123,21,V,7514,Female,clvr_cost_0.2_intro_0.2_4
124,22,V,7402,Female,clvr_cost_0.2_intro_0.2_4
125,23,V,7328,Female,clvr_cost_0.2_intro_0.2_4
126,24,V,7390,Female,clvr_cost_0.2_intro_0.2_4
127,25,V,7506,Female,clvr_cost_0.2_intro_0.2_4
128,26,V,7562,Female,clvr_cost_0.2_intro_0.2_4
129,27,V,7654,Female,clvr_cost_0.2_intro_0.2_4
130,28,V,7502,Female,clvr_cost_0.2_intro_0.2_4
131,29,V,7324,Female,clvr_cost_0.2_intro_0.2_4
132,30,V,7352,Female,clvr_cost_0.2_intro_0.2_4
133,31,V,7730,Female,clvr_cost_0.2_intro_0.2_4
134,32,V,7832,Female,clvr_cost_0.2_intro_0.2_4
135,33,V,7664,Female,clvr_cost_0.2_intro_0.2_4
136,34,V,7446,Female,clvr_cost_0.2_intro_0.2_4
137,35,V,7438,Female,clvr_cost_0.2_intro_0.2_4
138,36,V,7418,Female,clvr_cost_0.2_intro_0.2_4
139,37,V,7248,Female,clvr_cost_0.2_intro_0.2_4
140,38,V,7286,Female,clvr_cost_0.2_intro_0.2_4
141,39,V,7492,Female,clvr_cost_0.2_intro_0.2_4
142,40,V,7682,Female,clvr_cost_0.2_intro_0.2_4
143,41,V,7556,Female,clvr_cost_0.2_intro_0.2_4
144,42,V,7446,Female,clvr_cost_0.2_intro_0.2_4
145,43,V,7542,Female,clvr_cost_0.2_intro_0.2_4
146,44,V,7316,Female,clvr_cost_0.2_intro_0.2_4
147,45,V,7340,Female,clvr_cost_0.2_intro_0.2_4
148,46,V,7652,Female,clvr_cost_0.2_intro_0.2_4
149,47,V,7332,Female,clvr_cost_0.2_intro_0.2_4
150,48,V,7298,Female,clvr_cost_0.2_intro_0.2_4
151,49,V,7632,Female,clvr_cost_0.2_intro_0.2_4
152,50,V,7558,Female,clvr_cost_0.2_intro_0.2_4
153,0,W,10000,Female,clvr_cost_0.2_intro_0.2_4
154,1,W,7387,Female,clvr_cost_0.2_intro_0.2_4
155,2,W,6316,Female,clvr_cost_0.2_intro_0.2_4
156,3,W,5443,Female,clvr_cost_0.2_intro_0.2_4
157,4,W,4238,Female,clvr_cost_0.2_intro_0.2_4
158,5,W,2987,Female,clvr_cost_0.2_intro_0.2_4
159,6,W,1485,Female,clvr_cost_0.2_intro_0.2_4
160,7,W,517,Female,clvr_cost_0.2_intro_0.2_4
161,8,W,91,Female,clvr_cost_0.2_intro_0.2_4
162,9,W,13,Female,clvr_cost_0.2_intro_0.2_4
163,10,W,1,Female,clvr_cost_0.2_intro_0.2_4
164,11,W,0,Female,clvr_cost_0.2_intro_0.2_4
165,12,W,0,Female,clvr_cost_0.2_intro_0.2_4
166,13,W,0,Female,clvr_cost_0.2_intro_0.2_4
167,14,W,0,Female,clvr_cost_0.2_intro_0.2_4
168,15,W,0,Female,clvr_cost_0.2_intro_0.2_4
169,16,W,0,Female,clvr_cost_0.2_intro_0.2_4
170,17,W,0,Female,clvr_cost_0.2_intro_0.2_4
171,18,W,0,Female,clvr_cost_0.2_intro_0.2_4
172,19,W,0,Female,clvr_cost_0.2_intro_0.2_4
173,20,W,0,Female,clvr_cost_0.2_intro_0.2_4
174,21,W,0,Female,clvr_cost_0.2_intro_0.2_4
175,22,W,0,Female,clvr_cost_0.2_intro_0.2_4
176,23,W,0,Female,clvr_cost_0.2_intro_0.2_4
177,24,W,0,Female,clvr_cost_0.2_intro_0.2_4
178,25,W,0,Female,clvr_cost_0.2_intro_0.2_4
179,26,W,0,Female,clvr_cost_0.2_intro_0.2_4
180,27,W,0,Female,clvr_cost_0.2_intro_0.2_4
181,28,W,0,Female,clvr_cost_0.2_intro_0.2_4
182,29,W,0,Female,clvr_cost_0.2_intro_0.2_4
183,30,W,0,Female,clvr_cost_0.2_intro_0.2_4
184,31,W,0,Female,clvr_cost_0.2_intro_0.2_4
185,32,W,0,Female,clvr_cost_0.2_intro_0.2_4
186,33,W,0,Female,clvr_cost_0.2_intro_0.2_4
187,34,W,0,Female,clvr_cost_0.2_intro_0.2_4
188,35,W,0,Female,clvr_cost_0.2_intro_0.2_4
189,36,W,0,Female,clvr_cost_0.2_intro_0.2_4
190,37,W,0,Female,clvr_cost_0.2_intro_0.2_4
191,38,W,0,Female,clvr_cost_0.2_intro_0.2_4
192,39,W,0,Female,clvr_cost_0.2_intro_0.2_4
193,40,W,0,Female,clvr_cost_0.2_intro_0.2_4
194,41,W,0,Female,clvr_cost_0.2_intro_0.2_4
195,42,W,0,Female,clvr_cost_0.2_intro_0.2_4
196,43,W,0,Female,clvr_cost_0.2_intro_0.2_4
197,44,W,0,Female,clvr_cost_0.2_intro_0.2_4
198,45,W,0,Female,clvr_cost_0.2_intro_0.2_4
199,46,W,0,Female,clvr_cost_0.2_intro_0.2_4
200,47,W,0,Female,clvr_cost_0.2_intro_0.2_4
201,48,W,0,Female,clvr_cost_0.2_intro_0.2_4
202,49,W,0,Female,clvr_cost_0.2_intro_0.2_4
203,50,W,0,Female,clvr_cost_0.2_intro_0.2_4
204,0,C,4000,Male,clvr_cost_0.2_intro_0.2_4
205,1,C,1216,Male,clvr_cost_0.2_intro_0.2_4
206,2,C,1560,Male,clvr_cost_0.2_intro_0.2_4
207,3,C,2058,Male,clvr_cost_0.2_intro_0.2_4
208,4,C,2759,Male,clvr_cost_0.2_intro_0.2_4
209,5,C,3487,Male,clvr_cost_0.2_intro_0.2_4
210,6,C,4187,Male,clvr_cost_0.2_intro_0.2_4
211,7,C,5265,Male,clvr_cost_0.2_intro_0.2_4
212,8,C,6322,Male,clvr_cost_0.2_intro_0.2_4
213,9,C,7130,Male,clvr_cost_0.2_intro_0.2_4
214,10,C,7548,Male,clvr_cost_0.2_intro_0.2_4
215,11,C,7634,Male,clvr_cost_0.2_intro_0.2_4
216,12,C,7406,Male,clvr_cost_0.2_intro_0.2_4
217,13,C,7570,Male,clvr_cost_0.2_intro_0.2_4
218,14,C,7574,Male,clvr_cost_0.2_intro_0.2_4
219,15,C,7704,Male,clvr_cost_0.2_intro_0.2_4
220,16,C,7682,Male,clvr_cost_0.2_intro_0.2_4
221,17,C,7612,Male,clvr_cost_0.2_intro_0.2_4
222,18,C,7686,Male,clvr_cost_0.2_intro_0.2_4
223,19,C,7526,Male,clvr_cost_0.2_intro_0.2_4
224,20,C,7618,Male,clvr_cost_0.2_intro_0.2_4
225,21,C,7590,Male,clvr_cost_0.2_intro_0.2_4
226,22,C,7578,Male,clvr_cost_0.2_intro_0.2_4
227,23,C,7716,Male,clvr_cost_0.2_intro_0.2_4
228,24,C,7464,Male,clvr_cost_0.2_intro_0.2_4
229,25,C,7652,Male,clvr_cost_0.2_intro_0.2_4
230,26,C,7600,Male,clvr_cost_0.2_intro_0.2_4
231,27,C,7784,Male,clvr_cost_0.2_intro_0.2_4
232,28,C,7584,Male,clvr_cost_0.2_intro_0.2_4
233,29,C,7660,Male,clvr_cost_0.2_intro_0.2_4
234,30,C,7422,Male,clvr_cost_0.2_intro_0.2_4
235,31,C,7736,Male,clvr_cost_0.2_intro_0.2_4
236,32,C,7850,Male,clvr_cost_0.2_intro_0.2_4
237,33,C,7740,Male,clvr_cost_0.2_intro_0.2_4
238,34,C,7668,Male,clvr_cost_0.2_intro_0.2_4
239,35,C,7818,Male,clvr_cost_0.2_intro_0.2_4
240,36,C,7488,Male,clvr_cost_0.2_intro_0.2_4
241,37,C,7648,Male,clvr_cost_0.2_intro_0.2_4
242,38,C,7448,Male,clvr_cost_0.2_intro_0.2_4
243,39,C,7532,Male,clvr_cost_0.2_intro_0.2_4
244,40,C,7706,Male,clvr_cost_0.2_intro_0.2_4
245,41,C,7734,Male,clvr_cost_0.2_intro_0.2_4
246,42,C,7650,Male,clvr_cost_0.2_intro_0.2_4
247,43,C,7556,Male,clvr_cost_0.2_intro_0.2_4
248,44,C,7464,Male,clvr_cost_0.2_intro_0.2_4
249,45,C,7434,Male,clvr_cost_0.2_intro_0.2_4
250,46,C,7686,Male,clvr_cost_0.2_intro_0.2_4
251,47,C,7694,Male,clvr_cost_0.2_intro_0.2_4
252,48,C,7326,Male,clvr_cost_0.2_intro_0.2_4
253,49,C,7664,Male,clvr_cost_0.2_intro_0.2_4
254,50,C,7564,Male,clvr_cost_0.2_intro_0.2_4
255,0,A,10000,Male,clvr_cost_0.2_intro_0.2_4
256,1,A,7374,Male,clvr_cost_0.2_intro_0.2_4
257,2,A,6618,Male,clvr_cost_0.2_intro_0.2_4
258,3,A,5636,Male,clvr_cost_0.2_intro_0.2_4
259,4,A,4433,Male,clvr_cost_0.2_intro_0.2_4
260,5,A,3131,Male,clvr_cost_0.2_intro_0.2_4
261,6,A,1637,Male,clvr_cost_0.2_intro_0.2_4
262,7,A,551,Male,clvr_cost_0.2_intro_0.2_4
263,8,A,116,Male,clvr_cost_0.2_intro_0.2_4
264,9,A,10,Male,clvr_cost_0.2_intro_0.2_4
265,10,A,0,Male,clvr_cost_0.2_intro_0.2_4
266,11,A,0,Male,clvr_cost_0.2_intro_0.2_4
267,12,A,0,Male,clvr_cost_0.2_intro_0.2_4
268,13,A,0,Male,clvr_cost_0.2_intro_0.2_4
269,14,A,0,Male,clvr_cost_0.2_intro_0.2_4
270,15,A,0,Male,clvr_cost_0.2_intro_0.2_4
271,16,A,0,Male,clvr_cost_0.2_intro_0.2_4
272,17,A,0,Male,clvr_cost_0.2_intro_0.2_4
273,18,A,0,Male,clvr_cost_0.2_intro_0.2_4
274,19,A,0,Male,clvr_cost_0.2_intro_0.2_4
275,20,A,0,Male,clvr_cost_0.2_intro_0.2_4
276,21,A,0,Male,clvr_cost_0.2_intro_0.2_4
277,22,A,0,Male,clvr_cost_0.2_intro_0.2_4
278,23,A,0,Male,clvr_cost_0.2_intro_0.2_4
279,24,A,0,Male,clvr_cost_0.2_intro_0.2_4
280,25,A,0,Male,clvr_cost_0.2_intro_0.2_4
281,26,A,0,Male,clvr_cost_0.2_intro_0.2_4
282,27,A,0,Male,clvr_cost_0.2_intro_0.2_4
283,28,A,0,Male,clvr_cost_0.2_intro_0.2_4
284,29,A,0,Male,clvr_cost_0.2_intro_0.2_4
285,30,A,0,Male,clvr_cost_0.2_intro_0.2_4
286,31,A,0,Male,clvr_cost_0.2_intro_0.2_4
287,32,A,0,Male,clvr_cost_0.2_intro_0.2_4
288,33,A,0,Male,clvr_cost_0.2_intro_0.2_4
289,34,A,0,Male,clvr_cost_0.2_intro_0.2_4
290,35,A,0,Male,clvr_cost_0.2_intro_0.2_4
291,36,A,0,Male,clvr_cost_0.2_intro_0.2_4
292,37,A,0,Male,clvr_cost_0.2_intro_0.2_4
293,38,A,0,Male,clvr_cost_0.2_intro_0.2_4
294,39,A,0,Male,clvr_cost_0.2_intro_0.2_4
295,40,A,0,Male,clvr_cost_0.2_intro_0.2_4
296,41,A,0,Male,clvr_cost_0.2_intro_0.2_4
297,42,A,0,Male,clvr_cost_0.2_intro_0.2_4
298,43,A,0,Male,clvr_cost_0.2_intro_0.2_4
299,44,A,0,Male,clvr_cost_0.2_intro_0.2_4
300,45,A,0,Male,clvr_cost_0.2_intro_0.2_4
301,46,A,0,Male,clvr_cost_0.2_intro_0.2_4
302,47,A,0,Male,clvr_cost_0.2_intro_0.2_4
303,48,A,0,Male,clvr_cost_0.2_intro_0.2_4
304,49,A,0,Male,clvr_cost_0.2_intro_0.2_4
305,50,A,0,Male,clvr_cost_0.2_intro_0.2_4
306,0,V,4000,Male,clvr_cost_0.2_intro_0.2_4
307,1,V,1216,Male,clvr_cost_0.2_intro_0.2_4
308,2,V,1601,Male,clvr_cost_0.2_intro_0.2_4
309,3,V,2113,Male,clvr_cost_0.2_intro_0.2_4
310,4,V,2821,Male,clvr_cost_0.2_intro_0.2_4
311,5,V,3557,Male,clvr_cost_0.2_intro_0.2_4
312,6,V,4240,Male,clvr_cost_0.2_intro_0.2_4
313,7,V,5310,Male,clvr_cost_0.2_intro_0.2_4
314,8,V,6336,Male,clvr_cost_0.2_intro_0.2_4
315,9,V,7133,Male,clvr_cost_0.2_intro_0.2_4
316,10,V,7548,Male,clvr_cost_0.2_intro_0.2_4
317,11,V,7634,Male,clvr_cost_0.2_intro_0.2_4
318,12,V,7406,Male,clvr_cost_0.2_intro_0.2_4
319,13,V,7570,Male,clvr_cost_0.2_intro_0.2_4
320,14,V,7574,Male,clvr_cost_0.2_intro_0.2_4
321,15,V,7704,Male,clvr_cost_0.2_intro_0.2_4
322,16,V,7682,Male,clvr_cost_0.2_intro_0.2_4
323,17,V,7612,Male,clvr_cost_0.2_intro_0.2_4
324,18,V,7686,Male,clvr_cost_0.2_intro_0.2_4
325,19,V,7526,Male,clvr_cost_0.2_intro_0.2_4
326,20,V,7618,Male,clvr_cost_0.2_intro_0.2_4
327,21,V,7590,Male,clvr_cost_0.2_intro_0.2_4
328,22,V,7578,Male,clvr_cost_0.2_intro_0.2_4
329,23,V,7716,Male,clvr_cost_0.2_intro_0.2_4
330,24,V,7464,Male,clvr_cost_0.2_intro_0.2_4
331,25,V,7652,Male,clvr_cost_0.2_intro_0.2_4
332,26,V,7600,Male,clvr_cost_0.2_intro_0.2_4
333,27,V,7784,Male,clvr_cost_0.2_intro_0.2_4
334,28,V,7584,Male,clvr_cost_0.2_intro_0.2_4
335,29,V,7660,Male,clvr_cost_0.2_intro_0.2_4
336,30,V,7422,Male,clvr_cost_0.2_intro_0.2_4
337,31,V,7736,Male,clvr_cost_0.2_intro_0.2_4
338,32,V,7850,Male,clvr_cost_0.2_intro_0.2_4
339,33,V,7740,Male,clvr_cost_0.2_intro_0.2_4
340,34,V,7668,Male,clvr_cost_0.2_intro_0.2_4
341,35,V,7818,Male,clvr_cost_0.2_intro_0.2_4
342,36,V,7488,Male,clvr_cost_0.2_intro_0.2_4
343,37,V,7648,Male,clvr_cost_0.2_intro_0.2_4
344,38,V,7448,Male,clvr_cost_0.2_intro_0.2_4
345,39,V,7532,Male,clvr_cost_0.2_intro_0.2_4
346,40,V,7706,Male,clvr_cost_0.2_intro_0.2_4
347,41,V,7734,Male,clvr_cost_0.2_intro_0.2_4
348,42,V,7650,Male,clvr_cost_0.2_intro_0.2_4
349,43,V,7556,Male,clvr_cost_0.2_intro_0.2_4
350,44,V,7464,Male,clvr_cost_0.2_intro_0.2_4
351,45,V,7434,Male,clvr_cost_0.2_intro_0.2_4
352,46,V,7686,Male,clvr_cost_0.2_intro_0.2_4
353,47,V,7694,Male,clvr_cost_0.2_intro_0.2_4
354,48,V,7326,Male,clvr_cost_0.2_intro_0.2_4
355,49,V,7664,Male,clvr_cost_0.2_intro_0.2_4
356,50,V,7564,Male,clvr_cost_0.2_intro_0.2_4
357,0,W,10000,Male,clvr_cost_0.2_intro_0.2_4
358,1,W,7374,Male,clvr_cost_0.2_intro_0.2_4
359,2,W,6577,Male,clvr_cost_0.2_intro_0.2_4
360,3,W,5581,Male,clvr_cost_0.2_intro_0.2_4
361,4,W,4371,Male,clvr_cost_0.2_intro_0.2_4
362,5,W,3061,Male,clvr_cost_0.2_intro_0.2_4
363,6,W,1584,Male,clvr_cost_0.2_intro_0.2_4
364,7,W,506,Male,clvr_cost_0.2_intro_0.2_4
365,8,W,102,Male,clvr_cost_0.2_intro_0.2_4
366,9,W,7,Male,clvr_cost_0.2_intro_0.2_4
367,10,W,0,Male,clvr_cost_0.2_intro_0.2_4
368,11,W,0,Male,clvr_cost_0.2_intro_0.2_4
369,12,W,0,Male,clvr_cost_0.2_intro_0.2_4
370,13,W,0,Male,clvr_cost_0.2_intro_0.2_4
371,14,W,0,Male,clvr_cost_0.2_intro_0.2_4
372,15,W,0,Male,clvr_cost_0.2_intro_0.2_4
373,16,W,0,Male,clvr_cost_0.2_intro_0.2_4
374,17,W,0,Male,clvr_cost_0.2_intro_0.2_4
375,18,W,0,Male,clvr_cost_0.2_intro_0.2_4
376,19,W,0,Male,clvr_cost_0.2_intro_0.2_4
377,20,W,0,Male,clvr_cost_0.2_intro_0.2_4
378,21,W,0,Male,clvr_cost_0.2_intro_0.2_4
379,22,W,0,Male,clvr_cost_0.2_intro_0.2_4
380,23,W,0,Male,clvr_cost_0.2_intro_0.2_4
381,24,W,0,Male,clvr_cost_0.2_intro_0.2_4
382,25,W,0,Male,clvr_cost_0.2_intro_0.2_4
383,26,W,0,Male,clvr_cost_0.2_intro_0.2_4
384,27,W,0,Male,clvr_cost_0.2_intro_0.2_4
385,28,W,0,Male,clvr_cost_0.2_intro_0.2_4
386,29,W,0,Male,clvr_cost_0.2_intro_0.2_4
387,30,W,0,Male,clvr_cost_0.2_intro_0.2_4
388,31,W,0,Male,clvr_cost_0.2_intro_0.2_4
389,32,W,0,Male,clvr_cost_0.2_intro_0.2_4
390,33,W,0,Male,clvr_cost_0.2_intro_0.2_4
391,34,W,0,Male,clvr_cost_0.2_intro_0.2_4
392,35,W,0,Male,clvr_cost_0.2_intro_0.2_4
393,36,W,0,Male,clvr_cost_0.2_intro_0.2_4
394,37,W,0,Male,clvr_cost_0.2_intro_0.2_4
395,38,W,0,Male,clvr_cost_0.2_intro_0.2_4
396,39,W,0,Male,clvr_cost_0.2_intro_0.2_4
397,40,W,0,Male,clvr_cost_0.2_intro_0.2_4
398,41,W,0,Male,clvr_cost_0.2_intro_0.2_4
399,42,W,0,Male,clvr_cost_0.2_intro_0.2_4
400,43,W,0,Male,clvr_cost_0.2_intro_0.2_4
401,44,W,0,Male,clvr_cost_0.2_intro_0.2_4
402,45,W,0,Male,clvr_cost_0.2_intro_0.2_4
403,46,W,0,Male,clvr_cost_0.2_intro_0.2_4
404,47,W,0,Male,clvr_cost_0.2_intro_0.2_4
405,48,W,0,Male,clvr_cost_0.2_intro_0.2_4
406,49,W,0,Male,clvr_cost_0.2_intro_0.2_4
407,50,W,0,Male,clvr_cost_0.2_intro_0.2_4
,Generation,Allele,Count,Sex,Run
0,0,C,0,Female,clvr_cost_0.2_intro_0.2_5
1,1,C,1226,Female,clvr_cost_0.2_intro_0.2_5
2,2,C,1619,Female,clvr_cost_0.2_intro_0.2_5
3,3,C,2126,Female,clvr_cost_0.2_intro_0.2_5
4,4,C,2791,Female,clvr_cost_0.2_intro_0.2_5
5,5,C,3448,Female,clvr_cost_0.2_intro_0.2_5
6,6,C,4314,Female,clvr_cost_0.2_intro_0.2_5
7,7,C,5209,Female,clvr_cost_0.2_intro_0.2_5
8,8,C,6335,Female,clvr_cost_0.2_intro_0.2_5
9,9,C,7271,Female,clvr_cost_0.2_intro_0.2_5
10,10,C,7490,Female,clvr_cost_0.2_intro_0.2_5
11,11,C,7489,Female,clvr_cost_0.2_intro_0.2_5
12,12,C,7364,Female,clvr_cost_0.2_intro_0.2_5
13,13,C,7452,Female,clvr_cost_0.2_intro_0.2_5
14,14,C,7496,Female,clvr_cost_0.2_intro_0.2_5
15,15,C,7670,Female,clvr_cost_0.2_intro_0.2_5
16,16,C,7710,Female,clvr_cost_0.2_intro_0.2_5
17,17,C,7512,Female,clvr_cost_0.2_intro_0.2_5
18,18,C,7534,Female,clvr_cost_0.2_intro_0.2_5
19,19,C,7330,Female,clvr_cost_0.2_intro_0.2_5
20,20,C,7506,Female,clvr_cost_0.2_intro_0.2_5
21,21,C,7492,Female,clvr_cost_0.2_intro_0.2_5
22,22,C,7550,Female,clvr_cost_0.2_intro_0.2_5
23,23,C,7362,Female,clvr_cost_0.2_intro_0.2_5
24,24,C,7484,Female,clvr_cost_0.2_intro_0.2_5
25,25,C,7568,Female,clvr_cost_0.2_intro_0.2_5
26,26,C,7676,Female,clvr_cost_0.2_intro_0.2_5
27,27,C,7576,Female,clvr_cost_0.2_intro_0.2_5
28,28,C,7520,Female,clvr_cost_0.2_intro_0.2_5
29,29,C,7532,Female,clvr_cost_0.2_intro_0.2_5
30,30,C,7278,Female,clvr_cost_0.2_intro_0.2_5
31,31,C,7476,Female,clvr_cost_0.2_intro_0.2_5
32,32,C,7756,Female,clvr_cost_0.2_intro_0.2_5
33,33,C,7536,Female,clvr_cost_0.2_intro_0.2_5
34,34,C,7760,Female,clvr_cost_0.2_intro_0.2_5
35,35,C,7474,Female,clvr_cost_0.2_intro_0.2_5
36,36,C,7546,Female,clvr_cost_0.2_intro_0.2_5
37,37,C,7632,Female,clvr_cost_0.2_intro_0.2_5
38,38,C,7426,Female,clvr_cost_0.2_intro_0.2_5
39,39,C,7358,Female,clvr_cost_0.2_intro_0.2_5
40,40,C,7624,Female,clvr_cost_0.2_intro_0.2_5
41,41,C,7364,Female,clvr_cost_0.2_intro_0.2_5
42,42,C,7524,Female,clvr_cost_0.2_intro_0.2_5
43,43,C,7696,Female,clvr_cost_0.2_intro_0.2_5
44,44,C,7650,Female,clvr_cost_0.2_intro_0.2_5
45,45,C,7376,Female,clvr_cost_0.2_intro_0.2_5
46,46,C,7290,Female,clvr_cost_0.2_intro_0.2_5
47,47,C,7404,Female,clvr_cost_0.2_intro_0.2_5
48,48,C,7664,Female,clvr_cost_0.2_intro_0.2_5
49,49,C,7666,Female,clvr_cost_0.2_intro_0.2_5
50,50,C,7754,Female,clvr_cost_0.2_intro_0.2_5
51,0,A,10000,Female,clvr_cost_0.2_intro_0.2_5
52,1,A,7430,Female,clvr_cost_0.2_intro_0.2_5
53,2,A,6553,Female,clvr_cost_0.2_intro_0.2_5
54,3,A,5484,Female,clvr_cost_0.2_intro_0.2_5
55,4,A,4345,Female,clvr_cost_0.2_intro_0.2_5
56,5,A,2958,Female,clvr_cost_0.2_intro_0.2_5
57,6,A,1690,Female,clvr_cost_0.2_intro_0.2_5
58,7,A,643,Female,clvr_cost_0.2_intro_0.2_5
59,8,A,133,Female,clvr_cost_0.2_intro_0.2_5
60,9,A,13,Female,clvr_cost_0.2_intro_0.2_5
61,10,A,2,Female,clvr_cost_0.2_intro_0.2_5
62,11,A,1,Female,clvr_cost_0.2_intro_0.2_5
63,12,A,0,Female,clvr_cost_0.2_intro_0.2_5
64,13,A,0,Female,clvr_cost_0.2_intro_0.2_5
65,14,A,0,Female,clvr_cost_0.2_intro_0.2_5
66,15,A,0,Female,clvr_cost_0.2_intro_0.2_5
67,16,A,0,Female,clvr_cost_0.2_intro_0.2_5
68,17,A,0,Female,clvr_cost_0.2_intro_0.2_5
69,18,A,0,Female,clvr_cost_0.2_intro_0.2_5
70,19,A,0,Female,clvr_cost_0.2_intro_0.2_5
71,20,A,0,Female,clvr_cost_0.2_intro_0.2_5
72,21,A,0,Female,clvr_cost_0.2_intro_0.2_5
73,22,A,0,Female,clvr_cost_0.2_intro_0.2_5
74,23,A,0,Female,clvr_cost_0.2_intro_0.2_5
75,24,A,0,Female,clvr_cost_0.2_intro_0.2_5
76,25,A,0,Female,clvr_cost_0.2_intro_0.2_5
77,26,A,0,Female,clvr_cost_0.2_intro_0.2_5
78,27,A,0,Female,clvr_cost_0.2_intro_0.2_5
79,28,A,0,Female,clvr_cost_0.2_intro_0.2_5
80,29,A,0,Female,clvr_cost_0.2_intro_0.2_5
81,30,A,0,Female,clvr_cost_0.2_intro_0.2_5
82,31,A,0,Female,clvr_cost_0.2_intro_0.2_5
83,32,A,0,Female,clvr_cost_0.2_intro_0.2_5
84,33,A,0,Female,clvr_cost_0.2_intro_0.2_5
85,34,A,0,Female,clvr_cost_0.2_intro_0.2_5
86,35,A,0,Female,clvr_cost_0.2_intro_0.2_5
87,36,A,0,Female,clvr_cost_0.2_intro_0.2_5
88,37,A,0,Female,clvr_cost_0.2_intro_0.2_5
89,38,A,0,Female,clvr_cost_0.2_intro_0.2_5
90,39,A,0,Female,clvr_cost_0.2_intro_0.2_5
91,40,A,0,Female,clvr_cost_0.2_intro_0.2_5
92,41,A,0,Female,clvr_cost_0.2_intro_0.2_5
93,42,A,0,Female,clvr_cost_0.2_intro_0.2_5
94,43,A,0,Female,clvr_cost_0.2_intro_0.2_5
95,44,A,0,Female,clvr_cost_0.2_intro_0.2_5
96,45,A,0,Female,clvr_cost_0.2_intro_0.2_5
97,46,A,0,Female,clvr_cost_0.2_intro_0.2_5
98,47,A,0,Female,clvr_cost_0.2_intro_0.2_5
99,48,A,0,Female,clvr_cost_0.2_intro_0.2_5
100,49,A,0,Female,clvr_cost_0.2_intro_0.2_5
101,50,A,0,Female,clvr_cost_0.2_intro_0.2_5
102,0,V,0,Female,clvr_cost_0.2_intro_0.2_5
103,1,V,1226,Female,clvr_cost_0.2_intro_0.2_5
104,2,V,1665,Female,clvr_cost_0.2_intro_0.2_5
105,3,V,2172,Female,clvr_cost_0.2_intro_0.2_5
106,4,V,2850,Female,clvr_cost_0.2_intro_0.2_5
107,5,V,3522,Female,clvr_cost_0.2_intro_0.2_5
108,6,V,4365,Female,clvr_cost_0.2_intro_0.2_5
109,7,V,5254,Female,clvr_cost_0.2_intro_0.2_5
110,8,V,6356,Female,clvr_cost_0.2_intro_0.2_5
111,9,V,7278,Female,clvr_cost_0.2_intro_0.2_5
112,10,V,7492,Female,clvr_cost_0.2_intro_0.2_5
113,11,V,7490,Female,clvr_cost_0.2_intro_0.2_5
114,12,V,7364,Female,clvr_cost_0.2_intro_0.2_5
115,13,V,7452,Female,clvr_cost_0.2_intro_0.2_5
116,14,V,7496,Female,clvr_cost_0.2_intro_0.2_5
117,15,V,7670,Female,clvr_cost_0.2_intro_0.2_5
118,16,V,7710,Female,clvr_cost_0.2_intro_0.2_5
119,17,V,7512,Female,clvr_cost_0.2_intro_0.2_5
120,18,V,7534,Female,clvr_cost_0.2_intro_0.2_5
121,19,V,7330,Female,clvr_cost_0.2_intro_0.2_5
122,20,V,7506,Female,clvr_cost_0.2_intro_0.2_5
123,21,V,7492,Female,clvr_cost_0.2_intro_0.2_5
124,22,V,7550,Female,clvr_cost_0.2_intro_0.2_5
125,23,V,7362,Female,clvr_cost_0.2_intro_0.2_5
126,24,V,7484,Female,clvr_cost_0.2_intro_0.2_5
127,25,V,7568,Female,clvr_cost_0.2_intro_0.2_5
128,26,V,7676,Female,clvr_cost_0.2_intro_0.2_5
129,27,V,7576,Female,clvr_cost_0.2_intro_0.2_5
130,28,V,7520,Female,clvr_cost_0.2_intro_0.2_5
131,29,V,7532,Female,clvr_cost_0.2_intro_0.2_5
132,30,V,7278,Female,clvr_cost_0.2_intro_0.2_5
133,31,V,7476,Female,clvr_cost_0.2_intro_0.2_5
134,32,V,7756,Female,clvr_cost_0.2_intro_0.2_5
135,33,V,7536,Female,clvr_cost_0.2_intro_0.2_5
136,34,V,7760,Female,clvr_cost_0.2_intro_0.2_5
137,35,V,7474,Female,clvr_cost_0.2_intro_0.2_5
138,36,V,7546,Female,clvr_cost_0.2_intro_0.2_5
139,37,V,7632,Female,clvr_cost_0.2_intro_0.2_5
140,38,V,7426,Female,clvr_cost_0.2_intro_0.2_5
141,39,V,7358,Female,clvr_cost_0.2_intro_0.2_5
142,40,V,7624,Female,clvr_cost_0.2_intro_0.2_5
143,41,V,7364,Female,clvr_cost_0.2_intro_0.2_5
144,42,V,7524,Female,clvr_cost_0.2_intro_0.2_5
145,43,V,7696,Female,clvr_cost_0.2_intro_0.2_5
146,44,V,7650,Female,clvr_cost_0.2_intro_0.2_5
147,45,V,7376,Female,clvr_cost_0.2_intro_0.2_5
148,46,V,7290,Female,clvr_cost_0.2_intro_0.2_5
149,47,V,7404,Female,clvr_cost_0.2_intro_0.2_5
150,48,V,7664,Female,clvr_cost_0.2_intro_0.2_5
151,49,V,7666,Female,clvr_cost_0.2_intro_0.2_5
152,50,V,7754,Female,clvr_cost_0.2_intro_0.2_5
153,0,W,10000,Female,clvr_cost_0.2_intro_0.2_5
154,1,W,7430,Female,clvr_cost_0.2_intro_0.2_5
155,2,W,6507,Female,clvr_cost_0.2_intro_0.2_5
156,3,W,5438,Female,clvr_cost_0.2_intro_0.2_5
157,4,W,4286,Female,clvr_cost_0.2_intro_0.2_5
158,5,W,2884,Female,clvr_cost_0.2_intro_0.2_5
159,6,W,1639,Female,clvr_cost_0.2_intro_0.2_5
160,7,W,598,Female,clvr_cost_0.2_intro_0.2_5
161,8,W,112,Female,clvr_cost_0.2_intro_0.2_5
162,9,W,6,Female,clvr_cost_0.2_intro_0.2_5
163,10,W,0,Female,clvr_cost_0.2_intro_0.2_5
164,11,W,0,Female,clvr_cost_0.2_intro_0.2_5
165,12,W,0,Female,clvr_cost_0.2_intro_0.2_5
166,13,W,0,Female,clvr_cost_0.2_intro_0.2_5
167,14,W,0,Female,clvr_cost_0.2_intro_0.2_5
168,15,W,0,Female,clvr_cost_0.2_intro_0.2_5
169,16,W,0,Female,clvr_cost_0.2_intro_0.2_5
170,17,W,0,Female,clvr_cost_0.2_intro_0.2_5
171,18,W,0,Female,clvr_cost_0.2_intro_0.2_5
172,19,W,0,Female,clvr_cost_0.2_intro_0.2_5
173,20,W,0,Female,clvr_cost_0.2_intro_0.2_5
174,21,W,0,Female,clvr_cost_0.2_intro_0.2_5
175,22,W,0,Female,clvr_cost_0.2_intro_0.2_5
176,23,W,0,Female,clvr_cost_0.2_intro_0.2_5
177,24,W,0,Female,clvr_cost_0.2_intro_0.2_5
178,25,W,0,Female,clvr_cost_0.2_intro_0.2_5
179,26,W,0,Female,clvr_cost_0.2_intro_0.2_5
180,27,W,0,Female,clvr_cost_0.2_intro_0.2_5
181,28,W,0,Female,clvr_cost_0.2_intro_0.2_5
182,29,W,0,Female,clvr_cost_0.2_intro_0.2_5
183,30,W,0,Female,clvr_cost_0.2_intro_0.2_5
184,31,W,0,Female,clvr_cost_0.2_intro_0.2_5
185,32,W,0,Female,clvr_cost_0.2_intro_0.2_5
186,33,W,0,Female,clvr_cost_0.2_intro_0.2_5
187,34,W,0,Female,clvr_cost_0.2_intro_0.2_5
188,35,W,0,Female,clvr_cost_0.2_intro_0.2_5
189,36,W,0,Female,clvr_cost_0.2_intro_0.2_5
190,37,W,0,Female,clvr_cost_0.2_intro_0.2_5
191,38,W,0,Female,clvr_cost_0.2_intro_0.2_5
192,39,W,0,Female,clvr_cost_0.2_intro_0.2_5
193,40,W,0,Female,clvr_cost_0.2_intro_0.2_5
194,41,W,0,Female,clvr_cost_0.2_intro_0.2_5
195,42,W,0,Female,clvr_cost_0.2_intro_0.2_5
196,43,W,0,Female,clvr_cost_0.2_intro_0.2_5
197,44,W,0,Female,clvr_cost_0.2_intro_0.2_5
198,45,W,0,Female,clvr_cost_0.2_intro_0.2_5
199,46,W,0,Female,clvr_cost_0.2_intro_0.2_5
200,47,W,0,Female,clvr_cost_0.2_intro_0.2_5
201,48,W,0,Female,clvr_cost_0.2_intro_0.2_5
202,49,W,0,Female,clvr_cost_0.2_intro_0.2_5
203,50,W,0,Female,clvr_cost_0.2_intro_0.2_5
204,0,C,4000,Male,clvr_cost_0.2_intro_0.2_5
205,1,C,1226,Male,clvr_cost_0.2_intro_0.2_5
206,2,C,1717,Male,clvr_cost_0.2_intro_0.2_5
207,3,C,2138,Male,clvr_cost_0.2_intro_0.2_5
208,4,C,2793,Male,clvr_cost_0.2_intro_0.2_5
209,5,C,3451,Male,clvr_cost_0.2_intro_0.2_5
210,6,C,4392,Male,clvr_cost_0.2_intro_0.2_5
211,7,C,5286,Male,clvr_cost_0.2_intro_0.2_5
212,8,C,6369,Male,clvr_cost_0.2_intro_0.2_5
213,9,C,7412,Male,clvr_cost_0.2_intro_0.2_5
214,10,C,7583,Male,clvr_cost_0.2_intro_0.2_5
215,11,C,7548,Male,clvr_cost_0.2_intro_0.2_5
216,12,C,7536,Male,clvr_cost_0.2_intro_0.2_5
217,13,C,7546,Male,clvr_cost_0.2_intro_0.2_5
218,14,C,7526,Male,clvr_cost_0.2_intro_0.2_5
219,15,C,7760,Male,clvr_cost_0.2_intro_0.2_5
220,16,C,7752,Male,clvr_cost_0.2_intro_0.2_5
221,17,C,7620,Male,clvr_cost_0.2_intro_0.2_5
222,18,C,7558,Male,clvr_cost_0.2_intro_0.2_5
223,19,C,7474,Male,clvr_cost_0.2_intro_0.2_5
224,20,C,7612,Male,clvr_cost_0.2_intro_0.2_5
225,21,C,7608,Male,clvr_cost_0.2_intro_0.2_5
226,22,C,7634,Male,clvr_cost_0.2_intro_0.2_5
227,23,C,7814,Male,clvr_cost_0.2_intro_0.2_5
228,24,C,7486,Male,clvr_cost_0.2_intro_0.2_5
229,25,C,7638,Male,clvr_cost_0.2_intro_0.2_5
230,26,C,7692,Male,clvr_cost_0.2_intro_0.2_5
231,27,C,7676,Male,clvr_cost_0.2_intro_0.2_5
232,28,C,7638,Male,clvr_cost_0.2_intro_0.2_5
233,29,C,7714,Male,clvr_cost_0.2_intro_0.2_5
234,30,C,7488,Male,clvr_cost_0.2_intro_0.2_5
235,31,C,7500,Male,clvr_cost_0.2_intro_0.2_5
236,32,C,7936,Male,clvr_cost_0.2_intro_0.2_5
237,33,C,7730,Male,clvr_cost_0.2_intro_0.2_5
238,34,C,7818,Male,clvr_cost_0.2_intro_0.2_5
239,35,C,7500,Male,clvr_cost_0.2_intro_0.2_5
240,36,C,7624,Male,clvr_cost_0.2_intro_0.2_5
241,37,C,7674,Male,clvr_cost_0.2_intro_0.2_5
242,38,C,7602,Male,clvr_cost_0.2_intro_0.2_5
243,39,C,7480,Male,clvr_cost_0.2_intro_0.2_5
244,40,C,7670,Male,clvr_cost_0.2_intro_0.2_5
245,41,C,7754,Male,clvr_cost_0.2_intro_0.2_5
246,42,C,7540,Male,clvr_cost_0.2_intro_0.2_5
247,43,C,7750,Male,clvr_cost_0.2_intro_0.2_5
248,44,C,7670,Male,clvr_cost_0.2_intro_0.2_5
249,45,C,7608,Male,clvr_cost_0.2_intro_0.2_5
250,46,C,7412,Male,clvr_cost_0.2_intro_0.2_5
251,47,C,7498,Male,clvr_cost_0.2_intro_0.2_5
252,48,C,7700,Male,clvr_cost_0.2_intro_0.2_5
253,49,C,7702,Male,clvr_cost_0.2_intro_0.2_5
254,50,C,7798,Male,clvr_cost_0.2_intro_0.2_5
255,0,A,10000,Male,clvr_cost_0.2_intro_0.2_5
256,1,A,7474,Male,clvr_cost_0.2_intro_0.2_5
257,2,A,6583,Male,clvr_cost_0.2_intro_0.2_5
258,3,A,5488,Male,clvr_cost_0.2_intro_0.2_5
259,4,A,4357,Male,clvr_cost_0.2_intro_0.2_5
260,5,A,3019,Male,clvr_cost_0.2_intro_0.2_5
261,6,A,1642,Male,clvr_cost_0.2_intro_0.2_5
262,7,A,586,Male,clvr_cost_0.2_intro_0.2_5
263,8,A,133,Male,clvr_cost_0.2_intro_0.2_5
264,9,A,18,Male,clvr_cost_0.2_intro_0.2_5
265,10,A,1,Male,clvr_cost_0.2_intro_0.2_5
266,11,A,0,Male,clvr_cost_0.2_intro_0.2_5
267,12,A,0,Male,clvr_cost_0.2_intro_0.2_5
268,13,A,0,Male,clvr_cost_0.2_intro_0.2_5
269,14,A,0,Male,clvr_cost_0.2_intro_0.2_5
270,15,A,0,Male,clvr_cost_0.2_intro_0.2_5
271,16,A,0,Male,clvr_cost_0.2_intro_0.2_5
272,17,A,0,Male,clvr_cost_0.2_intro_0.2_5
273,18,A,0,Male,clvr_cost_0.2_intro_0.2_5
274,19,A,0,Male,clvr_cost_0.2_intro_0.2_5
275,20,A,0,Male,clvr_cost_0.2_intro_0.2_5
276,21,A,0,Male,clvr_cost_0.2_intro_0.2_5
277,22,A,0,Male,clvr_cost_0.2_intro_0.2_5
278,23,A,0,Male,clvr_cost_0.2_intro_0.2_5
279,24,A,0,Male,clvr_cost_0.2_intro_0.2_5
280,25,A,0,Male,clvr_cost_0.2_intro_0.2_5
281,26,A,0,Male,clvr_cost_0.2_intro_0.2_5
282,27,A,0,Male,clvr_cost_0.2_intro_0.2_5
283,28,A,0,Male,clvr_cost_0.2_intro_0.2_5
284,29,A,0,Male,clvr_cost_0.2_intro_0.2_5
285,30,A,0,Male,clvr_cost_0.2_intro_0.2_5
286,31,A,0,Male,clvr_cost_0.2_intro_0.2_5
287,32,A,0,Male,clvr_cost_0.2_intro_0.2_5
288,33,A,0,Male,clvr_cost_0.2_intro_0.2_5
289,34,A,0,Male,clvr_cost_0.2_intro_0.2_5
290,35,A,0,Male,clvr_cost_0.2_intro_0.2_5
291,36,A,0,Male,clvr_cost_0.2_intro_0.2_5
292,37,A,0,Male,clvr_cost_0.2_intro_0.2_5
293,38,A,0,Male,clvr_cost_0.2_intro_0.2_5
294,39,A,0,Male,clvr_cost_0.2_intro_0.2_5
295,40,A,0,Male,clvr_cost_0.2_intro_0.2_5
296,41,A,0,Male,clvr_cost_0.2_intro_0.2_5
297,42,A,0,Male,clvr_cost_0.2_intro_0.2_5
298,43,A,0,Male,clvr_cost_0.2_intro_0.2_5
299,44,A,0,Male,clvr_cost_0.2_intro_0.2_5
300,45,A,0,Male,clvr_cost_0.2_intro_0.2_5
301,46,A,0,Male,clvr_cost_0.2_intro_0.2_5
302,47,A,0,Male,clvr_cost_0.2_intro_0.2_5
303,48,A,0,Male,clvr_cost_0.2_intro_0.2_5
304,49,A,0,Male,clvr_cost_0.2_intro_0.2_5
305,50,A,0,Male,clvr_cost_0.2_intro_0.2_5
306,0,V,4000,Male,clvr_cost_0.2_intro_0.2_5
307,1,V,1226,Male,clvr_cost_0.2_intro_0.2_5
308,2,V,1758,Male,clvr_cost_0.2_intro_0.2_5
309,3,V,2198,Male,clvr_cost_0.2_intro_0.2_5
310,4,V,2850,Male,clvr_cost_0.2_intro_0.2_5
311,5,V,3534,Male,clvr_cost_0.2_intro_0.2_5
312,6,V,4450,Male,clvr_cost_0.2_intro_0.2_5
313,7,V,5331,Male,clvr_cost_0.2_intro_0.2_5
314,8,V,6382,Male,clvr_cost_0.2_intro_0.2_5
315,9,V,7419,Male,clvr_cost_0.2_intro_0.2_5
316,10,V,7583,Male,clvr_cost_0.2_intro_0.2_5
317,11,V,7548,Male,clvr_cost_0.2_intro_0.2_5
318,12,V,7536,Male,clvr_cost_0.2_intro_0.2_5
319,13,V,7546,Male,clvr_cost_0.2_intro_0.2_5
320,14,V,7526,Male,clvr_cost_0.2_intro_0.2_5
321,15,V,7760,Male,clvr_cost_0.2_intro_0.2_5
322,16,V,7752,Male,clvr_cost_0.2_intro_0.2_5
323,17,V,7620,Male,clvr_cost_0.2_intro_0.2_5
324,18,V,7558,Male,clvr_cost_0.2_intro_0.2_5
325,19,V,7474,Male,clvr_cost_0.2_intro_0.2_5
326,20,V,7612,Male,clvr_cost_0.2_intro_0.2_5
327,21,V,7608,Male,clvr_cost_0.2_intro_0.2_5
328,22,V,7634,Male,clvr_cost_0.2_intro_0.2_5
329,23,V,7814,Male,clvr_cost_0.2_intro_0.2_5
330,24,V,7486,Male,clvr_cost_0.2_intro_0.2_5
331,25,V,7638,Male,clvr_cost_0.2_intro_0.2_5
332,26,V,7692,Male,clvr_cost_0.2_intro_0.2_5
333,27,V,7676,Male,clvr_cost_0.2_intro_0.2_5
334,28,V,7638,Male,clvr_cost_0.2_intro_0.2_5
335,29,V,7714,Male,clvr_cost_0.2_intro_0.2_5
336,30,V,7488,Male,clvr_cost_0.2_intro_0.2_5
337,31,V,7500,Male,clvr_cost_0.2_intro_0.2_5
338,32,V,7936,Male,clvr_cost_0.2_intro_0.2_5
339,33,V,7730,Male,clvr_cost_0.2_intro_0.2_5
340,34,V,7818,Male,clvr_cost_0.2_intro_0.2_5
341,35,V,7500,Male,clvr_cost_0.2_intro_0.2_5
342,36,V,7624,Male,clvr_cost_0.2_intro_0.2_5
343,37,V,7674,Male,clvr_cost_0.2_intro_0.2_5
344,38,V,7602,Male,clvr_cost_0.2_intro_0.2_5
345,39,V,7480,Male,clvr_cost_0.2_intro_0.2_5
346,40,V,7670,Male,clvr_cost_0.2_intro_0.2_5
347,41,V,7754,Male,clvr_cost_0.2_intro_0.2_5
348,42,V,7540,Male,clvr_cost_0.2_intro_0.2_5
349,43,V,7750,Male,clvr_cost_0.2_intro_0.2_5
350,44,V,7670,Male,clvr_cost_0.2_intro_0.2_5
351,45,V,7608,Male,clvr_cost_0.2_intro_0.2_5
352,46,V,7412,Male,clvr_cost_0.2_intro_0.2_5
353,47,V,7498,Male,clvr_cost_0.2_intro_0.2_5
354,48,V,7700,Male,clvr_cost_0.2_intro_0.2_5
355,49,V,7702,Male,clvr_cost_0.2_intro_0.2_5
356,50,V,7798,Male,clvr_cost_0.2_intro_0.2_5
357,0,W,10000,Male,clvr_cost_0.2_intro_0.2_5
358,1,W,7474,Male,clvr_cost_0.2_intro_0.2_5
359,2,W,6542,Male,clvr_cost_0.2_intro_0.2_5
360,3,W,5428,Male,clvr_cost_0.2_intro_0.2_5
361,4,W,4300,Male,clvr_cost_0.2_intro_0.2_5
362,5,W,2936,Male,clvr_cost_0.2_intro_0.2_5
363,6,W,1584,Male,clvr_cost_0.2_intro_0.2_5
364,7,W,541,Male,clvr_cost_0.2_intro_0.2_5
365,8,W,120,Male,clvr_cost_0.2_intro_0.2_5
366,9,W,11,Male,clvr_cost_0.2_intro_0.2_5
367,10,W,1,Male,clvr_cost_0.2_intro_0.2_5
368,11,W,0,Male,clvr_cost_0.2_intro_0.2_5
369,12,W,0,Male,clvr_cost_0.2_intro_0.2_5
370,13,W,0,Male,clvr_cost_0.2_intro_0.2_5
371,14,W,0,Male,clvr_cost_0.2_intro_0.2_5
372,15,W,0,Male,clvr_cost_0.2_intro_0.2_5
373,16,W,0,Male,clvr_cost_0.2_intro_0.2_5
374,17,W,0,Male,clvr_cost_0.2_intro_0.2_5
375,18,W,0,Male,clvr_cost_0.2_intro_0.2_5
376,19,W,0,Male,clvr_cost_0.2_intro_0.2_5
377,20,W,0,Male,clvr_cost_0.2_intro_0.2_5
378,21,W,0,Male,clvr_cost_0.2_intro_0.2_5
379,22,W,0,Male,clvr_cost_0.2_intro_0.2_5
380,23,W,0,Male,clvr_cost_0.2_intro_0.2_5
381,24,W,0,Male,clvr_cost_0.2_intro_0.2_5
382,25,W,0,Male,clvr_cost_0.2_intro_0.2_5
383,26,W,0,Male,clvr_cost_0.2_intro_0.2_5
384,27,W,0,Male,clvr_cost_0.2_intro_0.2_5
385,28,W,0,Male,clvr_cost_0.2_intro_0.2_5
386,29,W,0,Male,clvr_cost_0.2_intro_0.2_5
387,30,W,0,Male,clvr_cost_0.2_intro_0.2_5
388,31,W,0,Male,clvr_cost_0.2_intro_0.2_5
389,32,W,0,Male,clvr_cost_0.2_intro_0.2_5
390,33,W,0,Male,clvr_cost_0.2_intro_0.2_5
391,34,W,0,Male,clvr_cost_0.2_intro_0.2_5
392,35,W,0,Male,clvr_cost_0.2_intro_0.2_5
393,36,W,0,Male,clvr_cost_0.2_intro_0.2_5
394,37,W,0,Male,clvr_cost_0.2_intro_0.2_5
395,38,W,0,Male,clvr_cost_0.2_intro_0.2_5
396,39,W,0,Male,clvr_cost_0.2_intro_0.2_5
397,40,W,0,Male,clvr_cost_0.2_intro_0.2_5
398,41,W,0,Male,clvr_cost_0.2_intro_0.2_5
399,42,W,0,Male,clvr_cost_0.2_intro_0.2_5
400,43,W,0,Male,clvr_cost_0.2_intro_0.2_5
401,44,W,0,Male,clvr_cost_0.2_intro_0.2_5
402,45,W,0,Male,clvr_cost_0.2_intro_0.2_5
403,46,W,0,Male,clvr_cost_0.2_intro_0.2_5
404,47,W,0,Male,clvr_cost_0.2_intro_0.2_5
405,48,W,0,Male,clvr_cost_0.2_intro_0.2_5
406,49,W,0,Male,clvr_cost_0.2_intro_0.2_5
407,50,W,0,Male,clvr_cost_0.2_intro_0.2_5
,Generation,Allele,Count,Sex,Run
0,0,C,0,Female,clvr_cost_0.2_intro_0.2_6
1,1,C,1191,Female,clvr_cost_0.2_intro_0.2_6
2,2,C,1725,Female,clvr_cost_0.2_intro_0.2_6
3,3,C,2109,Female,clvr_cost_0.2_intro_0.2_6
4,4,C,2712,Female,clvr_cost_0.2_intro_0.2_6
5,5,C,3319,Female,clvr_cost_0.2_intro_0.2_6
6,6,C,4266,Female,clvr_cost_0.2_intro_0.2_6
7,7,C,5284,Female,clvr_cost_0.2_intro_0.2_6
8,8,C,6366,Female,clvr_cost_0.2_intro_0.2_6
9,9,C,7332,Female,clvr_cost_0.2_intro_0.2_6
10,10,C,7632,Female,clvr_cost_0.2_intro_0.2_6
11,11,C,7406,Female,clvr_cost_0.2_intro_0.2_6
12,12,C,7484,Female,clvr_cost_0.2_intro_0.2_6
13,13,C,7600,Female,clvr_cost_0.2_intro_0.2_6
14,14,C,7764,Female,clvr_cost_0.2_intro_0.2_6
15,15,C,7520,Female,clvr_cost_0.2_intro_0.2_6
16,16,C,7512,Female,clvr_cost_0.2_intro_0.2_6
17,17,C,7524,Female,clvr_cost_0.2_intro_0.2_6
18,18,C,7508,Female,clvr_cost_0.2_intro_0.2_6
19,19,C,7340,Female,clvr_cost_0.2_intro_0.2_6
20,20,C,7414,Female,clvr_cost_0.2_intro_0.2_6
21,21,C,7458,Female,clvr_cost_0.2_intro_0.2_6
22,22,C,7348,Female,clvr_cost_0.2_intro_0.2_6
23,23,C,7478,Female,clvr_cost_0.2_intro_0.2_6
24,24,C,7314,Female,clvr_cost_0.2_intro_0.2_6
25,25,C,7446,Female,clvr_cost_0.2_intro_0.2_6
26,26,C,7464,Female,clvr_cost_0.2_intro_0.2_6
27,27,C,7404,Female,clvr_cost_0.2_intro_0.2_6
28,28,C,7464,Female,clvr_cost_0.2_intro_0.2_6
29,29,C,7458,Female,clvr_cost_0.2_intro_0.2_6
30,30,C,7558,Female,clvr_cost_0.2_intro_0.2_6
31,31,C,7662,Female,clvr_cost_0.2_intro_0.2_6
32,32,C,7386,Female,clvr_cost_0.2_intro_0.2_6
33,33,C,7596,Female,clvr_cost_0.2_intro_0.2_6
34,34,C,7686,Female,clvr_cost_0.2_intro_0.2_6
35,35,C,7690,Female,clvr_cost_0.2_intro_0.2_6
36,36,C,7586,Female,clvr_cost_0.2_intro_0.2_6
37,37,C,7634,Female,clvr_cost_0.2_intro_0.2_6
38,38,C,7392,Female,clvr_cost_0.2_intro_0.2_6
39,39,C,7254,Female,clvr_cost_0.2_intro_0.2_6
40,40,C,7504,Female,clvr_cost_0.2_intro_0.2_6
41,41,C,7648,Female,clvr_cost_0.2_intro_0.2_6
42,42,C,7588,Female,clvr_cost_0.2_intro_0.2_6
43,43,C,7584,Female,clvr_cost_0.2_intro_0.2_6
44,44,C,7720,Female,clvr_cost_0.2_intro_0.2_6
45,45,C,7792,Female,clvr_cost_0.2_intro_0.2_6
46,46,C,7848,Female,clvr_cost_0.2_intro_0.2_6
47,47,C,7638,Female,clvr_cost_0.2_intro_0.2_6
48,48,C,7618,Female,clvr_cost_0.2_intro_0.2_6
49,49,C,7634,Female,clvr_cost_0.2_intro_0.2_6
50,50,C,7496,Female,clvr_cost_0.2_intro_0.2_6
51,0,A,10000,Female,clvr_cost_0.2_intro_0.2_6
52,1,A,7295,Female,clvr_cost_0.2_intro_0.2_6
53,2,A,6531,Female,clvr_cost_0.2_intro_0.2_6
54,3,A,5435,Female,clvr_cost_0.2_intro_0.2_6
55,4,A,4120,Female,clvr_cost_0.2_intro_0.2_6
56,5,A,2877,Female,clvr_cost_0.2_intro_0.2_6
57,6,A,1644,Female,clvr_cost_0.2_intro_0.2_6
58,7,A,676,Female,clvr_cost_0.2_intro_0.2_6
59,8,A,150,Female,clvr_cost_0.2_intro_0.2_6
60,9,A,10,Female,clvr_cost_0.2_intro_0.2_6
61,10,A,0,Female,clvr_cost_0.2_intro_0.2_6
62,11,A,0,Female,clvr_cost_0.2_intro_0.2_6
63,12,A,0,Female,clvr_cost_0.2_intro_0.2_6
64,13,A,0,Female,clvr_cost_0.2_intro_0.2_6
65,14,A,0,Female,clvr_cost_0.2_intro_0.2_6
66,15,A,0,Female,clvr_cost_0.2_intro_0.2_6
67,16,A,0,Female,clvr_cost_0.2_intro_0.2_6
68,17,A,0,Female,clvr_cost_0.2_intro_0.2_6
69,18,A,0,Female,clvr_cost_0.2_intro_0.2_6
70,19,A,0,Female,clvr_cost_0.2_intro_0.2_6
71,20,A,0,Female,clvr_cost_0.2_intro_0.2_6
72,21,A,0,Female,clvr_cost_0.2_intro_0.2_6
73,22,A,0,Female,clvr_cost_0.2_intro_0.2_6
74,23,A,0,Female,clvr_cost_0.2_intro_0.2_6
75,24,A,0,Female,clvr_cost_0.2_intro_0.2_6
76,25,A,0,Female,clvr_cost_0.2_intro_0.2_6
77,26,A,0,Female,clvr_cost_0.2_intro_0.2_6
78,27,A,0,Female,clvr_cost_0.2_intro_0.2_6
79,28,A,0,Female,clvr_cost_0.2_intro_0.2_6
80,29,A,0,Female,clvr_cost_0.2_intro_0.2_6
81,30,A,0,Female,clvr_cost_0.2_intro_0.2_6
82,31,A,0,Female,clvr_cost_0.2_intro_0.2_6
83,32,A,0,Female,clvr_cost_0.2_intro_0.2_6
84,33,A,0,Female,clvr_cost_0.2_intro_0.2_6
85,34,A,0,Female,clvr_cost_0.2_intro_0.2_6
86,35,A,0,Female,clvr_cost_0.2_intro_0.2_6
87,36,A,0,Female,clvr_cost_0.2_intro_0.2_6
88,37,A,0,Female,clvr_cost_0.2_intro_0.2_6
89,38,A,0,Female,clvr_cost_0.2_intro_0.2_6
90,39,A,0,Female,clvr_cost_0.2_intro_0.2_6
91,40,A,0,Female,clvr_cost_0.2_intro_0.2_6
92,41,A,0,Female,clvr_cost_0.2_intro_0.2_6
93,42,A,0,Female,clvr_cost_0.2_intro_0.2_6
94,43,A,0,Female,clvr_cost_0.2_intro_0.2_6
95,44,A,0,Female,clvr_cost_0.2_intro_0.2_6
96,45,A,0,Female,clvr_cost_0.2_intro_0.2_6
97,46,A,0,Female,clvr_cost_0.2_intro_0.2_6
98,47,A,0,Female,clvr_cost_0.2_intro_0.2_6
99,48,A,0,Female,clvr_cost_0.2_intro_0.2_6
100,49,A,0,Female,clvr_cost_0.2_intro_0.2_6
101,50,A,0,Female,clvr_cost_0.2_intro_0.2_6
102,0,V,0,Female,clvr_cost_0.2_intro_0.2_6
103,1,V,1191,Female,clvr_cost_0.2_intro_0.2_6
104,2,V,1760,Female,clvr_cost_0.2_intro_0.2_6
105,3,V,2172,Female,clvr_cost_0.2_intro_0.2_6
106,4,V,2767,Female,clvr_cost_0.2_intro_0.2_6
107,5,V,3384,Female,clvr_cost_0.2_intro_0.2_6
108,6,V,4330,Female,clvr_cost_0.2_intro_0.2_6
109,7,V,5334,Female,clvr_cost_0.2_intro_0.2_6
110,8,V,6401,Female,clvr_cost_0.2_intro_0.2_6
111,9,V,7334,Female,clvr_cost_0.2_intro_0.2_6
112,10,V,7632,Female,clvr_cost_0.2_intro_0.2_6
113,11,V,7406,Female,clvr_cost_0.2_intro_0.2_6
114,12,V,7484,Female,clvr_cost_0.2_intro_0.2_6
115,13,V,7600,Female,clvr_cost_0.2_intro_0.2_6
116,14,V,7764,Female,clvr_cost_0.2_intro_0.2_6
117,15,V,7520,Female,clvr_cost_0.2_intro_0.2_6
118,16,V,7512,Female,clvr_cost_0.2_intro_0.2_6
119,17,V,7524,Female,clvr_cost_0.2_intro_0.2_6
120,18,V,7508,Female,clvr_cost_0.2_intro_0.2_6
121,19,V,7340,Female,clvr_cost_0.2_intro_0.2_6
122,20,V,7414,Female,clvr_cost_0.2_intro_0.2_6
123,21,V,7458,Female,clvr_cost_0.2_intro_0.2_6
124,22,V,7348,Female,clvr_cost_0.2_intro_0.2_6
125,23,V,7478,Female,clvr_cost_0.2_intro_0.2_6
126,24,V,7314,Female,clvr_cost_0.2_intro_0.2_6
127,25,V,7446,Female,clvr_cost_0.2_intro_0.2_6
128,26,V,7464,Female,clvr_cost_0.2_intro_0.2_6
129,27,V,7404,Female,clvr_cost_0.2_intro_0.2_6
130,28,V,7464,Female,clvr_cost_0.2_intro_0.2_6
131,29,V,7458,Female,clvr_cost_0.2_intro_0.2_6
132,30,V,7558,Female,clvr_cost_0.2_intro_0.2_6
133,31,V,7662,Female,clvr_cost_0.2_intro_0.2_6
134,32,V,7386,Female,clvr_cost_0.2_intro_0.2_6
135,33,V,7596,Female,clvr_cost_0.2_intro_0.2_6
136,34,V,7686,Female,clvr_cost_0.2_intro_0.2_6
137,35,V,7690,Female,clvr_cost_0.2_intro_0.2_6
138,36,V,7586,Female,clvr_cost_0.2_intro_0.2_6
139,37,V,7634,Female,clvr_cost_0.2_intro_0.2_6
140,38,V,7392,Female,clvr_cost_0.2_intro_0.2_6
141,39,V,7254,Female,clvr_cost_0.2_intro_0.2_6
142,40,V,7504,Female,clvr_cost_0.2_intro_0.2_6
143,41,V,7648,Female,clvr_cost_0.2_intro_0.2_6
144,42,V,7588,Female,clvr_cost_0.2_intro_0.2_6
145,43,V,7584,Female,clvr_cost_0.2_intro_0.2_6
146,44,V,7720,Female,clvr_cost_0.2_intro_0.2_6
147,45,V,7792,Female,clvr_cost_0.2_intro_0.2_6
148,46,V,7848,Female,clvr_cost_0.2_intro_0.2_6
149,47,V,7638,Female,clvr_cost_0.2_intro_0.2_6
150,48,V,7618,Female,clvr_cost_0.2_intro_0.2_6
151,49,V,7634,Female,clvr_cost_0.2_intro_0.2_6
152,50,V,7496,Female,clvr_cost_0.2_intro_0.2_6
153,0,W,10000,Female,clvr_cost_0.2_intro_0.2_6
154,1,W,7295,Female,clvr_cost_0.2_intro_0.2_6
155,2,W,6496,Female,clvr_cost_0.2_intro_0.2_6
156,3,W,5372,Female,clvr_cost_0.2_intro_0.2_6
157,4,W,4065,Female,clvr_cost_0.2_intro_0.2_6
158,5,W,2812,Female,clvr_cost_0.2_intro_0.2_6
159,6,W,1580,Female,clvr_cost_0.2_intro_0.2_6
160,7,W,626,Female,clvr_cost_0.2_intro_0.2_6
161,8,W,115,Female,clvr_cost_0.2_intro_0.2_6
162,9,W,8,Female,clvr_cost_0.2_intro_0.2_6
163,10,W,0,Female,clvr_cost_0.2_intro_0.2_6
164,11,W,0,Female,clvr_cost_0.2_intro_0.2_6
165,12,W,0,Female,clvr_cost_0.2_intro_0.2_6
166,13,W,0,Female,clvr_cost_0.2_intro_0.2_6
167,14,W,0,Female,clvr_cost_0.2_intro_0.2_6
168,15,W,0,Female,clvr_cost_0.2_intro_0.2_6
169,16,W,0,Female,clvr_cost_0.2_intro_0.2_6
170,17,W,0,Female,clvr_cost_0.2_intro_0.2_6
171,18,W,0,Female,clvr_cost_0.2_intro_0.2_6
172,19,W,0,Female,clvr_cost_0.2_intro_0.2_6
173,20,W,0,Female,clvr_cost_0.2_intro_0.2_6
174,21,W,0,Female,clvr_cost_0.2_intro_0.2_6
175,22,W,0,Female,clvr_cost_0.2_intro_0.2_6
176,23,W,0,Female,clvr_cost_0.2_intro_0.2_6
177,24,W,0,Female,clvr_cost_0.2_intro_0.2_6
178,25,W,0,Female,clvr_cost_0.2_intro_0.2_6
179,26,W,0,Female,clvr_cost_0.2_intro_0.2_6
180,27,W,0,Female,clvr_cost_0.2_intro_0.2_6
181,28,W,0,Female,clvr_cost_0.2_intro_0.2_6
182,29,W,0,Female,clvr_cost_0.2_intro_0.2_6
183,30,W,0,Female,clvr_cost_0.2_intro_0.2_6
184,31,W,0,Female,clvr_cost_0.2_intro_0.2_6
185,32,W,0,Female,clvr_cost_0.2_intro_0.2_6
186,33,W,0,Female,clvr_cost_0.2_intro_0.2_6
187,34,W,0,Female,clvr_cost_0.2_intro_0.2_6
188,35,W,0,Female,clvr_cost_0.2_intro_0.2_6
189,36,W,0,Female,clvr_cost_0.2_intro_0.2_6
190,37,W,0,Female,clvr_cost_0.2_intro_0.2_6
191,38,W,0,Female,clvr_cost_0.2_intro_0.2_6
192,39,W,0,Female,clvr_cost_0.2_intro_0.2_6
193,40,W,0,Female,clvr_cost_0.2_intro_0.2_6
194,41,W,0,Female,clvr_cost_0.2_intro_0.2_6
195,42,W,0,Female,clvr_cost_0.2_intro_0.2_6
196,43,W,0,Female,clvr_cost_0.2_intro_0.2_6
197,44,W,0,Female,clvr_cost_0.2_intro_0.2_6
198,45,W,0,Female,clvr_cost_0.2_intro_0.2_6
199,46,W,0,Female,clvr_cost_0.2_intro_0.2_6
200,47,W,0,Female,clvr_cost_0.2_intro_0.2_6
201,48,W,0,Female,clvr_cost_0.2_intro_0.2_6
202,49,W,0,Female,clvr_cost_0.2_intro_0.2_6
203,50,W,0,Female,clvr_cost_0.2_intro_0.2_6
204,0,C,4000,Male,clvr_cost_0.2_intro_0.2_6
205,1,C,1264,Male,clvr_cost_0.2_intro_0.2_6
206,2,C,1695,Male,clvr_cost_0.2_intro_0.2_6
207,3,C,2192,Male,clvr_cost_0.2_intro_0.2_6
208,4,C,2750,Male,clvr_cost_0.2_intro_0.2_6
209,5,C,3465,Male,clvr_cost_0.2_intro_0.2_6
210,6,C,4372,Male,clvr_cost_0.2_intro_0.2_6
211,7,C,5416,Male,clvr_cost_0.2_intro_0.2_6
212,8,C,6481,Male,clvr_cost_0.2_intro_0.2_6
213,9,C,7385,Male,clvr_cost_0.2_intro_0.2_6
214,10,C,7722,Male,clvr_cost_0.2_intro_0.2_6
215,11,C,7760,Male,clvr_cost_0.2_intro_0.2_6
216,12,C,7562,Male,clvr_cost_0.2_intro_0.2_6
217,13,C,7654,Male,clvr_cost_0.2_intro_0.2_6
218,14,C,7794,Male,clvr_cost_0.2_intro_0.2_6
219,15,C,7638,Male,clvr_cost_0.2_intro_0.2_6
220,16,C,7528,Male,clvr_cost_0.2_intro_0.2_6
221,17,C,7770,Male,clvr_cost_0.2_intro_0.2_6
222,18,C,7730,Male,clvr_cost_0.2_intro_0.2_6
223,19,C,7420,Male,clvr_cost_0.2_intro_0.2_6
224,20,C,7700,Male,clvr_cost_0.2_intro_0.2_6
225,21,C,7526,Male,clvr_cost_0.2_intro_0.2_6
226,22,C,7736,Male,clvr_cost_0.2_intro_0.2_6
227,23,C,7558,Male,clvr_cost_0.2_intro_0.2_6
228,24,C,7618,Male,clvr_cost_0.2_intro_0.2_6
229,25,C,7496,Male,clvr_cost_0.2_intro_0.2_6
230,26,C,7708,Male,clvr_cost_0.2_intro_0.2_6
231,27,C,7490,Male,clvr_cost_0.2_intro_0.2_6
232,28,C,7474,Male,clvr_cost_0.2_intro_0.2_6
233,29,C,7582,Male,clvr_cost_0.2_intro_0.2_6
234,30,C,7590,Male,clvr_cost_0.2_intro_0.2_6
235,31,C,7678,Male,clvr_cost_0.2_intro_0.2_6
236,32,C,7728,Male,clvr_cost_0.2_intro_0.2_6
237,33,C,7626,Male,clvr_cost_0.2_intro_0.2_6
238,34,C,7732,Male,clvr_cost_0.2_intro_0.2_6
239,35,C,7760,Male,clvr_cost_0.2_intro_0.2_6
240,36,C,7710,Male,clvr_cost_0.2_intro_0.2_6
241,37,C,7660,Male,clvr_cost_0.2_intro_0.2_6
242,38,C,7708,Male,clvr_cost_0.2_intro_0.2_6
243,39,C,7374,Male,clvr_cost_0.2_intro_0.2_6
244,40,C,7522,Male,clvr_cost_0.2_intro_0.2_6
245,41,C,7766,Male,clvr_cost_0.2_intro_0.2_6
246,42,C,7664,Male,clvr_cost_0.2_intro_0.2_6
247,43,C,7638,Male,clvr_cost_0.2_intro_0.2_6
248,44,C,7756,Male,clvr_cost_0.2_intro_0.2_6
249,45,C,7802,Male,clvr_cost_0.2_intro_0.2_6
250,46,C,7866,Male,clvr_cost_0.2_intro_0.2_6
251,47,C,7736,Male,clvr_cost_0.2_intro_0.2_6
252,48,C,7666,Male,clvr_cost_0.2_intro_0.2_6
253,49,C,7674,Male,clvr_cost_0.2_intro_0.2_6
254,50,C,7656,Male,clvr_cost_0.2_intro_0.2_6
255,0,A,10000,Male,clvr_cost_0.2_intro_0.2_6
256,1,A,7488,Male,clvr_cost_0.2_intro_0.2_6
257,2,A,6625,Male,clvr_cost_0.2_intro_0.2_6
258,3,A,5558,Male,clvr_cost_0.2_intro_0.2_6
259,4,A,4344,Male,clvr_cost_0.2_intro_0.2_6
260,5,A,2793,Male,clvr_cost_0.2_intro_0.2_6
261,6,A,1650,Male,clvr_cost_0.2_intro_0.2_6
262,7,A,648,Male,clvr_cost_0.2_intro_0.2_6
263,8,A,127,Male,clvr_cost_0.2_intro_0.2_6
264,9,A,15,Male,clvr_cost_0.2_intro_0.2_6
265,10,A,2,Male,clvr_cost_0.2_intro_0.2_6
266,11,A,0,Male,clvr_cost_0.2_intro_0.2_6
267,12,A,0,Male,clvr_cost_0.2_intro_0.2_6
268,13,A,0,Male,clvr_cost_0.2_intro_0.2_6
269,14,A,0,Male,clvr_cost_0.2_intro_0.2_6
270,15,A,0,Male,clvr_cost_0.2_intro_0.2_6
271,16,A,0,Male,clvr_cost_0.2_intro_0.2_6
272,17,A,0,Male,clvr_cost_0.2_intro_0.2_6
273,18,A,0,Male,clvr_cost_0.2_intro_0.2_6
274,19,A,0,Male,clvr_cost_0.2_intro_0.2_6
275,20,A,0,Male,clvr_cost_0.2_intro_0.2_6
276,21,A,0,Male,clvr_cost_0.2_intro_0.2_6
277,22,A,0,Male,clvr_cost_0.2_intro_0.2_6
278,23,A,0,Male,clvr_cost_0.2_intro_0.2_6
279,24,A,0,Male,clvr_cost_0.2_intro_0.2_6
280,25,A,0,Male,clvr_cost_0.2_intro_0.2_6
281,26,A,0,Male,clvr_cost_0.2_intro_0.2_6
282,27,A,0,Male,clvr_cost_0.2_intro_0.2_6
283,28,A,0,Male,clvr_cost_0.2_intro_0.2_6
284,29,A,0,Male,clvr_cost_0.2_intro_0.2_6
285,30,A,0,Male,clvr_cost_0.2_intro_0.2_6
286,31,A,0,Male,clvr_cost_0.2_intro_0.2_6
287,32,A,0,Male,clvr_cost_0.2_intro_0.2_6
288,33,A,0,Male,clvr_cost_0.2_intro_0.2_6
289,34,A,0,Male,clvr_cost_0.2_intro_0.2_6
290,35,A,0,Male,clvr_cost_0.2_intro_0.2_6
291,36,A,0,Male,clvr_cost_0.2_intro_0.2_6
292,37,A,0,Male,clvr_cost_0.2_intro_0.2_6
293,38,A,0,Male,clvr_cost_0.2_intro_0.2_6
294,39,A,0,Male,clvr_cost_0.2_intro_0.2_6
295,40,A,0,Male,clvr_cost_0.2_intro_0.2_6
296,41,A,0,Male,clvr_cost_0.2_intro_0.2_6
297,42,A,0,Male,clvr_cost_0.2_intro_0.2_6
298,43,A,0,Male,clvr_cost_0.2_intro_0.2_6
299,44,A,0,Male,clvr_cost_0.2_intro_0.2_6
300,45,A,0,Male,clvr_cost_0.2_intro_0.2_6
301,46,A,0,Male,clvr_cost_0.2_intro_0.2_6
302,47,A,0,Male,clvr_cost_0.2_intro_0.2_6
303,48,A,0,Male,clvr_cost_0.2_intro_0.2_6
304,49,A,0,Male,clvr_cost_0.2_intro_0.2_6
305,50,A,0,Male,clvr_cost_0.2_intro_0.2_6
306,0,V,4000,Male,clvr_cost_0.2_intro_0.2_6
307,1,V,1264,Male,clvr_cost_0.2_intro_0.2_6
308,2,V,1738,Male,clvr_cost_0.2_intro_0.2_6
309,3,V,2240,Male,clvr_cost_0.2_intro_0.2_6
310,4,V,2812,Male,clvr_cost_0.2_intro_0.2_6
311,5,V,3531,Male,clvr_cost_0.2_intro_0.2_6
312,6,V,4420,Male,clvr_cost_0.2_intro_0.2_6
313,7,V,5471,Male,clvr_cost_0.2_intro_0.2_6
314,8,V,6504,Male,clvr_cost_0.2_intro_0.2_6
315,9,V,7390,Male,clvr_cost_0.2_intro_0.2_6
316,10,V,7722,Male,clvr_cost_0.2_intro_0.2_6
317,11,V,7760,Male,clvr_cost_0.2_intro_0.2_6
318,12,V,7562,Male,clvr_cost_0.2_intro_0.2_6
319,13,V,7654,Male,clvr_cost_0.2_intro_0.2_6
320,14,V,7794,Male,clvr_cost_0.2_intro_0.2_6
321,15,V,7638,Male,clvr_cost_0.2_intro_0.2_6
322,16,V,7528,Male,clvr_cost_0.2_intro_0.2_6
323,17,V,7770,Male,clvr_cost_0.2_intro_0.2_6
324,18,V,7730,Male,clvr_cost_0.2_intro_0.2_6
325,19,V,7420,Male,clvr_cost_0.2_intro_0.2_6
326,20,V,7700,Male,clvr_cost_0.2_intro_0.2_6
327,21,V,7526,Male,clvr_cost_0.2_intro_0.2_6
328,22,V,7736,Male,clvr_cost_0.2_intro_0.2_6
329,23,V,7558,Male,clvr_cost_0.2_intro_0.2_6
330,24,V,7618,Male,clvr_cost_0.2_intro_0.2_6
331,25,V,7496,Male,clvr_cost_0.2_intro_0.2_6
332,26,V,7708,Male,clvr_cost_0.2_intro_0.2_6
333,27,V,7490,Male,clvr_cost_0.2_intro_0.2_6
334,28,V,7474,Male,clvr_cost_0.2_intro_0.2_6
335,29,V,7582,Male,clvr_cost_0.2_intro_0.2_6
336,30,V,7590,Male,clvr_cost_0.2_intro_0.2_6
337,31,V,7678,Male,clvr_cost_0.2_intro_0.2_6
338,32,V,7728,Male,clvr_cost_0.2_intro_0.2_6
339,33,V,7626,Male,clvr_cost_0.2_intro_0.2_6
340,34,V,7732,Male,clvr_cost_0.2_intro_0.2_6
341,35,V,7760,Male,clvr_cost_0.2_intro_0.2_6
342,36,V,7710,Male,clvr_cost_0.2_intro_0.2_6
343,37,V,7660,Male,clvr_cost_0.2_intro_0.2_6
344,38,V,7708,Male,clvr_cost_0.2_intro_0.2_6
345,39,V,7374,Male,clvr_cost_0.2_intro_0.2_6
346,40,V,7522,Male,clvr_cost_0.2_intro_0.2_6
347,41,V,7766,Male,clvr_cost_0.2_intro_0.2_6
348,42,V,7664,Male,clvr_cost_0.2_intro_0.2_6
349,43,V,7638,Male,clvr_cost_0.2_intro_0.2_6
350,44,V,7756,Male,clvr_cost_0.2_intro_0.2_6
351,45,V,7802,Male,clvr_cost_0.2_intro_0.2_6
352,46,V,7866,Male,clvr_cost_0.2_intro_0.2_6
353,47,V,7736,Male,clvr_cost_0.2_intro_0.2_6
354,48,V,7666,Male,clvr_cost_0.2_intro_0.2_6
355,49,V,7674,Male,clvr_cost_0.2_intro_0.2_6
356,50,V,7656,Male,clvr_cost_0.2_intro_0.2_6
357,0,W,10000,Male,clvr_cost_0.2_intro_0.2_6
358,1,W,7488,Male,clvr_cost_0.2_intro_0.2_6
359,2,W,6582,Male,clvr_cost_0.2_intro_0.2_6
360,3,W,5510,Male,clvr_cost_0.2_intro_0.2_6
361,4,W,4282,Male,clvr_cost_0.2_intro_0.2_6
362,5,W,2727,Male,clvr_cost_0.2_intro_0.2_6
363,6,W,1602,Male,clvr_cost_0.2_intro_0.2_6
364,7,W,593,Male,clvr_cost_0.2_intro_0.2_6
365,8,W,104,Male,clvr_cost_0.2_intro_0.2_6
366,9,W,10,Male,clvr_cost_0.2_intro_0.2_6
367,10,W,2,Male,clvr_cost_0.2_intro_0.2_6
368,11,W,0,Male,clvr_cost_0.2_intro_0.2_6
369,12,W,0,Male,clvr_cost_0.2_intro_0.2_6
370,13,W,0,Male,clvr_cost_0.2_intro_0.2_6
371,14,W,0,Male,clvr_cost_0.2_intro_0.2_6
372,15,W,0,Male,clvr_cost_0.2_intro_0.2_6
373,16,W,0,Male,clvr_cost_0.2_intro_0.2_6
374,17,W,0,Male,clvr_cost_0.2_intro_0.2_6
375,18,W,0,Male,clvr_cost_0.2_intro_0.2_6
376,19,W,0,Male,clvr_cost_0.2_intro_0.2_6
377,20,W,0,Male,clvr_cost_0.2_intro_0.2_6
378,21,W,0,Male,clvr_cost_0.2_intro_0.2_6
379,22,W,0,Male,clvr_cost_0.2_intro_0.2_6
380,23,W,0,Male,clvr_cost_0.2_intro_0.2_6
381,24,W,0,Male,clvr_cost_0.2_intro_0.2_6
382,25,W,0,Male,clvr_cost_0.2_intro_0.2_6
383,26,W,0,Male,clvr_cost_0.2_intro_0.2_6
384,27,W,0,Male,clvr_cost_0.2_intro_0.2_6
385,28,W,0,Male,clvr_cost_0.2_intro_0.2_6
386,29,W,0,Male,clvr_cost_0.2_intro_0.2_6
387,30,W,0,Male,clvr_cost_0.2_intro_0.2_6
388,31,W,0,Male,clvr_cost_0.2_intro_0.2_6
389,32,W,0,Male,clvr_cost_0.2_intro_0.2_6
390,33,W,0,Male,clvr_cost_0.2_intro_0.2_6
391,34,W,0,Male,clvr_cost_0.2_intro_0.2_6
392,35,W,0,Male,clvr_cost_0.2_intro_0.2_6
393,36,W,0,Male,clvr_cost_0.2_intro_0.2_6
394,37,W,0,Male,clvr_cost_0.2_intro_0.2_6
395,38,W,0,Male,clvr_cost_0.2_intro_0.2_6
396,39,W,0,Male,clvr_cost_0.2_intro_0.2_6
397,40,W,0,Male,clvr_cost_0.2_intro_0.2_6
398,41,W,0,Male,clvr_cost_0.2_intro_0.2_6
399,42,W,0,Male,clvr_cost_0.2_intro_0.2_6
400,43,W,0,Male,clvr_cost_0.2_intro_0.2_6
401,44,W,0,Male,clvr_cost_0.2_intro_0.2_6
402,45,W,0,Male,clvr_cost_0.2_intro_0.2_6
403,46,W,0,Male,clvr_cost_0.2_intro_0.2_6
404,47,W,0,Male,clvr_cost_0.2_intro_0.2_6
405,48,W,0,Male,clvr_cost_0.2_intro_0.2_6
406,49,W,0,Male,clvr_cost_0.2_intro_0.2_6
407,50,W,0,Male,clvr_cost_0.2_intro_0.2_6
,Generation,Allele,Count,Sex,Run
0,0,C,0,Female,clvr_cost_0.2_intro_0.2_7
1,1,C,1234,Female,clvr_cost_0.2_intro_0.2_7
2,2,C,1577,Female,clvr_cost_0.2_intro_0.2_7
3,3,C,2071,Female,clvr_cost_0.2_intro_0.2_7
4,4,C,2679,Female,clvr_cost_0.2_intro_0.2_7
5,5,C,3469,Female,clvr_cost_0.2_intro_0.2_7
6,6,C,4187,Female,clvr_cost_0.2_intro_0.2_7
7,7,C,5223,Female,clvr_cost_0.2_intro_0.2_7
8,8,C,6396,Female,clvr_cost_0.2_intro_0.2_7
9,9,C,7196,Female,clvr_cost_0.2_intro_0.2_7
10,10,C,7264,Female,clvr_cost_0.2_intro_0.2_7
11,11,C,7258,Female,clvr_cost_0.2_intro_0.2_7
12,12,C,7570,Female,clvr_cost_0.2_intro_0.2_7
13,13,C,7500,Female,clvr_cost_0.2_intro_0.2_7
14,14,C,7432,Female,clvr_cost_0.2_intro_0.2_7
15,15,C,7390,Female,clvr_cost_0.2_intro_0.2_7
16,16,C,7544,Female,clvr_cost_0.2_intro_0.2_7
17,17,C,7372,Female,clvr_cost_0.2_intro_0.2_7
18,18,C,7196,Female,clvr_cost_0.2_intro_0.2_7
19,19,C,7506,Female,clvr_cost_0.2_intro_0.2_7
20,20,C,7490,Female,clvr_cost_0.2_intro_0.2_7
21,21,C,7350,Female,clvr_cost_0.2_intro_0.2_7
22,22,C,7572,Female,clvr_cost_0.2_intro_0.2_7
23,23,C,7550,Female,clvr_cost_0.2_intro_0.2_7
24,24,C,7458,Female,clvr_cost_0.2_intro_0.2_7
25,25,C,7458,Female,clvr_cost_0.2_intro_0.2_7
26,26,C,7518,Female,clvr_cost_0.2_intro_0.2_7
27,27,C,7500,Female,clvr_cost_0.2_intro_0.2_7
28,28,C,7610,Female,clvr_cost_0.2_intro_0.2_7
29,29,C,7652,Female,clvr_cost_0.2_intro_0.2_7
30,30,C,7682,Female,clvr_cost_0.2_intro_0.2_7
31,31,C,7432,Female,clvr_cost_0.2_intro_0.2_7
32,32,C,7482,Female,clvr_cost_0.2_intro_0.2_7
33,33,C,7554,Female,clvr_cost_0.2_intro_0.2_7
34,34,C,7436,Female,clvr_cost_0.2_intro_0.2_7
35,35,C,7612,Female,clvr_cost_0.2_intro_0.2_7
36,36,C,7504,Female,clvr_cost_0.2_intro_0.2_7
37,37,C,7614,Female,clvr_cost_0.2_intro_0.2_7
38,38,C,7544,Female,clvr_cost_0.2_intro_0.2_7
39,39,C,7748,Female,clvr_cost_0.2_intro_0.2_7
40,40,C,7466,Female,clvr_cost_0.2_intro_0.2_7
41,41,C,7616,Female,clvr_cost_0.2_intro_0.2_7
42,42,C,7688,Female,clvr_cost_0.2_intro_0.2_7
43,43,C,7654,Female,clvr_cost_0.2_intro_0.2_7
44,44,C,7614,Female,clvr_cost_0.2_intro_0.2_7
45,45,C,7488,Female,clvr_cost_0.2_intro_0.2_7
46,46,C,7538,Female,clvr_cost_0.2_intro_0.2_7
47,47,C,7510,Female,clvr_cost_0.2_intro_0.2_7
48,48,C,7452,Female,clvr_cost_0.2_intro_0.2_7
49,49,C,7394,Female,clvr_cost_0.2_intro_0.2_7
50,50,C,7512,Female,clvr_cost_0.2_intro_0.2_7
51,0,A,10000,Female,clvr_cost_0.2_intro_0.2_7
52,1,A,7466,Female,clvr_cost_0.2_intro_0.2_7
53,2,A,6379,Female,clvr_cost_0.2_intro_0.2_7
54,3,A,5425,Female,clvr_cost_0.2_intro_0.2_7
55,4,A,4357,Female,clvr_cost_0.2_intro_0.2_7
56,5,A,2951,Female,clvr_cost_0.2_intro_0.2_7
57,6,A,1667,Female,clvr_cost_0.2_intro_0.2_7
58,7,A,613,Female,clvr_cost_0.2_intro_0.2_7
59,8,A,88,Female,clvr_cost_0.2_intro_0.2_7
60,9,A,8,Female,clvr_cost_0.2_intro_0.2_7
61,10,A,2,Female,clvr_cost_0.2_intro_0.2_7
62,11,A,0,Female,clvr_cost_0.2_intro_0.2_7
63,12,A,0,Female,clvr_cost_0.2_intro_0.2_7
64,13,A,0,Female,clvr_cost_0.2_intro_0.2_7
65,14,A,0,Female,clvr_cost_0.2_intro_0.2_7
66,15,A,0,Female,clvr_cost_0.2_intro_0.2_7
67,16,A,0,Female,clvr_cost_0.2_intro_0.2_7
68,17,A,0,Female,clvr_cost_0.2_intro_0.2_7
69,18,A,0,Female,clvr_cost_0.2_intro_0.2_7
70,19,A,0,Female,clvr_cost_0.2_intro_0.2_7
71,20,A,0,Female,clvr_cost_0.2_intro_0.2_7
72,21,A,0,Female,clvr_cost_0.2_intro_0.2_7
73,22,A,0,Female,clvr_cost_0.2_intro_0.2_7
74,23,A,0,Female,clvr_cost_0.2_intro_0.2_7
75,24,A,0,Female,clvr_cost_0.2_intro_0.2_7
76,25,A,0,Female,clvr_cost_0.2_intro_0.2_7
77,26,A,0,Female,clvr_cost_0.2_intro_0.2_7
78,27,A,0,Female,clvr_cost_0.2_intro_0.2_7
79,28,A,0,Female,clvr_cost_0.2_intro_0.2_7
80,29,A,0,Female,clvr_cost_0.2_intro_0.2_7
81,30,A,0,Female,clvr_cost_0.2_intro_0.2_7
82,31,A,0,Female,clvr_cost_0.2_intro_0.2_7
83,32,A,0,Female,clvr_cost_0.2_intro_0.2_7
84,33,A,0,Female,clvr_cost_0.2_intro_0.2_7
85,34,A,0,Female,clvr_cost_0.2_intro_0.2_7
86,35,A,0,Female,clvr_cost_0.2_intro_0.2_7
87,36,A,0,Female,clvr_cost_0.2_intro_0.2_7
88,37,A,0,Female,clvr_cost_0.2_intro_0.2_7
89,38,A,0,Female,clvr_cost_0.2_intro_0.2_7
90,39,A,0,Female,clvr_cost_0.2_intro_0.2_7
91,40,A,0,Female,clvr_cost_0.2_intro_0.2_7
92,41,A,0,Female,clvr_cost_0.2_intro_0.2_7
93,42,A,0,Female,clvr_cost_0.2_intro_0.2_7
94,43,A,0,Female,clvr_cost_0.2_intro_0.2_7
95,44,A,0,Female,clvr_cost_0.2_intro_0.2_7
96,45,A,0,Female,clvr_cost_0.2_intro_0.2_7
97,46,A,0,Female,clvr_cost_0.2_intro_0.2_7
98,47,A,0,Female,clvr_cost_0.2_intro_0.2_7
99,48,A,0,Female,clvr_cost_0.2_intro_0.2_7
100,49,A,0,Female,clvr_cost_0.2_intro_0.2_7
101,50,A,0,Female,clvr_cost_0.2_intro_0.2_7
102,0,V,0,Female,clvr_cost_0.2_intro_0.2_7
103,1,V,1234,Female,clvr_cost_0.2_intro_0.2_7
104,2,V,1608,Female,clvr_cost_0.2_intro_0.2_7
105,3,V,2127,Female,clvr_cost_0.2_intro_0.2_7
106,4,V,2735,Female,clvr_cost_0.2_intro_0.2_7
107,5,V,3528,Female,clvr_cost_0.2_intro_0.2_7
108,6,V,4256,Female,clvr_cost_0.2_intro_0.2_7
109,7,V,5261,Female,clvr_cost_0.2_intro_0.2_7
110,8,V,6414,Female,clvr_cost_0.2_intro_0.2_7
111,9,V,7200,Female,clvr_cost_0.2_intro_0.2_7
112,10,V,7264,Female,clvr_cost_0.2_intro_0.2_7
113,11,V,7258,Female,clvr_cost_0.2_intro_0.2_7
114,12,V,7570,Female,clvr_cost_0.2_intro_0.2_7
115,13,V,7500,Female,clvr_cost_0.2_intro_0.2_7
116,14,V,7432,Female,clvr_cost_0.2_intro_0.2_7
117,15,V,7390,Female,clvr_cost_0.2_intro_0.2_7
118,16,V,7544,Female,clvr_cost_0.2_intro_0.2_7
119,17,V,7372,Female,clvr_cost_0.2_intro_0.2_7
120,18,V,7196,Female,clvr_cost_0.2_intro_0.2_7
121,19,V,7506,Female,clvr_cost_0.2_intro_0.2_7
122,20,V,7490,Female,clvr_cost_0.2_intro_0.2_7
123,21,V,7350,Female,clvr_cost_0.2_intro_0.2_7
124,22,V,7572,Female,clvr_cost_0.2_intro_0.2_7
125,23,V,7550,Female,clvr_cost_0.2_intro_0.2_7
126,24,V,7458,Female,clvr_cost_0.2_intro_0.2_7
127,25,V,7458,Female,clvr_cost_0.2_intro_0.2_7
128,26,V,7518,Female,clvr_cost_0.2_intro_0.2_7
129,27,V,7500,Female,clvr_cost_0.2_intro_0.2_7
130,28,V,7610,Female,clvr_cost_0.2_intro_0.2_7
131,29,V,7652,Female,clvr_cost_0.2_intro_0.2_7
132,30,V,7682,Female,clvr_cost_0.2_intro_0.2_7
133,31,V,7432,Female,clvr_cost_0.2_intro_0.2_7
134,32,V,7482,Female,clvr_cost_0.2_intro_0.2_7
135,33,V,7554,Female,clvr_cost_0.2_intro_0.2_7
136,34,V,7436,Female,clvr_cost_0.2_intro_0.2_7
137,35,V,7612,Female,clvr_cost_0.2_intro_0.2_7
138,36,V,7504,Female,clvr_cost_0.2_intro_0.2_7
139,37,V,7614,Female,clvr_cost_0.2_intro_0.2_7
140,38,V,7544,Female,clvr_cost_0.2_intro_0.2_7
141,39,V,7748,Female,clvr_cost_0.2_intro_0.2_7
142,40,V,7466,Female,clvr_cost_0.2_intro_0.2_7
143,41,V,7616,Female,clvr_cost_0.2_intro_0.2_7
144,42,V,7688,Female,clvr_cost_0.2_intro_0.2_7
145,43,V,7654,Female,clvr_cost_0.2_intro_0.2_7
146,44,V,7614,Female,clvr_cost_0.2_intro_0.2_7
147,45,V,7488,Female,clvr_cost_0.2_intro_0.2_7
148,46,V,7538,Female,clvr_cost_0.2_intro_0.2_7
149,47,V,7510,Female,clvr_cost_0.2_intro_0.2_7
150,48,V,7452,Female,clvr_cost_0.2_intro_0.2_7
151,49,V,7394,Female,clvr_cost_0.2_intro_0.2_7
152,50,V,7512,Female,clvr_cost_0.2_intro_0.2_7
153,0,W,10000,Female,clvr_cost_0.2_intro_0.2_7
154,1,W,7466,Female,clvr_cost_0.2_intro_0.2_7
155,2,W,6348,Female,clvr_cost_0.2_intro_0.2_7
156,3,W,5369,Female,clvr_cost_0.2_intro_0.2_7
157,4,W,4301,Female,clvr_cost_0.2_intro_0.2_7
158,5,W,2892,Female,clvr_cost_0.2_intro_0.2_7
159,6,W,1598,Female,clvr_cost_0.2_intro_0.2_7
160,7,W,575,Female,clvr_cost_0.2_intro_0.2_7
161,8,W,70,Female,clvr_cost_0.2_intro_0.2_7
162,9,W,4,Female,clvr_cost_0.2_intro_0.2_7
163,10,W,2,Female,clvr_cost_0.2_intro_0.2_7
164,11,W,0,Female,clvr_cost_0.2_intro_0.2_7
165,12,W,0,Female,clvr_cost_0.2_intro_0.2_7
166,13,W,0,Female,clvr_cost_0.2_intro_0.2_7
167,14,W,0,Female,clvr_cost_0.2_intro_0.2_7
168,15,W,0,Female,clvr_cost_0.2_intro_0.2_7
169,16,W,0,Female,clvr_cost_0.2_intro_0.2_7
170,17,W,0,Female,clvr_cost_0.2_intro_0.2_7
171,18,W,0,Female,clvr_cost_0.2_intro_0.2_7
172,19,W,0,Female,clvr_cost_0.2_intro_0.2_7
173,20,W,0,Female,clvr_cost_0.2_intro_0.2_7
174,21,W,0,Female,clvr_cost_0.2_intro_0.2_7
175,22,W,0,Female,clvr_cost_0.2_intro_0.2_7
176,23,W,0,Female,clvr_cost_0.2_intro_0.2_7
177,24,W,0,Female,clvr_cost_0.2_intro_0.2_7
178,25,W,0,Female,clvr_cost_0.2_intro_0.2_7
179,26,W,0,Female,clvr_cost_0.2_intro_0.2_7
180,27,W,0,Female,clvr_cost_0.2_intro_0.2_7
181,28,W,0,Female,clvr_cost_0.2_intro_0.2_7
182,29,W,0,Female,clvr_cost_0.2_intro_0.2_7
183,30,W,0,Female,clvr_cost_0.2_intro_0.2_7
184,31,W,0,Female,clvr_cost_0.2_intro_0.2_7
185,32,W,0,Female,clvr_cost_0.2_intro_0.2_7
186,33,W,0,Female,clvr_cost_0.2_intro_0.2_7
187,34,W,0,Female,clvr_cost_0.2_intro_0.2_7
188,35,W,0,Female,clvr_cost_0.2_intro_0.2_7
189,36,W,0,Female,clvr_cost_0.2_intro_0.2_7
190,37,W,0,Female,clvr_cost_0.2_intro_0.2_7
191,38,W,0,Female,clvr_cost_0.2_intro_0.2_7
192,39,W,0,Female,clvr_cost_0.2_intro_0.2_7
193,40,W,0,Female,clvr_cost_0.2_intro_0.2_7
194,41,W,0,Female,clvr_cost_0.2_intro_0.2_7
195,42,W,0,Female,clvr_cost_0.2_intro_0.2_7
196,43,W,0,Female,clvr_cost_0.2_intro_0.2_7
197,44,W,0,Female,clvr_cost_0.2_intro_0.2_7
198,45,W,0,Female,clvr_cost_0.2_intro_0.2_7
199,46,W,0,Female,clvr_cost_0.2_intro_0.2_7
200,47,W,0,Female,clvr_cost_0.2_intro_0.2_7
201,48,W,0,Female,clvr_cost_0.2_intro_0.2_7
202,49,W,0,Female,clvr_cost_0.2_intro_0.2_7
203,50,W,0,Female,clvr_cost_0.2_intro_0.2_7
204,0,C,4000,Male,clvr_cost_0.2_intro_0.2_7
205,1,C,1230,Male,clvr_cost_0.2_intro_0.2_7
206,2,C,1626,Male,clvr_cost_0.2_intro_0.2_7
207,3,C,2056,Male,clvr_cost_0.2_intro_0.2_7
208,4,C,2773,Male,clvr_cost_0.2_intro_0.2_7
209,5,C,3495,Male,clvr_cost_0.2_intro_0.2_7
210,6,C,4304,Male,clvr_cost_0.2_intro_0.2_7
211,7,C,5289,Male,clvr_cost_0.2_intro_0.2_7
212,8,C,6483,Male,clvr_cost_0.2_intro_0.2_7
213,9,C,7206,Male,clvr_cost_0.2_intro_0.2_7
214,10,C,7407,Male,clvr_cost_0.2_intro_0.2_7
215,11,C,7418,Male,clvr_cost_0.2_intro_0.2_7
216,12,C,7628,Male,clvr_cost_0.2_intro_0.2_7
217,13,C,7668,Male,clvr_cost_0.2_intro_0.2_7
218,14,C,7576,Male,clvr_cost_0.2_intro_0.2_7
219,15,C,7550,Male,clvr_cost_0.2_intro_0.2_7
220,16,C,7656,Male,clvr_cost_0.2_intro_0.2_7
221,17,C,7718,Male,clvr_cost_0.2_intro_0.2_7
222,18,C,7492,Male,clvr_cost_0.2_intro_0.2_7
223,19,C,7534,Male,clvr_cost_0.2_intro_0.2_7
224,20,C,7834,Male,clvr_cost_0.2_intro_0.2_7
225,21,C,7380,Male,clvr_cost_0.2_intro_0.2_7
226,22,C,7744,Male,clvr_cost_0.2_intro_0.2_7
227,23,C,7684,Male,clvr_cost_0.2_intro_0.2_7
228,24,C,7496,Male,clvr_cost_0.2_intro_0.2_7
229,25,C,7514,Male,clvr_cost_0.2_intro_0.2_7
230,26,C,7592,Male,clvr_cost_0.2_intro_0.2_7
231,27,C,7530,Male,clvr_cost_0.2_intro_0.2_7
232,28,C,7762,Male,clvr_cost_0.2_intro_0.2_7
233,29,C,7676,Male,clvr_cost_0.2_intro_0.2_7
234,30,C,7722,Male,clvr_cost_0.2_intro_0.2_7
235,31,C,7562,Male,clvr_cost_0.2_intro_0.2_7
236,32,C,7494,Male,clvr_cost_0.2_intro_0.2_7
237,33,C,7900,Male,clvr_cost_0.2_intro_0.2_7
238,34,C,7516,Male,clvr_cost_0.2_intro_0.2_7
239,35,C,7704,Male,clvr_cost_0.2_intro_0.2_7
240,36,C,7618,Male,clvr_cost_0.2_intro_0.2_7
241,37,C,7628,Male,clvr_cost_0.2_intro_0.2_7
242,38,C,7556,Male,clvr_cost_0.2_intro_0.2_7
243,39,C,7794,Male,clvr_cost_0.2_intro_0.2_7
244,40,C,7636,Male,clvr_cost_0.2_intro_0.2_7
245,41,C,7638,Male,clvr_cost_0.2_intro_0.2_7
246,42,C,7748,Male,clvr_cost_0.2_intro_0.2_7
247,43,C,7696,Male,clvr_cost_0.2_intro_0.2_7
248,44,C,7668,Male,clvr_cost_0.2_intro_0.2_7
249,45,C,7608,Male,clvr_cost_0.2_intro_0.2_7
250,46,C,7754,Male,clvr_cost_0.2_intro_0.2_7
251,47,C,7548,Male,clvr_cost_0.2_intro_0.2_7
252,48,C,7692,Male,clvr_cost_0.2_intro_0.2_7
253,49,C,7482,Male,clvr_cost_0.2_intro_0.2_7
254,50,C,7762,Male,clvr_cost_0.2_intro_0.2_7
255,0,A,10000,Male,clvr_cost_0.2_intro_0.2_7
256,1,A,7522,Male,clvr_cost_0.2_intro_0.2_7
257,2,A,6696,Male,clvr_cost_0.2_intro_0.2_7
258,3,A,5526,Male,clvr_cost_0.2_intro_0.2_7
259,4,A,4369,Male,clvr_cost_0.2_intro_0.2_7
260,5,A,3033,Male,clvr_cost_0.2_intro_0.2_7
261,6,A,1640,Male,clvr_cost_0.2_intro_0.2_7
262,7,A,619,Male,clvr_cost_0.2_intro_0.2_7
263,8,A,105,Male,clvr_cost_0.2_intro_0.2_7
264,9,A,10,Male,clvr_cost_0.2_intro_0.2_7
265,10,A,1,Male,clvr_cost_0.2_intro_0.2_7
266,11,A,0,Male,clvr_cost_0.2_intro_0.2_7
267,12,A,0,Male,clvr_cost_0.2_intro_0.2_7
268,13,A,0,Male,clvr_cost_0.2_intro_0.2_7
269,14,A,0,Male,clvr_cost_0.2_intro_0.2_7
270,15,A,0,Male,clvr_cost_0.2_intro_0.2_7
271,16,A,0,Male,clvr_cost_0.2_intro_0.2_7
272,17,A,0,Male,clvr_cost_0.2_intro_0.2_7
273,18,A,0,Male,clvr_cost_0.2_intro_0.2_7
274,19,A,0,Male,clvr_cost_0.2_intro_0.2_7
275,20,A,0,Male,clvr_cost_0.2_intro_0.2_7
276,21,A,0,Male,clvr_cost_0.2_intro_0.2_7
277,22,A,0,Male,clvr_cost_0.2_intro_0.2_7
278,23,A,0,Male,clvr_cost_0.2_intro_0.2_7
279,24,A,0,Male,clvr_cost_0.2_intro_0.2_7
280,25,A,0,Male,clvr_cost_0.2_intro_0.2_7
281,26,A,0,Male,clvr_cost_0.2_intro_0.2_7
282,27,A,0,Male,clvr_cost_0.2_intro_0.2_7
283,28,A,0,Male,clvr_cost_0.2_intro_0.2_7
284,29,A,0,Male,clvr_cost_0.2_intro_0.2_7
285,30,A,0,Male,clvr_cost_0.2_intro_0.2_7
286,31,A,0,Male,clvr_cost_0.2_intro_0.2_7
287,32,A,0,Male,clvr_cost_0.2_intro_0.2_7
288,33,A,0,Male,clvr_cost_0.2_intro_0.2_7
289,34,A,0,Male,clvr_cost_0.2_intro_0.2_7
290,35,A,0,Male,clvr_cost_0.2_intro_0.2_7
291,36,A,0,Male,clvr_cost_0.2_intro_0.2_7
292,37,A,0,Male,clvr_cost_0.2_intro_0.2_7
293,38,A,0,Male,clvr_cost_0.2_intro_0.2_7
294,39,A,0,Male,clvr_cost_0.2_intro_0.2_7
295,40,A,0,Male,clvr_cost_0.2_intro_0.2_7
296,41,A,0,Male,clvr_cost_0.2_intro_0.2_7
297,42,A,0,Male,clvr_cost_0.2_intro_0.2_7
298,43,A,0,Male,clvr_cost_0.2_intro_0.2_7
299,44,A,0,Male,clvr_cost_0.2_intro_0.2_7
300,45,A,0,Male,clvr_cost_0.2_intro_0.2_7
301,46,A,0,Male,clvr_cost_0.2_intro_0.2_7
302,47,A,0,Male,clvr_cost_0.2_intro_0.2_7
303,48,A,0,Male,clvr_cost_0.2_intro_0.2_7
304,49,A,0,Male,clvr_cost_0.2_intro_0.2_7
305,50,A,0,Male,clvr_cost_0.2_intro_0.2_7
306,0,V,4000,Male,clvr_cost_0.2_intro_0.2_7
307,1,V,1230,Male,clvr_cost_0.2_intro_0.2_7
308,2,V,1666,Male,clvr_cost_0.2_intro_0.2_7
309,3,V,2107,Male,clvr_cost_0.2_intro_0.2_7
310,4,V,2819,Male,clvr_cost_0.2_intro_0.2_7
311,5,V,3573,Male,clvr_cost_0.2_intro_0.2_7
312,6,V,4379,Male,clvr_cost_0.2_intro_0.2_7
313,7,V,5334,Male,clvr_cost_0.2_intro_0.2_7
314,8,V,6508,Male,clvr_cost_0.2_intro_0.2_7
315,9,V,7206,Male,clvr_cost_0.2_intro_0.2_7
316,10,V,7408,Male,clvr_cost_0.2_intro_0.2_7
317,11,V,7418,Male,clvr_cost_0.2_intro_0.2_7
318,12,V,7628,Male,clvr_cost_0.2_intro_0.2_7
319,13,V,7668,Male,clvr_cost_0.2_intro_0.2_7
320,14,V,7576,Male,clvr_cost_0.2_intro_0.2_7
321,15,V,7550,Male,clvr_cost_0.2_intro_0.2_7
322,16,V,7656,Male,clvr_cost_0.2_intro_0.2_7
323,17,V,7718,Male,clvr_cost_0.2_intro_0.2_7
324,18,V,7492,Male,clvr_cost_0.2_intro_0.2_7
325,19,V,7534,Male,clvr_cost_0.2_intro_0.2_7
326,20,V,7834,Male,clvr_cost_0.2_intro_0.2_7
327,21,V,7380,Male,clvr_cost_0.2_intro_0.2_7
328,22,V,7744,Male,clvr_cost_0.2_intro_0.2_7
329,23,V,7684,Male,clvr_cost_0.2_intro_0.2_7
330,24,V,7496,Male,clvr_cost_0.2_intro_0.2_7
331,25,V,7514,Male,clvr_cost_0.2_intro_0.2_7
332,26,V,7592,Male,clvr_cost_0.2_intro_0.2_7
333,27,V,7530,Male,clvr_cost_0.2_intro_0.2_7
334,28,V,7762,Male,clvr_cost_0.2_intro_0.2_7
335,29,V,7676,Male,clvr_cost_0.2_intro_0.2_7
336,30,V,7722,Male,clvr_cost_0.2_intro_0.2_7
337,31,V,7562,Male,clvr_cost_0.2_intro_0.2_7
338,32,V,7494,Male,clvr_cost_0.2_intro_0.2_7
339,33,V,7900,Male,clvr_cost_0.2_intro_0.2_7
340,34,V,7516,Male,clvr_cost_0.2_intro_0.2_7
341,35,V,7704,Male,clvr_cost_0.2_intro_0.2_7
342,36,V,7618,Male,clvr_cost_0.2_intro_0.2_7
343,37,V,7628,Male,clvr_cost_0.2_intro_0.2_7
344,38,V,7556,Male,clvr_cost_0.2_intro_0.2_7
345,39,V,7794,Male,clvr_cost_0.2_intro_0.2_7
346,40,V,7636,Male,clvr_cost_0.2_intro_0.2_7
347,41,V,7638,Male,clvr_cost_0.2_intro_0.2_7
348,42,V,7748,Male,clvr_cost_0.2_intro_0.2_7
349,43,V,7696,Male,clvr_cost_0.2_intro_0.2_7
350,44,V,7668,Male,clvr_cost_0.2_intro_0.2_7
351,45,V,7608,Male,clvr_cost_0.2_intro_0.2_7
352,46,V,7754,Male,clvr_cost_0.2_intro_0.2_7
353,47,V,7548,Male,clvr_cost_0.2_intro_0.2_7
354,48,V,7692,Male,clvr_cost_0.2_intro_0.2_7
355,49,V,7482,Male,clvr_cost_0.2_intro_0.2_7
356,50,V,7762,Male,clvr_cost_0.2_intro_0.2_7
357,0,W,10000,Male,clvr_cost_0.2_intro_0.2_7
358,1,W,7522,Male,clvr_cost_0.2_intro_0.2_7
359,2,W,6656,Male,clvr_cost_0.2_intro_0.2_7
360,3,W,5475,Male,clvr_cost_0.2_intro_0.2_7
361,4,W,4323,Male,clvr_cost_0.2_intro_0.2_7
362,5,W,2955,Male,clvr_cost_0.2_intro_0.2_7
363,6,W,1565,Male,clvr_cost_0.2_intro_0.2_7
364,7,W,574,Male,clvr_cost_0.2_intro_0.2_7
365,8,W,80,Male,clvr_cost_0.2_intro_0.2_7
366,9,W,10,Male,clvr_cost_0.2_intro_0.2_7
367,10,W,0,Male,clvr_cost_0.2_intro_0.2_7
368,11,W,0,Male,clvr_cost_0.2_intro_0.2_7
369,12,W,0,Male,clvr_cost_0.2_intro_0.2_7
370,13,W,0,Male,clvr_cost_0.2_intro_0.2_7
371,14,W,0,Male,clvr_cost_0.2_intro_0.2_7
372,15,W,0,Male,clvr_cost_0.2_intro_0.2_7
373,16,W,0,Male,clvr_cost_0.2_intro_0.2_7
374,17,W,0,Male,clvr_cost_0.2_intro_0.2_7
375,18,W,0,Male,clvr_cost_0.2_intro_0.2_7
376,19,W,0,Male,clvr_cost_0.2_intro_0.2_7
377,20,W,0,Male,clvr_cost_0.2_intro_0.2_7
378,21,W,0,Male,clvr_cost_0.2_intro_0.2_7
379,22,W,0,Male,clvr_cost_0.2_intro_0.2_7
380,23,W,0,Male,clvr_cost_0.2_intro_0.2_7
381,24,W,0,Male,clvr_cost_0.2_intro_0.2_7
382,25,W,0,Male,clvr_cost_0.2_intro_0.2_7
383,26,W,0,Male,clvr_cost_0.2_intro_0.2_7
384,27,W,0,Male,clvr_cost_0.2_intro_0.2_7
385,28,W,0,Male,clvr_cost_0.2_intro_0.2_7
386,29,W,0,Male,clvr_cost_0.2_intro_0.2_7
387,30,W,0,Male,clvr_cost_0.2_intro_0.2_7
388,31,W,0,Male,clvr_cost_0.2_intro_0.2_7
389,32,W,0,Male,clvr_cost_0.2_intro_0.2_7
390,33,W,0,Male,clvr_cost_0.2_intro_0.2_7
391,34,W,0,Male,clvr_cost_0.2_intro_0.2_7
392,35,W,0,Male,clvr_cost_0.2_intro_0.2_7
393,36,W,0,Male,clvr_cost_0.2_intro_0.2_7
394,37,W,0,Male,clvr_cost_0.2_intro_0.2_7
395,38,W,0,Male,clvr_cost_0.2_intro_0.2_7
396,39,W,0,Male,clvr_cost_0.2_intro_0.2_7
397,40,W,0,Male,clvr_cost_0.2_intro_0.2_7
398,41,W,0,Male,clvr_cost_0.2_intro_0.2_7
399,42,W,0,Male,clvr_cost_0.2_intro_0.2_7
400,43,W,0,Male,clvr_cost_0.2_intro_0.2_7
401,44,W,0,Male,clvr_cost_0.2_intro_0.2_7
402,45,W,0,Male,clvr_cost_0.2_intro_0.2_7
403,46,W,0,Male,clvr_cost_0.2_intro_0.2_7
404,47,W,0,Male,clvr_cost_0.2_intro_0.2_7
405,48,W,0,Male,clvr_cost_0.2_intro_0.2_7
406,49,W,0,Male,clvr_cost_0.2_intro_0.2_7
407,50,W,0,Male,clvr_cost_0.2_intro_0.2_7
,Generation,Allele,Count,Sex,Run
0,0,C,0,Female,clvr_cost_0.2_intro_0.2_8
1,1,C,1160,Female,clvr_cost_0.2_intro_0.2_8
2,2,C,1498,Female,clvr_cost_0.2_intro_0.2_8
3,3,C,2043,Female,clvr_cost_0.2_intro_0.2_8
4,4,C,2701,Female,clvr_cost_0.2_intro_0.2_8
5,5,C,3313,Female,clvr_cost_0.2_intro_0.2_8
6,6,C,4091,Female,clvr_cost_0.2_intro_0.2_8
7,7,C,5171,Female,clvr_cost_0.2_intro_0.2_8
8,8,C,6346,Female,clvr_cost_0.2_intro_0.2_8
9,9,C,7255,Female,clvr_cost_0.2_intro_0.2_8
10,10,C,7696,Female,clvr_cost_0.2_intro_0.2_8
11,11,C,7534,Female,clvr_cost_0.2_intro_0.2_8
12,12,C,7338,Female,clvr_cost_0.2_intro_0.2_8
13,13,C,7424,Female,clvr_cost_0.2_intro_0.2_8
14,14,C,7508,Female,clvr_cost_0.2_intro_0.2_8
15,15,C,7264,Female,clvr_cost_0.2_intro_0.2_8
16,16,C,7332,Female,clvr_cost_0.2_intro_0.2_8
17,17,C,7374,Female,clvr_cost_0.2_intro_0.2_8
18,18,C,7412,Female,clvr_cost_0.2_intro_0.2_8
19,19,C,7440,Female,clvr_cost_0.2_intro_0.2_8
20,20,C,7532,Female,clvr_cost_0.2_intro_0.2_8
21,21,C,7526,Female,clvr_cost_0.2_intro_0.2_8
22,22,C,7790,Female,clvr_cost_0.2_intro_0.2_8
23,23,C,7474,Female,clvr_cost_0.2_intro_0.2_8
24,24,C,7590,Female,clvr_cost_0.2_intro_0.2_8
25,25,C,7408,Female,clvr_cost_0.2_intro_0.2_8
26,26,C,7424,Female,clvr_cost_0.2_intro_0.2_8
27,27,C,7570,Female,clvr_cost_0.2_intro_0.2_8
28,28,C,7680,Female,clvr_cost_0.2_intro_0.2_8
29,29,C,7610,Female,clvr_cost_0.2_intro_0.2_8
30,30,C,7706,Female,clvr_cost_0.2_intro_0.2_8
31,31,C,7514,Female,clvr_cost_0.2_intro_0.2_8
32,32,C,7528,Female,clvr_cost_0.2_intro_0.2_8
33,33,C,7526,Female,clvr_cost_0.2_intro_0.2_8
34,34,C,7426,Female,clvr_cost_0.2_intro_0.2_8
35,35,C,7368,Female,clvr_cost_0.2_intro_0.2_8
36,36,C,7628,Female,clvr_cost_0.2_intro_0.2_8
37,37,C,7544,Female,clvr_cost_0.2_intro_0.2_8
38,38,C,7708,Female,clvr_cost_0.2_intro_0.2_8
39,39,C,7796,Female,clvr_cost_0.2_intro_0.2_8
40,40,C,7742,Female,clvr_cost_0.2_intro_0.2_8
41,41,C,7734,Female,clvr_cost_0.2_intro_0.2_8
42,42,C,7502,Female,clvr_cost_0.2_intro_0.2_8
43,43,C,7614,Female,clvr_cost_0.2_intro_0.2_8
44,44,C,7622,Female,clvr_cost_0.2_intro_0.2_8
45,45,C,7756,Female,clvr_cost_0.2_intro_0.2_8
46,46,C,7722,Female,clvr_cost_0.2_intro_0.2_8
47,47,C,7700,Female,clvr_cost_0.2_intro_0.2_8
48,48,C,7576,Female,clvr_cost_0.2_intro_0.2_8
49,49,C,7574,Female,clvr_cost_0.2_intro_0.2_8
50,50,C,7384,Female,clvr_cost_0.2_intro_0.2_8
51,0,A,10000,Female,clvr_cost_0.2_intro_0.2_8
52,1,A,7342,Female,clvr_cost_0.2_intro_0.2_8
53,2,A,6388,Female,clvr_cost_0.2_intro_0.2_8
54,3,A,5407,Female,clvr_cost_0.2_intro_0.2_8
55,4,A,4251,Female,clvr_cost_0.2_intro_0.2_8
56,5,A,3025,Female,clvr_cost_0.2_intro_0.2_8
57,6,A,1817,Female,clvr_cost_0.2_intro_0.2_8
58,7,A,767,Female,clvr_cost_0.2_intro_0.2_8
59,8,A,170,Female,clvr_cost_0.2_intro_0.2_8
60,9,A,23,Female,clvr_cost_0.2_intro_0.2_8
61,10,A,2,Female,clvr_cost_0.2_intro_0.2_8
62,11,A,0,Female,clvr_cost_0.2_intro_0.2_8
63,12,A,0,Female,clvr_cost_0.2_intro_0.2_8
64,13,A,0,Female,clvr_cost_0.2_intro_0.2_8
65,14,A,0,Female,clvr_cost_0.2_intro_0.2_8
66,15,A,0,Female,clvr_cost_0.2_intro_0.2_8
67,16,A,0,Female,clvr_cost_0.2_intro_0.2_8
68,17,A,0,Female,clvr_cost_0.2_intro_0.2_8
69,18,A,0,Female,clvr_cost_0.2_intro_0.2_8
70,19,A,0,Female,clvr_cost_0.2_intro_0.2_8
71,20,A,0,Female,clvr_cost_0.2_intro_0.2_8
72,21,A,0,Female,clvr_cost_0.2_intro_0.2_8
73,22,A,0,Female,clvr_cost_0.2_intro_0.2_8
74,23,A,0,Female,clvr_cost_0.2_intro_0.2_8
75,24,A,0,Female,clvr_cost_0.2_intro_0.2_8
76,25,A,0,Female,clvr_cost_0.2_intro_0.2_8
77,26,A,0,Female,clvr_cost_0.2_intro_0.2_8
78,27,A,0,Female,clvr_cost_0.2_intro_0.2_8
79,28,A,0,Female,clvr_cost_0.2_intro_0.2_8
80,29,A,0,Female,clvr_cost_0.2_intro_0.2_8
81,30,A,0,Female,clvr_cost_0.2_intro_0.2_8
82,31,A,0,Female,clvr_cost_0.2_intro_0.2_8
83,32,A,0,Female,clvr_cost_0.2_intro_0.2_8
84,33,A,0,Female,clvr_cost_0.2_intro_0.2_8
85,34,A,0,Female,clvr_cost_0.2_intro_0.2_8
86,35,A,0,Female,clvr_cost_0.2_intro_0.2_8
87,36,A,0,Female,clvr_cost_0.2_intro_0.2_8
88,37,A,0,Female,clvr_cost_0.2_intro_0.2_8
89,38,A,0,Female,clvr_cost_0.2_intro_0.2_8
90,39,A,0,Female,clvr_cost_0.2_intro_0.2_8
91,40,A,0,Female,clvr_cost_0.2_intro_0.2_8
92,41,A,0,Female,clvr_cost_0.2_intro_0.2_8
93,42,A,0,Female,clvr_cost_0.2_intro_0.2_8
94,43,A,0,Female,clvr_cost_0.2_intro_0.2_8
95,44,A,0,Female,clvr_cost_0.2_intro_0.2_8
96,45,A,0,Female,clvr_cost_0.2_intro_0.2_8
97,46,A,0,Female,clvr_cost_0.2_intro_0.2_8
98,47,A,0,Female,clvr_cost_0.2_intro_0.2_8
99,48,A,0,Female,clvr_cost_0.2_intro_0.2_8
100,49,A,0,Female,clvr_cost_0.2_intro_0.2_8
101,50,A,0,Female,clvr_cost_0.2_intro_0.2_8
102,0,V,0,Female,clvr_cost_0.2_intro_0.2_8
103,1,V,1160,Female,clvr_cost_0.2_intro_0.2_8
104,2,V,1534,Female,clvr_cost_0.2_intro_0.2_8
105,3,V,2095,Female,clvr_cost_0.2_intro_0.2_8
106,4,V,2760,Female,clvr_cost_0.2_intro_0.2_8
107,5,V,3378,Female,clvr_cost_0.2_intro_0.2_8
108,6,V,4146,Female,clvr_cost_0.2_intro_0.2_8
109,7,V,5224,Female,clvr_cost_0.2_intro_0.2_8
110,8,V,6375,Female,clvr_cost_0.2_intro_0.2_8
111,9,V,7265,Female,clvr_cost_0.2_intro_0.2_8
112,10,V,7698,Female,clvr_cost_0.2_intro_0.2_8
113,11,V,7534,Female,clvr_cost_0.2_intro_0.2_8
114,12,V,7338,Female,clvr_cost_0.2_intro_0.2_8
115,13,V,7424,Female,clvr_cost_0.2_intro_0.2_8
116,14,V,7508,Female,clvr_cost_0.2_intro_0.2_8
117,15,V,7264,Female,clvr_cost_0.2_intro_0.2_8
118,16,V,7332,Female,clvr_cost_0.2_intro_0.2_8
119,17,V,7374,Female,clvr_cost_0.2_intro_0.2_8
120,18,V,7412,Female,clvr_cost_0.2_intro_0.2_8
121,19,V,7440,Female,clvr_cost_0.2_intro_0.2_8
122,20,V,7532,Female,clvr_cost_0.2_intro_0.2_8
123,21,V,7526,Female,clvr_cost_0.2_intro_0.2_8
124,22,V,7790,Female,clvr_cost_0.2_intro_0.2_8
125,23,V,7474,Female,clvr_cost_0.2_intro_0.2_8
126,24,V,7590,Female,clvr_cost_0.2_intro_0.2_8
127,25,V,7408,Female,clvr_cost_0.2_intro_0.2_8
128,26,V,7424,Female,clvr_cost_0.2_intro_0.2_8
129,27,V,7570,Female,clvr_cost_0.2_intro_0.2_8
130,28,V,7680,Female,clvr_cost_0.2_intro_0.2_8
131,29,V,7610,Female,clvr_cost_0.2_intro_0.2_8
132,30,V,7706,Female,clvr_cost_0.2_intro_0.2_8
133,31,V,7514,Female,clvr_cost_0.2_intro_0.2_8
134,32,V,7528,Female,clvr_cost_0.2_intro_0.2_8
135,33,V,7526,Female,clvr_cost_0.2_intro_0.2_8
136,34,V,7426,Female,clvr_cost_0.2_intro_0.2_8
137,35,V,7368,Female,clvr_cost_0.2_intro_0.2_8
138,36,V,7628,Female,clvr_cost_0.2_intro_0.2_8
139,37,V,7544,Female,clvr_cost_0.2_intro_0.2_8
140,38,V,7708,Female,clvr_cost_0.2_intro_0.2_8
141,39,V,7796,Female,clvr_cost_0.2_intro_0.2_8
142,40,V,7742,Female,clvr_cost_0.2_intro_0.2_8
143,41,V,7734,Female,clvr_cost_0.2_intro_0.2_8
144,42,V,7502,Female,clvr_cost_0.2_intro_0.2_8
145,43,V,7614,Female,clvr_cost_0.2_intro_0.2_8
146,44,V,7622,Female,clvr_cost_0.2_intro_0.2_8
147,45,V,7756,Female,clvr_cost_0.2_intro_0.2_8
148,46,V,7722,Female,clvr_cost_0.2_intro_0.2_8
149,47,V,7700,Female,clvr_cost_0.2_intro_0.2_8
150,48,V,7576,Female,clvr_cost_0.2_intro_0.2_8
151,49,V,7574,Female,clvr_cost_0.2_intro_0.2_8
152,50,V,7384,Female,clvr_cost_0.2_intro_0.2_8
153,0,W,10000,Female,clvr_cost_0.2_intro_0.2_8
154,1,W,7342,Female,clvr_cost_0.2_intro_0.2_8
155,2,W,6352,Female,clvr_cost_0.2_intro_0.2_8
156,3,W,5355,Female,clvr_cost_0.2_intro_0.2_8
157,4,W,4192,Female,clvr_cost_0.2_intro_0.2_8
158,5,W,2960,Female,clvr_cost_0.2_intro_0.2_8
159,6,W,1762,Female,clvr_cost_0.2_intro_0.2_8
160,7,W,714,Female,clvr_cost_0.2_intro_0.2_8
161,8,W,141,Female,clvr_cost_0.2_intro_0.2_8
162,9,W,13,Female,clvr_cost_0.2_intro_0.2_8
163,10,W,0,Female,clvr_cost_0.2_intro_0.2_8
164,11,W,0,Female,clvr_cost_0.2_intro_0.2_8
165,12,W,0,Female,clvr_cost_0.2_intro_0.2_8
166,13,W,0,Female,clvr_cost_0.2_intro_0.2_8
167,14,W,0,Female,clvr_cost_0.2_intro_0.2_8
168,15,W,0,Female,clvr_cost_0.2_intro_0.2_8
169,16,W,0,Female,clvr_cost_0.2_intro_0.2_8
170,17,W,0,Female,clvr_cost_0.2_intro_0.2_8
171,18,W,0,Female,clvr_cost_0.2_intro_0.2_8
172,19,W,0,Female,clvr_cost_0.2_intro_0.2_8
173,20,W,0,Female,clvr_cost_0.2_intro_0.2_8
174,21,W,0,Female,clvr_cost_0.2_intro_0.2_8
175,22,W,0,Female,clvr_cost_0.2_intro_0.2_8
176,23,W,0,Female,clvr_cost_0.2_intro_0.2_8
177,24,W,0,Female,clvr_cost_0.2_intro_0.2_8
178,25,W,0,Female,clvr_cost_0.2_intro_0.2_8
179,26,W,0,Female,clvr_cost_0.2_intro_0.2_8
180,27,W,0,Female,clvr_cost_0.2_intro_0.2_8
181,28,W,0,Female,clvr_cost_0.2_intro_0.2_8
182,29,W,0,Female,clvr_cost_0.2_intro_0.2_8
183,30,W,0,Female,clvr_cost_0.2_intro_0.2_8
184,31,W,0,Female,clvr_cost_0.2_intro_0.2_8
185,32,W,0,Female,clvr_cost_0.2_intro_0.2_8
186,33,W,0,Female,clvr_cost_0.2_intro_0.2_8
187,34,W,0,Female,clvr_cost_0.2_intro_0.2_8
188,35,W,0,Female,clvr_cost_0.2_intro_0.2_8
189,36,W,0,Female,clvr_cost_0.2_intro_0.2_8
190,37,W,0,Female,clvr_cost_0.2_intro_0.2_8
191,38,W,0,Female,clvr_cost_0.2_intro_0.2_8
192,39,W,0,Female,clvr_cost_0.2_intro_0.2_8
193,40,W,0,Female,clvr_cost_0.2_intro_0.2_8
194,41,W,0,Female,clvr_cost_0.2_intro_0.2_8
195,42,W,0,Female,clvr_cost_0.2_intro_0.2_8
196,43,W,0,Female,clvr_cost_0.2_intro_0.2_8
197,44,W,0,Female,clvr_cost_0.2_intro_0.2_8
198,45,W,0,Female,clvr_cost_0.2_intro_0.2_8
199,46,W,0,Female,clvr_cost_0.2_intro_0.2_8
200,47,W,0,Female,clvr_cost_0.2_intro_0.2_8
201,48,W,0,Female,clvr_cost_0.2_intro_0.2_8
202,49,W,0,Female,clvr_cost_0.2_intro_0.2_8
203,50,W,0,Female,clvr_cost_0.2_intro_0.2_8
204,0,C,4000,Male,clvr_cost_0.2_intro_0.2_8
205,1,C,1181,Male,clvr_cost_0.2_intro_0.2_8
206,2,C,1604,Male,clvr_cost_0.2_intro_0.2_8
207,3,C,2103,Male,clvr_cost_0.2_intro_0.2_8
208,4,C,2664,Male,clvr_cost_0.2_intro_0.2_8
209,5,C,3349,Male,clvr_cost_0.2_intro_0.2_8
210,6,C,4177,Male,clvr_cost_0.2_intro_0.2_8
211,7,C,5356,Male,clvr_cost_0.2_intro_0.2_8
212,8,C,6402,Male,clvr_cost_0.2_intro_0.2_8
213,9,C,7411,Male,clvr_cost_0.2_intro_0.2_8
214,10,C,7762,Male,clvr_cost_0.2_intro_0.2_8
215,11,C,7552,Male,clvr_cost_0.2_intro_0.2_8
216,12,C,7630,Male,clvr_cost_0.2_intro_0.2_8
217,13,C,7580,Male,clvr_cost_0.2_intro_0.2_8
218,14,C,7742,Male,clvr_cost_0.2_intro_0.2_8
219,15,C,7482,Male,clvr_cost_0.2_intro_0.2_8
220,16,C,7698,Male,clvr_cost_0.2_intro_0.2_8
221,17,C,7428,Male,clvr_cost_0.2_intro_0.2_8
222,18,C,7550,Male,clvr_cost_0.2_intro_0.2_8
223,19,C,7442,Male,clvr_cost_0.2_intro_0.2_8
224,20,C,7598,Male,clvr_cost_0.2_intro_0.2_8
225,21,C,7534,Male,clvr_cost_0.2_intro_0.2_8
226,22,C,7794,Male,clvr_cost_0.2_intro_0.2_8
227,23,C,7716,Male,clvr_cost_0.2_intro_0.2_8
228,24,C,7602,Male,clvr_cost_0.2_intro_0.2_8
229,25,C,7650,Male,clvr_cost_0.2_intro_0.2_8
230,26,C,7576,Male,clvr_cost_0.2_intro_0.2_8
231,27,C,7606,Male,clvr_cost_0.2_intro_0.2_8
232,28,C,7746,Male,clvr_cost_0.2_intro_0.2_8
233,29,C,7686,Male,clvr_cost_0.2_intro_0.2_8
234,30,C,7714,Male,clvr_cost_0.2_intro_0.2_8
235,31,C,7810,Male,clvr_cost_0.2_intro_0.2_8
236,32,C,7610,Male,clvr_cost_0.2_intro_0.2_8
237,33,C,7734,Male,clvr_cost_0.2_intro_0.2_8
238,34,C,7470,Male,clvr_cost_0.2_intro_0.2_8
239,35,C,7438,Male,clvr_cost_0.2_intro_0.2_8
240,36,C,7702,Male,clvr_cost_0.2_intro_0.2_8
241,37,C,7552,Male,clvr_cost_0.2_intro_0.2_8
242,38,C,7770,Male,clvr_cost_0.2_intro_0.2_8
243,39,C,7880,Male,clvr_cost_0.2_intro_0.2_8
244,40,C,7980,Male,clvr_cost_0.2_intro_0.2_8
245,41,C,7782,Male,clvr_cost_0.2_intro_0.2_8
246,42,C,7546,Male,clvr_cost_0.2_intro_0.2_8
247,43,C,7672,Male,clvr_cost_0.2_intro_0.2_8
248,44,C,7646,Male,clvr_cost_0.2_intro_0.2_8
249,45,C,7906,Male,clvr_cost_0.2_intro_0.2_8
250,46,C,7764,Male,clvr_cost_0.2_intro_0.2_8
251,47,C,7856,Male,clvr_cost_0.2_intro_0.2_8
252,48,C,7678,Male,clvr_cost_0.2_intro_0.2_8
253,49,C,7686,Male,clvr_cost_0.2_intro_0.2_8
254,50,C,7644,Male,clvr_cost_0.2_intro_0.2_8
255,0,A,10000,Male,clvr_cost_0.2_intro_0.2_8
256,1,A,7573,Male,clvr_cost_0.2_intro_0.2_8
257,2,A,6472,Male,clvr_cost_0.2_intro_0.2_8
258,3,A,5639,Male,clvr_cost_0.2_intro_0.2_8
259,4,A,4422,Male,clvr_cost_0.2_intro_0.2_8
260,5,A,3039,Male,clvr_cost_0.2_intro_0.2_8
261,6,A,1767,Male,clvr_cost_0.2_intro_0.2_8
262,7,A,758,Male,clvr_cost_0.2_intro_0.2_8
263,8,A,152,Male,clvr_cost_0.2_intro_0.2_8
264,9,A,23,Male,clvr_cost_0.2_intro_0.2_8
265,10,A,0,Male,clvr_cost_0.2_intro_0.2_8
266,11,A,0,Male,clvr_cost_0.2_intro_0.2_8
267,12,A,0,Male,clvr_cost_0.2_intro_0.2_8
268,13,A,0,Male,clvr_cost_0.2_intro_0.2_8
269,14,A,0,Male,clvr_cost_0.2_intro_0.2_8
270,15,A,0,Male,clvr_cost_0.2_intro_0.2_8
271,16,A,0,Male,clvr_cost_0.2_intro_0.2_8
272,17,A,0,Male,clvr_cost_0.2_intro_0.2_8
273,18,A,0,Male,clvr_cost_0.2_intro_0.2_8
274,19,A,0,Male,clvr_cost_0.2_intro_0.2_8
275,20,A,0,Male,clvr_cost_0.2_intro_0.2_8
276,21,A,0,Male,clvr_cost_0.2_intro_0.2_8
277,22,A,0,Male,clvr_cost_0.2_intro_0.2_8
278,23,A,0,Male,clvr_cost_0.2_intro_0.2_8
279,24,A,0,Male,clvr_cost_0.2_intro_0.2_8
280,25,A,0,Male,clvr_cost_0.2_intro_0.2_8
281,26,A,0,Male,clvr_cost_0.2_intro_0.2_8
282,27,A,0,Male,clvr_cost_0.2_intro_0.2_8
283,28,A,0,Male,clvr_cost_0.2_intro_0.2_8
284,29,A,0,Male,clvr_cost_0.2_intro_0.2_8
285,30,A,0,Male,clvr_cost_0.2_intro_0.2_8
286,31,A,0,Male,clvr_cost_0.2_intro_0.2_8
287,32,A,0,Male,clvr_cost_0.2_intro_0.2_8
288,33,A,0,Male,clvr_cost_0.2_intro_0.2_8
289,34,A,0,Male,clvr_cost_0.2_intro_0.2_8
290,35,A,0,Male,clvr_cost_0.2_intro_0.2_8
291,36,A,0,Male,clvr_cost_0.2_intro_0.2_8
292,37,A,0,Male,clvr_cost_0.2_intro_0.2_8
293,38,A,0,Male,clvr_cost_0.2_intro_0.2_8
294,39,A,0,Male,clvr_cost_0.2_intro_0.2_8
295,40,A,0,Male,clvr_cost_0.2_intro_0.2_8
296,41,A,0,Male,clvr_cost_0.2_intro_0.2_8
297,42,A,0,Male,clvr_cost_0.2_intro_0.2_8
298,43,A,0,Male,clvr_cost_0.2_intro_0.2_8
299,44,A,0,Male,clvr_cost_0.2_intro_0.2_8
300,45,A,0,Male,clvr_cost_0.2_intro_0.2_8
301,46,A,0,Male,clvr_cost_0.2_intro_0.2_8
302,47,A,0,Male,clvr_cost_0.2_intro_0.2_8
303,48,A,0,Male,clvr_cost_0.2_intro_0.2_8
304,49,A,0,Male,clvr_cost_0.2_intro_0.2_8
305,50,A,0,Male,clvr_cost_0.2_intro_0.2_8
306,0,V,4000,Male,clvr_cost_0.2_intro_0.2_8
307,1,V,1181,Male,clvr_cost_0.2_intro_0.2_8
308,2,V,1647,Male,clvr_cost_0.2_intro_0.2_8
309,3,V,2157,Male,clvr_cost_0.2_intro_0.2_8
310,4,V,2733,Male,clvr_cost_0.2_intro_0.2_8
311,5,V,3409,Male,clvr_cost_0.2_intro_0.2_8
312,6,V,4241,Male,clvr_cost_0.2_intro_0.2_8
313,7,V,5408,Male,clvr_cost_0.2_intro_0.2_8
314,8,V,6430,Male,clvr_cost_0.2_intro_0.2_8
315,9,V,7417,Male,clvr_cost_0.2_intro_0.2_8
316,10,V,7762,Male,clvr_cost_0.2_intro_0.2_8
317,11,V,7552,Male,clvr_cost_0.2_intro_0.2_8
318,12,V,7630,Male,clvr_cost_0.2_intro_0.2_8
319,13,V,7580,Male,clvr_cost_0.2_intro_0.2_8
320,14,V,7742,Male,clvr_cost_0.2_intro_0.2_8
321,15,V,7482,Male,clvr_cost_0.2_intro_0.2_8
322,16,V,7698,Male,clvr_cost_0.2_intro_0.2_8
323,17,V,7428,Male,clvr_cost_0.2_intro_0.2_8
324,18,V,7550,Male,clvr_cost_0.2_intro_0.2_8
325,19,V,7442,Male,clvr_cost_0.2_intro_0.2_8
326,20,V,7598,Male,clvr_cost_0.2_intro_0.2_8
327,21,V,7534,Male,clvr_cost_0.2_intro_0.2_8
328,22,V,7794,Male,clvr_cost_0.2_intro_0.2_8
329,23,V,7716,Male,clvr_cost_0.2_intro_0.2_8
330,24,V,7602,Male,clvr_cost_0.2_intro_0.2_8
331,25,V,7650,Male,clvr_cost_0.2_intro_0.2_8
332,26,V,7576,Male,clvr_cost_0.2_intro_0.2_8
333,27,V,7606,Male,clvr_cost_0.2_intro_0.2_8
334,28,V,7746,Male,clvr_cost_0.2_intro_0.2_8
335,29,V,7686,Male,clvr_cost_0.2_intro_0.2_8
336,30,V,7714,Male,clvr_cost_0.2_intro_0.2_8
337,31,V,7810,Male,clvr_cost_0.2_intro_0.2_8
338,32,V,7610,Male,clvr_cost_0.2_intro_0.2_8
339,33,V,7734,Male,clvr_cost_0.2_intro_0.2_8
340,34,V,7470,Male,clvr_cost_0.2_intro_0.2_8
341,35,V,7438,Male,clvr_cost_0.2_intro_0.2_8
342,36,V,7702,Male,clvr_cost_0.2_intro_0.2_8
343,37,V,7552,Male,clvr_cost_0.2_intro_0.2_8
344,38,V,7770,Male,clvr_cost_0.2_intro_0.2_8
345,39,V,7880,Male,clvr_cost_0.2_intro_0.2_8
346,40,V,7980,Male,clvr_cost_0.2_intro_0.2_8
347,41,V,7782,Male,clvr_cost_0.2_intro_0.2_8
348,42,V,7546,Male,clvr_cost_0.2_intro_0.2_8
349,43,V,7672,Male,clvr_cost_0.2_intro_0.2_8
350,44,V,7646,Male,clvr_cost_0.2_intro_0.2_8
351,45,V,7906,Male,clvr_cost_0.2_intro_0.2_8
352,46,V,7764,Male,clvr_cost_0.2_intro_0.2_8
353,47,V,7856,Male,clvr_cost_0.2_intro_0.2_8
354,48,V,7678,Male,clvr_cost_0.2_intro_0.2_8
355,49,V,7686,Male,clvr_cost_0.2_intro_0.2_8
356,50,V,7644,Male,clvr_cost_0.2_intro_0.2_8
357,0,W,10000,Male,clvr_cost_0.2_intro_0.2_8
358,1,W,7573,Male,clvr_cost_0.2_intro_0.2_8
359,2,W,6429,Male,clvr_cost_0.2_intro_0.2_8
360,3,W,5585,Male,clvr_cost_0.2_intro_0.2_8
361,4,W,4353,Male,clvr_cost_0.2_intro_0.2_8
362,5,W,2979,Male,clvr_cost_0.2_intro_0.2_8
363,6,W,1703,Male,clvr_cost_0.2_intro_0.2_8
364,7,W,706,Male,clvr_cost_0.2_intro_0.2_8
365,8,W,124,Male,clvr_cost_0.2_intro_0.2_8
366,9,W,17,Male,clvr_cost_0.2_intro_0.2_8
367,10,W,0,Male,clvr_cost_0.2_intro_0.2_8
368,11,W,0,Male,clvr_cost_0.2_intro_0.2_8
369,12,W,0,Male,clvr_cost_0.2_intro_0.2_8
370,13,W,0,Male,clvr_cost_0.2_intro_0.2_8
371,14,W,0,Male,clvr_cost_0.2_intro_0.2_8
372,15,W,0,Male,clvr_cost_0.2_intro_0.2_8
373,16,W,0,Male,clvr_cost_0.2_intro_0.2_8
374,17,W,0,Male,clvr_cost_0.2_intro_0.2_8
375,18,W,0,Male,clvr_cost_0.2_intro_0.2_8
376,19,W,0,Male,clvr_cost_0.2_intro_0.2_8
377,20,W,0,Male,clvr_cost_0.2_intro_0.2_8
378,21,W,0,Male,clvr_cost_0.2_intro_0.2_8
379,22,W,0,Male,clvr_cost_0.2_intro_0.2_8
380,23,W,0,Male,clvr_cost_0.2_intro_0.2_8
381,24,W,0,Male,clvr_cost_0.2_intro_0.2_8
382,25,W,0,Male,clvr_cost_0.2_intro_0.2_8
383,26,W,0,Male,clvr_cost_0.2_intro_0.2_8
384,27,W,0,Male,clvr_cost_0.2_intro_0.2_8
385,28,W,0,Male,clvr_cost_0.2_intro_0.2_8
386,29,W,0,Male,clvr_cost_0.2_intro_0.2_8
387,30,W,0,Male,clvr_cost_0.2_intro_0.2_8
388,31,W,0,Male,clvr_cost_0.2_intro_0.2_8
389,32,W,0,Male,clvr_cost_0.2_intro_0.2_8
390,33,W,0,Male,clvr_cost_0.2_intro_0.2_8
391,34,W,0,Male,clvr_cost_0.2_intro_0.2_8
392,35,W,0,Male,clvr_cost_0.2_intro_0.2_8
393,36,W,0,Male,clvr_cost_0.2_intro_0.2_8
394,37,W,0,Male,clvr_cost_0.2_intro_0.2_8
395,38,W,0,Male,clvr_cost_0.2_intro_0.2_8
396,39,W,0,Male,clvr_cost_0.2_intro_0.2_8
397,40,W,0,Male,clvr_cost_0.2_intro_0.2_8
398,41,W,0,Male,clvr_cost_0.2_intro_0.2_8
399,42,W,0,Male,clvr_cost_0.2_intro_0.2_8
400,43,W,0,Male,clvr_cost_0.2_intro_0.2_8
401,44,W,0,Male,clvr_cost_0.2_intro_0.2_8
402,45,W,0,Male,clvr_cost_0.2_intro_0.2_8
403,46,W,0,Male,clvr_cost_0.2_intro_0.2_8
404,47,W,0,Male,clvr_cost_0.2_intro_0.2_8
405,48,W,0,Male,clvr_cost_0.2_intro_0.2_8
406,49,W,0,Male,clvr_cost_0.2_intro_0.2_8
407,50,W,0,Male,clvr_cost_0.2_intro_0.2_8
,Generation,Allele,Count,Sex,Run
0,0,C,0,Female,clvr_cost_0.2_intro_0.2_9
1,1,C,1256,Female,clvr_cost_0.2_intro_0.2_9
2,2,C,1728,Female,clvr_cost_0.2_intro_0.2_9
3,3,C,2248,Female,clvr_cost_0.2_intro_0.2_9
4,4,C,2695,Female,clvr_cost_0.2_intro_0.2_9
5,5,C,3504,Female,clvr_cost_0.2_intro_0.2_9
6,6,C,4187,Female,clvr_cost_0.2_intro_0.2_9
7,7,C,5323,Female,clvr_cost_0.2_intro_0.2_9
8,8,C,6516,Female,clvr_cost_0.2_intro_0.2_9
9,9,C,7274,Female,clvr_cost_0.2_intro_0.2_9
10,10,C,7295,Female,clvr_cost_0.2_intro_0.2_9
11,11,C,7600,Female,clvr_cost_0.2_intro_0.2_9
12,12,C,7428,Female,clvr_cost_0.2_intro_0.2_9
13,13,C,7408,Female,clvr_cost_0.2_intro_0.2_9
14,14,C,7612,Female,clvr_cost_0.2_intro_0.2_9
15,15,C,7560,Female,clvr_cost_0.2_intro_0.2_9
16,16,C,7584,Female,clvr_cost_0.2_intro_0.2_9
17,17,C,7462,Female,clvr_cost_0.2_intro_0.2_9
18,18,C,7498,Female,clvr_cost_0.2_intro_0.2_9
19,19,C,7194,Female,clvr_cost_0.2_intro_0.2_9
20,20,C,7206,Female,clvr_cost_0.2_intro_0.2_9
21,21,C,7422,Female,clvr_cost_0.2_intro_0.2_9
22,22,C,7528,Female,clvr_cost_0.2_intro_0.2_9
23,23,C,7428,Female,clvr_cost_0.2_intro_0.2_9
24,24,C,7484,Female,clvr_cost_0.2_intro_0.2_9
25,25,C,7652,Female,clvr_cost_0.2_intro_0.2_9
26,26,C,7652,Female,clvr_cost_0.2_intro_0.2_9
27,27,C,7668,Female,clvr_cost_0.2_intro_0.2_9
28,28,C,7382,Female,clvr_cost_0.2_intro_0.2_9
29,29,C,7492,Female,clvr_cost_0.2_intro_0.2_9
30,30,C,7694,Female,clvr_cost_0.2_intro_0.2_9
31,31,C,7566,Female,clvr_cost_0.2_intro_0.2_9
32,32,C,7486,Female,clvr_cost_0.2_intro_0.2_9
33,33,C,7632,Female,clvr_cost_0.2_intro_0.2_9
34,34,C,7486,Female,clvr_cost_0.2_intro_0.2_9
35,35,C,7450,Female,clvr_cost_0.2_intro_0.2_9
36,36,C,7456,Female,clvr_cost_0.2_intro_0.2_9
37,37,C,7328,Female,clvr_cost_0.2_intro_0.2_9
38,38,C,7560,Female,clvr_cost_0.2_intro_0.2_9
39,39,C,7492,Female,clvr_cost_0.2_intro_0.2_9
40,40,C,7550,Female,clvr_cost_0.2_intro_0.2_9
41,41,C,7496,Female,clvr_cost_0.2_intro_0.2_9
42,42,C,7666,Female,clvr_cost_0.2_intro_0.2_9
43,43,C,7636,Female,clvr_cost_0.2_intro_0.2_9
44,44,C,7598,Female,clvr_cost_0.2_intro_0.2_9
45,45,C,7460,Female,clvr_cost_0.2_intro_0.2_9
46,46,C,7498,Female,clvr_cost_0.2_intro_0.2_9
47,47,C,7398,Female,clvr_cost_0.2_intro_0.2_9
48,48,C,7442,Female,clvr_cost_0.2_intro_0.2_9
49,49,C,7562,Female,clvr_cost_0.2_intro_0.2_9
50,50,C,7594,Female,clvr_cost_0.2_intro_0.2_9
51,0,A,10000,Female,clvr_cost_0.2_intro_0.2_9
52,1,A,7370,Female,clvr_cost_0.2_intro_0.2_9
53,2,A,6616,Female,clvr_cost_0.2_intro_0.2_9
54,3,A,5472,Female,clvr_cost_0.2_intro_0.2_9
55,4,A,4123,Female,clvr_cost_0.2_intro_0.2_9
56,5,A,2728,Female,clvr_cost_0.2_intro_0.2_9
57,6,A,1437,Female,clvr_cost_0.2_intro_0.2_9
58,7,A,463,Female,clvr_cost_0.2_intro_0.2_9
59,8,A,92,Female,clvr_cost_0.2_intro_0.2_9
60,9,A,6,Female,clvr_cost_0.2_intro_0.2_9
61,10,A,1,Female,clvr_cost_0.2_intro_0.2_9
62,11,A,0,Female,clvr_cost_0.2_intro_0.2_9
63,12,A,0,Female,clvr_cost_0.2_intro_0.2_9
64,13,A,0,Female,clvr_cost_0.2_intro_0.2_9
65,14,A,0,Female,clvr_cost_0.2_intro_0.2_9
66,15,A,0,Female,clvr_cost_0.2_intro_0.2_9
67,16,A,0,Female,clvr_cost_0.2_intro_0.2_9
68,17,A,0,Female,clvr_cost_0.2_intro_0.2_9
69,18,A,0,Female,clvr_cost_0.2_intro_0.2_9
70,19,A,0,Female,clvr_cost_0.2_intro_0.2_9
71,20,A,0,Female,clvr_cost_0.2_intro_0.2_9
72,21,A,0,Female,clvr_cost_0.2_intro_0.2_9
73,22,A,0,Female,clvr_cost_0.2_intro_0.2_9
74,23,A,0,Female,clvr_cost_0.2_intro_0.2_9
75,24,A,0,Female,clvr_cost_0.2_intro_0.2_9
76,25,A,0,Female,clvr_cost_0.2_intro_0.2_9
77,26,A,0,Female,clvr_cost_0.2_intro_0.2_9
78,27,A,0,Female,clvr_cost_0.2_intro_0.2_9
79,28,A,0,Female,clvr_cost_0.2_intro_0.2_9
80,29,A,0,Female,clvr_cost_0.2_intro_0.2_9
81,30,A,0,Female,clvr_cost_0.2_intro_0.2_9
82,31,A,0,Female,clvr_cost_0.2_intro_0.2_9
83,32,A,0,Female,clvr_cost_0.2_intro_0.2_9
84,33,A,0,Female,clvr_cost_0.2_intro_0.2_9
85,34,A,0,Female,clvr_cost_0.2_intro_0.2_9
86,35,A,0,Female,clvr_cost_0.2_intro_0.2_9
87,36,A,0,Female,clvr_cost_0.2_intro_0.2_9
88,37,A,0,Female,clvr_cost_0.2_intro_0.2_9
89,38,A,0,Female,clvr_cost_0.2_intro_0.2_9
90,39,A,0,Female,clvr_cost_0.2_intro_0.2_9
91,40,A,0,Female,clvr_cost_0.2_intro_0.2_9
92,41,A,0,Female,clvr_cost_0.2_intro_0.2_9
93,42,A,0,Female,clvr_cost_0.2_intro_0.2_9
94,43,A,0,Female,clvr_cost_0.2_intro_0.2_9
95,44,A,0,Female,clvr_cost_0.2_intro_0.2_9
96,45,A,0,Female,clvr_cost_0.2_intro_0.2_9
97,46,A,0,Female,clvr_cost_0.2_intro_0.2_9
98,47,A,0,Female,clvr_cost_0.2_intro_0.2_9
99,48,A,0,Female,clvr_cost_0.2_intro_0.2_9
100,49,A,0,Female,clvr_cost_0.2_intro_0.2_9
101,50,A,0,Female,clvr_cost_0.2_intro_0.2_9
102,0,V,0,Female,clvr_cost_0.2_intro_0.2_9
103,1,V,1256,Female,clvr_cost_0.2_intro_0.2_9
104,2,V,1774,Female,clvr_cost_0.2_intro_0.2_9
105,3,V,2292,Female,clvr_cost_0.2_intro_0.2_9
106,4,V,2753,Female,clvr_cost_0.2_intro_0.2_9
107,5,V,3567,Female,clvr_cost_0.2_intro_0.2_9
108,6,V,4258,Female,clvr_cost_0.2_intro_0.2_9
109,7,V,5382,Female,clvr_cost_0.2_intro_0.2_9
110,8,V,6538,Female,clvr_cost_0.2_intro_0.2_9
111,9,V,7277,Female,clvr_cost_0.2_intro_0.2_9
112,10,V,7296,Female,clvr_cost_0.2_intro_0.2_9
113,11,V,7600,Female,clvr_cost_0.2_intro_0.2_9
114,12,V,7428,Female,clvr_cost_0.2_intro_0.2_9
115,13,V,7408,Female,clvr_cost_0.2_intro_0.2_9
116,14,V,7612,Female,clvr_cost_0.2_intro_0.2_9
117,15,V,7560,Female,clvr_cost_0.2_intro_0.2_9
118,16,V,7584,Female,clvr_cost_0.2_intro_0.2_9
119,17,V,7462,Female,clvr_cost_0.2_intro_0.2_9
120,18,V,7498,Female,clvr_cost_0.2_intro_0.2_9
121,19,V,7194,Female,clvr_cost_0.2_intro_0.2_9
122,20,V,7206,Female,clvr_cost_0.2_intro_0.2_9
123,21,V,7422,Female,clvr_cost_0.2_intro_0.2_9
124,22,V,7528,Female,clvr_cost_0.2_intro_0.2_9
125,23,V,7428,Female,clvr_cost_0.2_intro_0.2_9
126,24,V,7484,Female,clvr_cost_0.2_intro_0.2_9
127,25,V,7652,Female,clvr_cost_0.2_intro_0.2_9
128,26,V,7652,Female,clvr_cost_0.2_intro_0.2_9
129,27,V,7668,Female,clvr_cost_0.2_intro_0.2_9
130,28,V,7382,Female,clvr_cost_0.2_intro_0.2_9
131,29,V,7492,Female,clvr_cost_0.2_intro_0.2_9
132,30,V,7694,Female,clvr_cost_0.2_intro_0.2_9
133,31,V,7566,Female,clvr_cost_0.2_intro_0.2_9
134,32,V,7486,Female,clvr_cost_0.2_intro_0.2_9
135,33,V,7632,Female,clvr_cost_0.2_intro_0.2_9
136,34,V,7486,Female,clvr_cost_0.2_intro_0.2_9
137,35,V,7450,Female,clvr_cost_0.2_intro_0.2_9
138,36,V,7456,Female,clvr_cost_0.2_intro_0.2_9
139,37,V,7328,Female,clvr_cost_0.2_intro_0.2_9
140,38,V,7560,Female,clvr_cost_0.2_intro_0.2_9
141,39,V,7492,Female,clvr_cost_0.2_intro_0.2_9
142,40,V,7550,Female,clvr_cost_0.2_intro_0.2_9
143,41,V,7496,Female,clvr_cost_0.2_intro_0.2_9
144,42,V,7666,Female,clvr_cost_0.2_intro_0.2_9
145,43,V,7636,Female,clvr_cost_0.2_intro_0.2_9
146,44,V,7598,Female,clvr_cost_0.2_intro_0.2_9
147,45,V,7460,Female,clvr_cost_0.2_intro_0.2_9
148,46,V,7498,Female,clvr_cost_0.2_intro_0.2_9
149,47,V,7398,Female,clvr_cost_0.2_intro_0.2_9
150,48,V,7442,Female,clvr_cost_0.2_intro_0.2_9
151,49,V,7562,Female,clvr_cost_0.2_intro_0.2_9
152,50,V,7594,Female,clvr_cost_0.2_intro_0.2_9
153,0,W,10000,Female,clvr_cost_0.2_intro_0.2_9
154,1,W,7370,Female,clvr_cost_0.2_intro_0.2_9
155,2,W,6570,Female,clvr_cost_0.2_intro_0.2_9
156,3,W,5428,Female,clvr_cost_0.2_intro_0.2_9
157,4,W,4065,Female,clvr_cost_0.2_intro_0.2_9
158,5,W,2665,Female,clvr_cost_0.2_intro_0.2_9
159,6,W,1366,Female,clvr_cost_0.2_intro_0.2_9
160,7,W,404,Female,clvr_cost_0.2_intro_0.2_9
161,8,W,70,Female,clvr_cost_0.2_intro_0.2_9
162,9,W,3,Female,clvr_cost_0.2_intro_0.2_9
163,10,W,0,Female,clvr_cost_0.2_intro_0.2_9
164,11,W,0,Female,clvr_cost_0.2_intro_0.2_9
165,12,W,0,Female,clvr_cost_0.2_intro_0.2_9
166,13,W,0,Female,clvr_cost_0.2_intro_0.2_9
167,14,W,0,Female,clvr_cost_0.2_intro_0.2_9
168,15,W,0,Female,clvr_cost_0.2_intro_0.2_9
169,16,W,0,Female,clvr_cost_0.2_intro_0.2_9
170,17,W,0,Female,clvr_cost_0.2_intro_0.2_9
171,18,W,0,Female,clvr_cost_0.2_intro_0.2_9
172,19,W,0,Female,clvr_cost_0.2_intro_0.2_9
173,20,W,0,Female,clvr_cost_0.2_intro_0.2_9
174,21,W,0,Female,clvr_cost_0.2_intro_0.2_9
175,22,W,0,Female,clvr_cost_0.2_intro_0.2_9
176,23,W,0,Female,clvr_cost_0.2_intro_0.2_9
177,24,W,0,Female,clvr_cost_0.2_intro_0.2_9
178,25,W,0,Female,clvr_cost_0.2_intro_0.2_9
179,26,W,0,Female,clvr_cost_0.2_intro_0.2_9
180,27,W,0,Female,clvr_cost_0.2_intro_0.2_9
181,28,W,0,Female,clvr_cost_0.2_intro_0.2_9
182,29,W,0,Female,clvr_cost_0.2_intro_0.2_9
183,30,W,0,Female,clvr_cost_0.2_intro_0.2_9
184,31,W,0,Female,clvr_cost_0.2_intro_0.2_9
185,32,W,0,Female,clvr_cost_0.2_intro_0.2_9
186,33,W,0,Female,clvr_cost_0.2_intro_0.2_9
187,34,W,0,Female,clvr_cost_0.2_intro_0.2_9
188,35,W,0,Female,clvr_cost_0.2_intro_0.2_9
189,36,W,0,Female,clvr_cost_0.2_intro_0.2_9
190,37,W,0,Female,clvr_cost_0.2_intro_0.2_9
191,38,W,0,Female,clvr_cost_0.2_intro_0.2_9
192,39,W,0,Female,clvr_cost_0.2_intro_0.2_9
193,40,W,0,Female,clvr_cost_0.2_intro_0.2_9
194,41,W,0,Female,clvr_cost_0.2_intro_0.2_9
195,42,W,0,Female,clvr_cost_0.2_intro_0.2_9
196,43,W,0,Female,clvr_cost_0.2_intro_0.2_9
197,44,W,0,Female,clvr_cost_0.2_intro_0.2_9
198,45,W,0,Female,clvr_cost_0.2_intro_0.2_9
199,46,W,0,Female,clvr_cost_0.2_intro_0.2_9
200,47,W,0,Female,clvr_cost_0.2_intro_0.2_9
201,48,W,0,Female,clvr_cost_0.2_intro_0.2_9
202,49,W,0,Female,clvr_cost_0.2_intro_0.2_9
203,50,W,0,Female,clvr_cost_0.2_intro_0.2_9
204,0,C,4000,Male,clvr_cost_0.2_intro_0.2_9
205,1,C,1272,Male,clvr_cost_0.2_intro_0.2_9
206,2,C,1742,Male,clvr_cost_0.2_intro_0.2_9
207,3,C,2234,Male,clvr_cost_0.2_intro_0.2_9
208,4,C,2972,Male,clvr_cost_0.2_intro_0.2_9
209,5,C,3526,Male,clvr_cost_0.2_intro_0.2_9
210,6,C,4354,Male,clvr_cost_0.2_intro_0.2_9
211,7,C,5284,Male,clvr_cost_0.2_intro_0.2_9
212,8,C,6691,Male,clvr_cost_0.2_intro_0.2_9
213,9,C,7327,Male,clvr_cost_0.2_intro_0.2_9
214,10,C,7572,Male,clvr_cost_0.2_intro_0.2_9
215,11,C,7690,Male,clvr_cost_0.2_intro_0.2_9
216,12,C,7588,Male,clvr_cost_0.2_intro_0.2_9
217,13,C,7430,Male,clvr_cost_0.2_intro_0.2_9
218,14,C,7652,Male,clvr_cost_0.2_intro_0.2_9
219,15,C,7684,Male,clvr_cost_0.2_intro_0.2_9
220,16,C,7728,Male,clvr_cost_0.2_intro_0.2_9
221,17,C,7496,Male,clvr_cost_0.2_intro_0.2_9
222,18,C,7736,Male,clvr_cost_0.2_intro_0.2_9
223,19,C,7592,Male,clvr_cost_0.2_intro_0.2_9
224,20,C,7430,Male,clvr_cost_0.2_intro_0.2_9
225,21,C,7742,Male,clvr_cost_0.2_intro_0.2_9
226,22,C,7692,Male,clvr_cost_0.2_intro_0.2_9
227,23,C,7564,Male,clvr_cost_0.2_intro_0.2_9
228,24,C,7488,Male,clvr_cost_0.2_intro_0.2_9
229,25,C,7710,Male,clvr_cost_0.2_intro_0.2_9
230,26,C,7978,Male,clvr_cost_0.2_intro_0.2_9
231,27,C,7838,Male,clvr_cost_0.2_intro_0.2_9
232,28,C,7612,Male,clvr_cost_0.2_intro_0.2_9
233,29,C,7542,Male,clvr_cost_0.2_intro_0.2_9
234,30,C,7720,Male,clvr_cost_0.2_intro_0.2_9
235,31,C,7642,Male,clvr_cost_0.2_intro_0.2_9
236,32,C,7500,Male,clvr_cost_0.2_intro_0.2_9
237,33,C,7734,Male,clvr_cost_0.2_intro_0.2_9
238,34,C,7584,Male,clvr_cost_0.2_intro_0.2_9
239,35,C,7686,Male,clvr_cost_0.2_intro_0.2_9
240,36,C,7576,Male,clvr_cost_0.2_intro_0.2_9
241,37,C,7566,Male,clvr_cost_0.2_intro_0.2_9
242,38,C,7572,Male,clvr_cost_0.2_intro_0.2_9
243,39,C,7570,Male,clvr_cost_0.2_intro_0.2_9
244,40,C,7910,Male,clvr_cost_0.2_intro_0.2_9
245,41,C,7508,Male,clvr_cost_0.2_intro_0.2_9
246,42,C,7728,Male,clvr_cost_0.2_intro_0.2_9
247,43,C,7752,Male,clvr_cost_0.2_intro_0.2_9
248,44,C,7788,Male,clvr_cost_0.2_intro_0.2_9
249,45,C,7584,Male,clvr_cost_0.2_intro_0.2_9
250,46,C,7676,Male,clvr_cost_0.2_intro_0.2_9
251,47,C,7656,Male,clvr_cost_0.2_intro_0.2_9
252,48,C,7564,Male,clvr_cost_0.2_intro_0.2_9
253,49,C,7674,Male,clvr_cost_0.2_intro_0.2_9
254,50,C,7660,Male,clvr_cost_0.2_intro_0.2_9
255,0,A,10000,Male,clvr_cost_0.2_intro_0.2_9
256,1,A,7406,Male,clvr_cost_0.2_intro_0.2_9
257,2,A,6648,Male,clvr_cost_0.2_intro_0.2_9
258,3,A,5524,Male,clvr_cost_0.2_intro_0.2_9
259,4,A,4208,Male,clvr_cost_0.2_intro_0.2_9
260,5,A,2790,Male,clvr_cost_0.2_intro_0.2_9
261,6,A,1452,Male,clvr_cost_0.2_intro_0.2_9
262,7,A,554,Male,clvr_cost_0.2_intro_0.2_9
263,8,A,87,Male,clvr_cost_0.2_intro_0.2_9
264,9,A,13,Male,clvr_cost_0.2_intro_0.2_9
265,10,A,0,Male,clvr_cost_0.2_intro_0.2_9
266,11,A,0,Male,clvr_cost_0.2_intro_0.2_9
267,12,A,0,Male,clvr_cost_0.2_intro_0.2_9
268,13,A,0,Male,clvr_cost_0.2_intro_0.2_9
269,14,A,0,Male,clvr_cost_0.2_intro_0.2_9
270,15,A,0,Male,clvr_cost_0.2_intro_0.2_9
271,16,A,0,Male,clvr_cost_0.2_intro_0.2_9
272,17,A,0,Male,clvr_cost_0.2_intro_0.2_9
273,18,A,0,Male,clvr_cost_0.2_intro_0.2_9
274,19,A,0,Male,clvr_cost_0.2_intro_0.2_9
275,20,A,0,Male,clvr_cost_0.2_intro_0.2_9
276,21,A,0,Male,clvr_cost_0.2_intro_0.2_9
277,22,A,0,Male,clvr_cost_0.2_intro_0.2_9
278,23,A,0,Male,clvr_cost_0.2_intro_0.2_9
279,24,A,0,Male,clvr_cost_0.2_intro_0.2_9
280,25,A,0,Male,clvr_cost_0.2_intro_0.2_9
281,26,A,0,Male,clvr_cost_0.2_intro_0.2_9
282,27,A,0,Male,clvr_cost_0.2_intro_0.2_9
283,28,A,0,Male,clvr_cost_0.2_intro_0.2_9
284,29,A,0,Male,clvr_cost_0.2_intro_0.2_9
285,30,A,0,Male,clvr_cost_0.2_intro_0.2_9
286,31,A,0,Male,clvr_cost_0.2_intro_0.2_9
287,32,A,0,Male,clvr_cost_0.2_intro_0.2_9
288,33,A,0,Male,clvr_cost_0.2_intro_0.2_9
289,34,A,0,Male,clvr_cost_0.2_intro_0.2_9
290,35,A,0,Male,clvr_cost_0.2_intro_0.2_9
291,36,A,0,Male,clvr_cost_0.2_intro_0.2_9
292,37,A,0,Male,clvr_cost_0.2_intro_0.2_9
293,38,A,0,Male,clvr_cost_0.2_intro_0.2_9
294,39,A,0,Male,clvr_cost_0.2_intro_0.2_9
295,40,A,0,Male,clvr_cost_0.2_intro_0.2_9
296,41,A,0,Male,clvr_cost_0.2_intro_0.2_9
297,42,A,0,Male,clvr_cost_0.2_intro_0.2_9
298,43,A,0,Male,clvr_cost_0.2_intro_0.2_9
299,44,A,0,Male,clvr_cost_0.2_intro_0.2_9
300,45,A,0,Male,clvr_cost_0.2_intro_0.2_9
301,46,A,0,Male,clvr_cost_0.2_intro_0.2_9
302,47,A,0,Male,clvr_cost_0.2_intro_0.2_9
303,48,A,0,Male,clvr_cost_0.2_intro_0.2_9
304,49,A,0,Male,clvr_cost_0.2_intro_0.2_9
305,50,A,0,Male,clvr_cost_0.2_intro_0.2_9
306,0,V,4000,Male,clvr_cost_0.2_intro_0.2_9
307,1,V,1272,Male,clvr_cost_0.2_intro_0.2_9
308,2,V,1789,Male,clvr_cost_0.2_intro_0.2_9
309,3,V,2276,Male,clvr_cost_0.2_intro_0.2_9
310,4,V,3030,Male,clvr_cost_0.2_intro_0.2_9
311,5,V,3585,Male,clvr_cost_0.2_intro_0.2_9
312,6,V,4409,Male,clvr_cost_0.2_intro_0.2_9
313,7,V,5338,Male,clvr_cost_0.2_intro_0.2_9
314,8,V,6711,Male,clvr_cost_0.2_intro_0.2_9
315,9,V,7335,Male,clvr_cost_0.2_intro_0.2_9
316,10,V,7572,Male,clvr_cost_0.2_intro_0.2_9
317,11,V,7690,Male,clvr_cost_0.2_intro_0.2_9
318,12,V,7588,Male,clvr_cost_0.2_intro_0.2_9
319,13,V,7430,Male,clvr_cost_0.2_intro_0.2_9
320,14,V,7652,Male,clvr_cost_0.2_intro_0.2_9
321,15,V,7684,Male,clvr_cost_0.2_intro_0.2_9
322,16,V,7728,Male,clvr_cost_0.2_intro_0.2_9
323,17,V,7496,Male,clvr_cost_0.2_intro_0.2_9
324,18,V,7736,Male,clvr_cost_0.2_intro_0.2_9
325,19,V,7592,Male,clvr_cost_0.2_intro_0.2_9
326,20,V,7430,Male,clvr_cost_0.2_intro_0.2_9
327,21,V,7742,Male,clvr_cost_0.2_intro_0.2_9
328,22,V,7692,Male,clvr_cost_0.2_intro_0.2_9
329,23,V,7564,Male,clvr_cost_0.2_intro_0.2_9
330,24,V,7488,Male,clvr_cost_0.2_intro_0.2_9
331,25,V,7710,Male,clvr_cost_0.2_intro_0.2_9
332,26,V,7978,Male,clvr_cost_0.2_intro_0.2_9
333,27,V,7838,Male,clvr_cost_0.2_intro_0.2_9
334,28,V,7612,Male,clvr_cost_0.2_intro_0.2_9
335,29,V,7542,Male,clvr_cost_0.2_intro_0.2_9
336,30,V,7720,Male,clvr_cost_0.2_intro_0.2_9
337,31,V,7642,Male,clvr_cost_0.2_intro_0.2_9
338,32,V,7500,Male,clvr_cost_0.2_intro_0.2_9
339,33,V,7734,Male,clvr_cost_0.2_intro_0.2_9
340,34,V,7584,Male,clvr_cost_0.2_intro_0.2_9
341,35,V,7686,Male,clvr_cost_0.2_intro_0.2_9
342,36,V,7576,Male,clvr_cost_0.2_intro_0.2_9
343,37,V,7566,Male,clvr_cost_0.2_intro_0.2_9
344,38,V,7572,Male,clvr_cost_0.2_intro_0.2_9
345,39,V,7570,Male,clvr_cost_0.2_intro_0.2_9
346,40,V,7910,Male,clvr_cost_0.2_intro_0.2_9
347,41,V,7508,Male,clvr_cost_0.2_intro_0.2_9
348,42,V,7728,Male,clvr_cost_0.2_intro_0.2_9
349,43,V,7752,Male,clvr_cost_0.2_intro_0.2_9
350,44,V,7788,Male,clvr_cost_0.2_intro_0.2_9
351,45,V,7584,Male,clvr_cost_0.2_intro_0.2_9
352,46,V,7676,Male,clvr_cost_0.2_intro_0.2_9
353,47,V,7656,Male,clvr_cost_0.2_intro_0.2_9
354,48,V,7564,Male,clvr_cost_0.2_intro_0.2_9
355,49,V,7674,Male,clvr_cost_0.2_intro_0.2_9
356,50,V,7660,Male,clvr_cost_0.2_intro_0.2_9
357,0,W,10000,Male,clvr_cost_0.2_intro_0.2_9
358,1,W,7406,Male,clvr_cost_0.2_intro_0.2_9
359,2,W,6601,Male,clvr_cost_0.2_intro_0.2_9
360,3,W,5482,Male,clvr_cost_0.2_intro_0.2_9
361,4,W,4150,Male,clvr_cost_0.2_intro_0.2_9
362,5,W,2731,Male,clvr_cost_0.2_intro_0.2_9
363,6,W,1397,Male,clvr_cost_0.2_intro_0.2_9
364,7,W,500,Male,clvr_cost_0.2_intro_0.2_9
365,8,W,67,Male,clvr_cost_0.2_intro_0.2_9
366,9,W,5,Male,clvr_cost_0.2_intro_0.2_9
367,10,W,0,Male,clvr_cost_0.2_intro_0.2_9
368,11,W,0,Male,clvr_cost_0.2_intro_0.2_9
369,12,W,0,Male,clvr_cost_0.2_intro_0.2_9
370,13,W,0,Male,clvr_cost_0.2_intro_0.2_9
371,14,W,0,Male,clvr_cost_0.2_intro_0.2_9
372,15,W,0,Male,clvr_cost_0.2_intro_0.2_9
373,16,W,0,Male,clvr_cost_0.2_intro_0.2_9
374,17,W,0,Male,clvr_cost_0.2_intro_0.2_9
375,18,W,0,Male,clvr_cost_0.2_intro_0.2_9
376,19,W,0,Male,clvr_cost_0.2_intro_0.2_9
377,20,W,0,Male,clvr_cost_0.2_intro_0.2_9
378,21,W,0,Male,clvr_cost_0.2_intro_0.2_9
379,22,W,0,Male,clvr_cost_0.2_intro_0.2_9
380,23,W,0,Male,clvr_cost_0.2_intro_0.2_9
381,24,W,0,Male,clvr_cost_0.2_intro_0.2_9
382,25,W,0,Male,clvr_cost_0.2_intro_0.2_9
383,26,W,0,Male,clvr_cost_0.2_intro_0.2_9
384,27,W,0,Male,clvr_cost_0.2_intro_0.2_9
385,28,W,0,Male,clvr_cost_0.2_intro_0.2_9
386,29,W,0,Male,clvr_cost_0.2_intro_0.2_9
387,30,W,0,Male,clvr_cost_0.2_intro_0.2_9
388,31,W,0,Male,clvr_cost_0.2_intro_0.2_9
389,32,W,0,Male,clvr_cost_0.2_intro_0.2_9
390,33,W,0,Male,clvr_cost_0.2_intro_0.2_9
391,34,W,0,Male,clvr_cost_0.2_intro_0.2_9
392,35,W,0,Male,clvr_cost_0.2_intro_0.2_9
393,36,W,0,Male,clvr_cost_0.2_intro_0.2_9
394,37,W,0,Male,clvr_cost_0.2_intro_0.2_9
395,38,W,0,Male,clvr_cost_0.2_intro_0.2_9
396,39,W,0,Male,clvr_cost_0.2_intro_0.2_9
397,40,W,0,Male,clvr_cost_0.2_intro_0.2_9
398,41,W,0,Male,clvr_cost_0.2_intro_0.2_9
399,42,W,0,Male,clvr_cost_0.2_intro_0.2_9
400,43,W,0,Male,clvr_cost_0.2_intro_0.2_9
401,44,W,0,Male,clvr_cost_0.2_intro_0.2_9
402,45,W,0,Male,clvr_cost_0.2_intro_0.2_9
403,46,W,0,Male,clvr_cost_0.2_intro_0.2_9
404,47,W,0,Male,clvr_cost_0.2_intro_0.2_9
405,48,W,0,Male,clvr_cost_0.2_intro_0.2_9
406,49,W,0,Male,clvr_cost_0.2_intro_0.2_9
407,50,W,0,Male,clvr_cost_0.2_intro_0.2_9
,Generation,Allele,Count,Sex,Run
0,0,C,0,Female,clvr_cost_0.2_intro_0.2_10
1,1,C,1208,Female,clvr_cost_0.2_intro_0.2_10
2,2,C,1615,Female,clvr_cost_0.2_intro_0.2_10
3,3,C,2112,Female,clvr_cost_0.2_intro_0.2_10
4,4,C,2488,Female,clvr_cost_0.2_intro_0.2_10
5,5,C,3224,Female,clvr_cost_0.2_intro_0.2_10
6,6,C,4041,Female,clvr_cost_0.2_intro_0.2_10
7,7,C,5036,Female,clvr_cost_0.2_intro_0.2_10
8,8,C,6023,Female,clvr_cost_0.2_intro_0.2_10
9,9,C,6947,Female,clvr_cost_0.2_intro_0.2_10
10,10,C,7294,Female,clvr_cost_0.2_intro_0.2_10
11,11,C,7316,Female,clvr_cost_0.2_intro_0.2_10
12,12,C,7432,Female,clvr_cost_0.2_intro_0.2_10
13,13,C,7554,Female,clvr_cost_0.2_intro_0.2_10
14,14,C,7456,Female,clvr_cost_0.2_intro_0.2_10
15,15,C,7500,Female,clvr_cost_0.2_intro_0.2_10
16,16,C,7648,Female,clvr_cost_0.2_intro_0.2_10
17,17,C,7828,Female,clvr_cost_0.2_intro_0.2_10
18,18,C,7604,Female,clvr_cost_0.2_intro_0.2_10
19,19,C,7640,Female,clvr_cost_0.2_intro_0.2_10
20,20,C,7692,Female,clvr_cost_0.2_intro_0.2_10
21,21,C,7652,Female,clvr_cost_0.2_intro_0.2_10
22,22,C,7472,Female,clvr_cost_0.2_intro_0.2_10
23,23,C,7294,Female,clvr_cost_0.2_intro_0.2_10
24,24,C,7256,Female,clvr_cost_0.2_intro_0.2_10
25,25,C,7348,Female,clvr_cost_0.2_intro_0.2_10
26,26,C,7450,Female,clvr_cost_0.2_intro_0.2_10
27,27,C,7192,Female,clvr_cost_0.2_intro_0.2_10
28,28,C,7292,Female,clvr_cost_0.2_intro_0.2_10
29,29,C,7674,Female,clvr_cost_0.2_intro_0.2_10
30,30,C,7462,Female,clvr_cost_0.2_intro_0.2_10
31,31,C,7472,Female,clvr_cost_0.2_intro_0.2_10
32,32,C,7556,Female,clvr_cost_0.2_intro_0.2_10
33,33,C,7596,Female,clvr_cost_0.2_intro_0.2_10
34,34,C,7434,Female,clvr_cost_0.2_intro_0.2_10
35,35,C,7612,Female,clvr_cost_0.2_intro_0.2_10
36,36,C,7384,Female,clvr_cost_0.2_intro_0.2_10
37,37,C,7354,Female,clvr_cost_0.2_intro_0.2_10
38,38,C,7540,Female,clvr_cost_0.2_intro_0.2_10
39,39,C,7552,Female,clvr_cost_0.2_intro_0.2_10
40,40,C,7698,Female,clvr_cost_0.2_intro_0.2_10
41,41,C,7512,Female,clvr_cost_0.2_intro_0.2_10
42,42,C,7364,Female,clvr_cost_0.2_intro_0.2_10
43,43,C,7422,Female,clvr_cost_0.2_intro_0.2_10
44,44,C,7538,Female,clvr_cost_0.2_intro_0.2_10
45,45,C,7718,Female,clvr_cost_0.2_intro_0.2_10
46,46,C,7496,Female,clvr_cost_0.2_intro_0.2_10
47,47,C,7390,Female,clvr_cost_0.2_intro_0.2_10
48,48,C,7562,Female,clvr_cost_0.2_intro_0.2_10
49,49,C,7222,Female,clvr_cost_0.2_intro_0.2_10
50,50,C,7438,Female,clvr_cost_0.2_intro_0.2_10
51,0,A,10000,Female,clvr_cost_0.2_intro_0.2_10
52,1,A,7188,Female,clvr_cost_0.2_intro_0.2_10
53,2,A,6545,Female,clvr_cost_0.2_intro_0.2_10
54,3,A,5474,Female,clvr_cost_0.2_intro_0.2_10
55,4,A,4348,Female,clvr_cost_0.2_intro_0.2_10
56,5,A,3180,Female,clvr_cost_0.2_intro_0.2_10
57,6,A,1833,Female,clvr_cost_0.2_intro_0.2_10
58,7,A,750,Female,clvr_cost_0.2_intro_0.2_10
59,8,A,189,Female,clvr_cost_0.2_intro_0.2_10
60,9,A,23,Female,clvr_cost_0.2_intro_0.2_10
61,10,A,0,Female,clvr_cost_0.2_intro_0.2_10
62,11,A,0,Female,clvr_cost_0.2_intro_0.2_10
63,12,A,0,Female,clvr_cost_0.2_intro_0.2_10
64,13,A,0,Female,clvr_cost_0.2_intro_0.2_10
65,14,A,0,Female,clvr_cost_0.2_intro_0.2_10
66,15,A,0,Female,clvr_cost_0.2_intro_0.2_10
67,16,A,0,Female,clvr_cost_0.2_intro_0.2_10
68,17,A,0,Female,clvr_cost_0.2_intro_0.2_10
69,18,A,0,Female,clvr_cost_0.2_intro_0.2_10
70,19,A,0,Female,clvr_cost_0.2_intro_0.2_10
71,20,A,0,Female,clvr_cost_0.2_intro_0.2_10
72,21,A,0,Female,clvr_cost_0.2_intro_0.2_10
73,22,A,0,Female,clvr_cost_0.2_intro_0.2_10
74,23,A,0,Female,clvr_cost_0.2_intro_0.2_10
75,24,A,0,Female,clvr_cost_0.2_intro_0.2_10
76,25,A,0,Female,clvr_cost_0.2_intro_0.2_10
77,26,A,0,Female,clvr_cost_0.2_intro_0.2_10
78,27,A,0,Female,clvr_cost_0.2_intro_0.2_10
79,28,A,0,Female,clvr_cost_0.2_intro_0.2_10
80,29,A,0,Female,clvr_cost_0.2_intro_0.2_10
81,30,A,0,Female,clvr_cost_0.2_intro_0.2_10
82,31,A,0,Female,clvr_cost_0.2_intro_0.2_10
83,32,A,0,Female,clvr_cost_0.2_intro_0.2_10
84,33,A,0,Female,clvr_cost_0.2_intro_0.2_10
85,34,A,0,Female,clvr_cost_0.2_intro_0.2_10
86,35,A,0,Female,clvr_cost_0.2_intro_0.2_10
87,36,A,0,Female,clvr_cost_0.2_intro_0.2_10
88,37,A,0,Female,clvr_cost_0.2_intro_0.2_10
89,38,A,0,Female,clvr_cost_0.2_intro_0.2_10
90,39,A,0,Female,clvr_cost_0.2_intro_0.2_10
91,40,A,0,Female,clvr_cost_0.2_intro_0.2_10
92,41,A,0,Female,clvr_cost_0.2_intro_0.2_10
93,42,A,0,Female,clvr_cost_0.2_intro_0.2_10
94,43,A,0,Female,clvr_cost_0.2_intro_0.2_10
95,44,A,0,Female,clvr_cost_0.2_intro_0.2_10
96,45,A,0,Female,clvr_cost_0.2_intro_0.2_10
97,46,A,0,Female,clvr_cost_0.2_intro_0.2_10
98,47,A,0,Female,clvr_cost_0.2_intro_0.2_10
99,48,A,0,Female,clvr_cost_0.2_intro_0.2_10
100,49,A,0,Female,clvr_cost_0.2_intro_0.2_10
101,50,A,0,Female,clvr_cost_0.2_intro_0.2_10
102,0,V,0,Female,clvr_cost_0.2_intro_0.2_10
103,1,V,1208,Female,clvr_cost_0.2_intro_0.2_10
104,2,V,1646,Female,clvr_cost_0.2_intro_0.2_10
105,3,V,2151,Female,clvr_cost_0.2_intro_0.2_10
106,4,V,2544,Female,clvr_cost_0.2_intro_0.2_10
107,5,V,3282,Female,clvr_cost_0.2_intro_0.2_10
108,6,V,4115,Female,clvr_cost_0.2_intro_0.2_10
109,7,V,5082,Female,clvr_cost_0.2_intro_0.2_10
110,8,V,6055,Female,clvr_cost_0.2_intro_0.2_10
111,9,V,6958,Female,clvr_cost_0.2_intro_0.2_10
112,10,V,7294,Female,clvr_cost_0.2_intro_0.2_10
113,11,V,7316,Female,clvr_cost_0.2_intro_0.2_10
114,12,V,7432,Female,clvr_cost_0.2_intro_0.2_10
115,13,V,7554,Female,clvr_cost_0.2_intro_0.2_10
116,14,V,7456,Female,clvr_cost_0.2_intro_0.2_10
117,15,V,7500,Female,clvr_cost_0.2_intro_0.2_10
118,16,V,7648,Female,clvr_cost_0.2_intro_0.2_10
119,17,V,7828,Female,clvr_cost_0.2_intro_0.2_10
120,18,V,7604,Female,clvr_cost_0.2_intro_0.2_10
121,19,V,7640,Female,clvr_cost_0.2_intro_0.2_10
122,20,V,7692,Female,clvr_cost_0.2_intro_0.2_10
123,21,V,7652,Female,clvr_cost_0.2_intro_0.2_10
124,22,V,7472,Female,clvr_cost_0.2_intro_0.2_10
125,23,V,7294,Female,clvr_cost_0.2_intro_0.2_10
126,24,V,7256,Female,clvr_cost_0.2_intro_0.2_10
127,25,V,7348,Female,clvr_cost_0.2_intro_0.2_10
128,26,V,7450,Female,clvr_cost_0.2_intro_0.2_10
129,27,V,7192,Female,clvr_cost_0.2_intro_0.2_10
130,28,V,7292,Female,clvr_cost_0.2_intro_0.2_10
131,29,V,7674,Female,clvr_cost_0.2_intro_0.2_10
132,30,V,7462,Female,clvr_cost_0.2_intro_0.2_10
133,31,V,7472,Female,clvr_cost_0.2_intro_0.2_10
134,32,V,7556,Female,clvr_cost_0.2_intro_0.2_10
135,33,V,7596,Female,clvr_cost_0.2_intro_0.2_10
136,34,V,7434,Female,clvr_cost_0.2_intro_0.2_10
137,35,V,7612,Female,clvr_cost_0.2_intro_0.2_10
138,36,V,7384,Female,clvr_cost_0.2_intro_0.2_10
139,37,V,7354,Female,clvr_cost_0.2_intro_0.2_10
140,38,V,7540,Female,clvr_cost_0.2_intro_0.2_10
141,39,V,7552,Female,clvr_cost_0.2_intro_0.2_10
142,40,V,7698,Female,clvr_cost_0.2_intro_0.2_10
143,41,V,7512,Female,clvr_cost_0.2_intro_0.2_10
144,42,V,7364,Female,clvr_cost_0.2_intro_0.2_10
145,43,V,7422,Female,clvr_cost_0.2_intro_0.2_10
146,44,V,7538,Female,clvr_cost_0.2_intro_0.2_10
147,45,V,7718,Female,clvr_cost_0.2_intro_0.2_10
148,46,V,7496,Female,clvr_cost_0.2_intro_0.2_10
149,47,V,7390,Female,clvr_cost_0.2_intro_0.2_10
150,48,V,7562,Female,clvr_cost_0.2_intro_0.2_10
151,49,V,7222,Female,clvr_cost_0.2_intro_0.2_10
152,50,V,7438,Female,clvr_cost_0.2_intro_0.2_10
153,0,W,10000,Female,clvr_cost_0.2_intro_0.2_10
154,1,W,7188,Female,clvr_cost_0.2_intro_0.2_10
155,2,W,6514,Female,clvr_cost_0.2_intro_0.2_10
156,3,W,5435,Female,clvr_cost_0.2_intro_0.2_10
157,4,W,4292,Female,clvr_cost_0.2_intro_0.2_10
158,5,W,3122,Female,clvr_cost_0.2_intro_0.2_10
159,6,W,1759,Female,clvr_cost_0.2_intro_0.2_10
160,7,W,704,Female,clvr_cost_0.2_intro_0.2_10
161,8,W,157,Female,clvr_cost_0.2_intro_0.2_10
162,9,W,12,Female,clvr_cost_0.2_intro_0.2_10
163,10,W,0,Female,clvr_cost_0.2_intro_0.2_10
164,11,W,0,Female,clvr_cost_0.2_intro_0.2_10
165,12,W,0,Female,clvr_cost_0.2_intro_0.2_10
166,13,W,0,Female,clvr_cost_0.2_intro_0.2_10
167,14,W,0,Female,clvr_cost_0.2_intro_0.2_10
168,15,W,0,Female,clvr_cost_0.2_intro_0.2_10
169,16,W,0,Female,clvr_cost_0.2_intro_0.2_10
170,17,W,0,Female,clvr_cost_0.2_intro_0.2_10
171,18,W,0,Female,clvr_cost_0.2_intro_0.2_10
172,19,W,0,Female,clvr_cost_0.2_intro_0.2_10
173,20,W,0,Female,clvr_cost_0.2_intro_0.2_10
174,21,W,0,Female,clvr_cost_0.2_intro_0.2_10
175,22,W,0,Female,clvr_cost_0.2_intro_0.2_10
176,23,W,0,Female,clvr_cost_0.2_intro_0.2_10
177,24,W,0,Female,clvr_cost_0.2_intro_0.2_10
178,25,W,0,Female,clvr_cost_0.2_intro_0.2_10
179,26,W,0,Female,clvr_cost_0.2_intro_0.2_10
180,27,W,0,Female,clvr_cost_0.2_intro_0.2_10
181,28,W,0,Female,clvr_cost_0.2_intro_0.2_10
182,29,W,0,Female,clvr_cost_0.2_intro_0.2_10
183,30,W,0,Female,clvr_cost_0.2_intro_0.2_10
184,31,W,0,Female,clvr_cost_0.2_intro_0.2_10
185,32,W,0,Female,clvr_cost_0.2_intro_0.2_10
186,33,W,0,Female,clvr_cost_0.2_intro_0.2_10
187,34,W,0,Female,clvr_cost_0.2_intro_0.2_10
188,35,W,0,Female,clvr_cost_0.2_intro_0.2_10
189,36,W,0,Female,clvr_cost_0.2_intro_0.2_10
190,37,W,0,Female,clvr_cost_0.2_intro_0.2_10
191,38,W,0,Female,clvr_cost_0.2_intro_0.2_10
192,39,W,0,Female,clvr_cost_0.2_intro_0.2_10
193,40,W,0,Female,clvr_cost_0.2_intro_0.2_10
194,41,W,0,Female,clvr_cost_0.2_intro_0.2_10
195,42,W,0,Female,clvr_cost_0.2_intro_0.2_10
196,43,W,0,Female,clvr_cost_0.2_intro_0.2_10
197,44,W,0,Female,clvr_cost_0.2_intro_0.2_10
198,45,W,0,Female,clvr_cost_0.2_intro_0.2_10
199,46,W,0,Female,clvr_cost_0.2_intro_0.2_10
200,47,W,0,Female,clvr_cost_0.2_intro_0.2_10
201,48,W,0,Female,clvr_cost_0.2_intro_0.2_10
202,49,W,0,Female,clvr_cost_0.2_intro_0.2_10
203,50,W,0,Female,clvr_cost_0.2_intro_0.2_10
204,0,C,4000,Male,clvr_cost_0.2_intro_0.2_10
205,1,C,1175,Male,clvr_cost_0.2_intro_0.2_10
206,2,C,1584,Male,clvr_cost_0.2_intro_0.2_10
207,3,C,2010,Male,clvr_cost_0.2_intro_0.2_10
208,4,C,2561,Male,clvr_cost_0.2_intro_0.2_10
209,5,C,3244,Male,clvr_cost_0.2_intro_0.2_10
210,6,C,4140,Male,clvr_cost_0.2_intro_0.2_10
211,7,C,5077,Male,clvr_cost_0.2_intro_0.2_10
212,8,C,6269,Male,clvr_cost_0.2_intro_0.2_10
213,9,C,7134,Male,clvr_cost_0.2_intro_0.2_10
214,10,C,7430,Male,clvr_cost_0.2_intro_0.2_10
215,11,C,7350,Male,clvr_cost_0.2_intro_0.2_10
216,12,C,7506,Male,clvr_cost_0.2_intro_0.2_10
217,13,C,7578,Male,clvr_cost_0.2_intro_0.2_10
218,14,C,7614,Male,clvr_cost_0.2_intro_0.2_10
219,15,C,7552,Male,clvr_cost_0.2_intro_0.2_10
220,16,C,7652,Male,clvr_cost_0.2_intro_0.2_10
221,17,C,7892,Male,clvr_cost_0.2_intro_0.2_10
222,18,C,7744,Male,clvr_cost_0.2_intro_0.2_10
223,19,C,7738,Male,clvr_cost_0.2_intro_0.2_10
224,20,C,7702,Male,clvr_cost_0.2_intro_0.2_10
225,21,C,7766,Male,clvr_cost_0.2_intro_0.2_10
226,22,C,7714,Male,clvr_cost_0.2_intro_0.2_10
227,23,C,7436,Male,clvr_cost_0.2_intro_0.2_10
228,24,C,7484,Male,clvr_cost_0.2_intro_0.2_10
229,25,C,7412,Male,clvr_cost_0.2_intro_0.2_10
230,26,C,7664,Male,clvr_cost_0.2_intro_0.2_10
231,27,C,7582,Male,clvr_cost_0.2_intro_0.2_10
232,28,C,7412,Male,clvr_cost_0.2_intro_0.2_10
233,29,C,7676,Male,clvr_cost_0.2_intro_0.2_10
234,30,C,7848,Male,clvr_cost_0.2_intro_0.2_10
235,31,C,7604,Male,clvr_cost_0.2_intro_0.2_10
236,32,C,7640,Male,clvr_cost_0.2_intro_0.2_10
237,33,C,7692,Male,clvr_cost_0.2_intro_0.2_10
238,34,C,7560,Male,clvr_cost_0.2_intro_0.2_10
239,35,C,7628,Male,clvr_cost_0.2_intro_0.2_10
240,36,C,7762,Male,clvr_cost_0.2_intro_0.2_10
241,37,C,7358,Male,clvr_cost_0.2_intro_0.2_10
242,38,C,7706,Male,clvr_cost_0.2_intro_0.2_10
243,39,C,7556,Male,clvr_cost_0.2_intro_0.2_10
244,40,C,7730,Male,clvr_cost_0.2_intro_0.2_10
245,41,C,7554,Male,clvr_cost_0.2_intro_0.2_10
246,42,C,7506,Male,clvr_cost_0.2_intro_0.2_10
247,43,C,7478,Male,clvr_cost_0.2_intro_0.2_10
248,44,C,7628,Male,clvr_cost_0.2_intro_0.2_10
249,45,C,7764,Male,clvr_cost_0.2_intro_0.2_10
250,46,C,7686,Male,clvr_cost_0.2_intro_0.2_10
251,47,C,7612,Male,clvr_cost_0.2_intro_0.2_10
252,48,C,7598,Male,clvr_cost_0.2_intro_0.2_10
253,49,C,7572,Male,clvr_cost_0.2_intro_0.2_10
254,50,C,7582,Male,clvr_cost_0.2_intro_0.2_10
255,0,A,10000,Male,clvr_cost_0.2_intro_0.2_10
256,1,A,7337,Male,clvr_cost_0.2_intro_0.2_10
257,2,A,6588,Male,clvr_cost_0.2_intro_0.2_10
258,3,A,5826,Male,clvr_cost_0.2_intro_0.2_10
259,4,A,4403,Male,clvr_cost_0.2_intro_0.2_10
260,5,A,3236,Male,clvr_cost_0.2_intro_0.2_10
261,6,A,1874,Male,clvr_cost_0.2_intro_0.2_10
262,7,A,849,Male,clvr_cost_0.2_intro_0.2_10
263,8,A,159,Male,clvr_cost_0.2_intro_0.2_10
264,9,A,14,Male,clvr_cost_0.2_intro_0.2_10
265,10,A,2,Male,clvr_cost_0.2_intro_0.2_10
266,11,A,0,Male,clvr_cost_0.2_intro_0.2_10
267,12,A,0,Male,clvr_cost_0.2_intro_0.2_10
268,13,A,0,Male,clvr_cost_0.2_intro_0.2_10
269,14,A,0,Male,clvr_cost_0.2_intro_0.2_10
270,15,A,0,Male,clvr_cost_0.2_intro_0.2_10
271,16,A,0,Male,clvr_cost_0.2_intro_0.2_10
272,17,A,0,Male,clvr_cost_0.2_intro_0.2_10
273,18,A,0,Male,clvr_cost_0.2_intro_0.2_10
274,19,A,0,Male,clvr_cost_0.2_intro_0.2_10
275,20,A,0,Male,clvr_cost_0.2_intro_0.2_10
276,21,A,0,Male,clvr_cost_0.2_intro_0.2_10
277,22,A,0,Male,clvr_cost_0.2_intro_0.2_10
278,23,A,0,Male,clvr_cost_0.2_intro_0.2_10
279,24,A,0,Male,clvr_cost_0.2_intro_0.2_10
280,25,A,0,Male,clvr_cost_0.2_intro_0.2_10
281,26,A,0,Male,clvr_cost_0.2_intro_0.2_10
282,27,A,0,Male,clvr_cost_0.2_intro_0.2_10
283,28,A,0,Male,clvr_cost_0.2_intro_0.2_10
284,29,A,0,Male,clvr_cost_0.2_intro_0.2_10
285,30,A,0,Male,clvr_cost_0.2_intro_0.2_10
286,31,A,0,Male,clvr_cost_0.2_intro_0.2_10
287,32,A,0,Male,clvr_cost_0.2_intro_0.2_10
288,33,A,0,Male,clvr_cost_0.2_intro_0.2_10
289,34,A,0,Male,clvr_cost_0.2_intro_0.2_10
290,35,A,0,Male,clvr_cost_0.2_intro_0.2_10
291,36,A,0,Male,clvr_cost_0.2_intro_0.2_10
292,37,A,0,Male,clvr_cost_0.2_intro_0.2_10
293,38,A,0,Male,clvr_cost_0.2_intro_0.2_10
294,39,A,0,Male,clvr_cost_0.2_intro_0.2_10
295,40,A,0,Male,clvr_cost_0.2_intro_0.2_10
296,41,A,0,Male,clvr_cost_0.2_intro_0.2_10
297,42,A,0,Male,clvr_cost_0.2_intro_0.2_10
298,43,A,0,Male,clvr_cost_0.2_intro_0.2_10
299,44,A,0,Male,clvr_cost_0.2_intro_0.2_10
300,45,A,0,Male,clvr_cost_0.2_intro_0.2_10
301,46,A,0,Male,clvr_cost_0.2_intro_0.2_10
302,47,A,0,Male,clvr_cost_0.2_intro_0.2_10
303,48,A,0,Male,clvr_cost_0.2_intro_0.2_10
304,49,A,0,Male,clvr_cost_0.2_intro_0.2_10
305,50,A,0,Male,clvr_cost_0.2_intro_0.2_10
306,0,V,4000,Male,clvr_cost_0.2_intro_0.2_10
307,1,V,1175,Male,clvr_cost_0.2_intro_0.2_10
308,2,V,1623,Male,clvr_cost_0.2_intro_0.2_10
309,3,V,2045,Male,clvr_cost_0.2_intro_0.2_10
310,4,V,2627,Male,clvr_cost_0.2_intro_0.2_10
311,5,V,3291,Male,clvr_cost_0.2_intro_0.2_10
312,6,V,4193,Male,clvr_cost_0.2_intro_0.2_10
313,7,V,5135,Male,clvr_cost_0.2_intro_0.2_10
314,8,V,6296,Male,clvr_cost_0.2_intro_0.2_10
315,9,V,7137,Male,clvr_cost_0.2_intro_0.2_10
316,10,V,7431,Male,clvr_cost_0.2_intro_0.2_10
317,11,V,7350,Male,clvr_cost_0.2_intro_0.2_10
318,12,V,7506,Male,clvr_cost_0.2_intro_0.2_10
319,13,V,7578,Male,clvr_cost_0.2_intro_0.2_10
320,14,V,7614,Male,clvr_cost_0.2_intro_0.2_10
321,15,V,7552,Male,clvr_cost_0.2_intro_0.2_10
322,16,V,7652,Male,clvr_cost_0.2_intro_0.2_10
323,17,V,7892,Male,clvr_cost_0.2_intro_0.2_10
324,18,V,7744,Male,clvr_cost_0.2_intro_0.2_10
325,19,V,7738,Male,clvr_cost_0.2_intro_0.2_10
326,20,V,7702,Male,clvr_cost_0.2_intro_0.2_10
327,21,V,7766,Male,clvr_cost_0.2_intro_0.2_10
328,22,V,7714,Male,clvr_cost_0.2_intro_0.2_10
329,23,V,7436,Male,clvr_cost_0.2_intro_0.2_10
330,24,V,7484,Male,clvr_cost_0.2_intro_0.2_10
331,25,V,7412,Male,clvr_cost_0.2_intro_0.2_10
332,26,V,7664,Male,clvr_cost_0.2_intro_0.2_10
333,27,V,7582,Male,clvr_cost_0.2_intro_0.2_10
334,28,V,7412,Male,clvr_cost_0.2_intro_0.2_10
335,29,V,7676,Male,clvr_cost_0.2_intro_0.2_10
336,30,V,7848,Male,clvr_cost_0.2_intro_0.2_10
337,31,V,7604,Male,clvr_cost_0.2_intro_0.2_10
338,32,V,7640,Male,clvr_cost_0.2_intro_0.2_10
339,33,V,7692,Male,clvr_cost_0.2_intro_0.2_10
340,34,V,7560,Male,clvr_cost_0.2_intro_0.2_10
341,35,V,7628,Male,clvr_cost_0.2_intro_0.2_10
342,36,V,7762,Male,clvr_cost_0.2_intro_0.2_10
343,37,V,7358,Male,clvr_cost_0.2_intro_0.2_10
344,38,V,7706,Male,clvr_cost_0.2_intro_0.2_10
345,39,V,7556,Male,clvr_cost_0.2_intro_0.2_10
346,40,V,7730,Male,clvr_cost_0.2_intro_0.2_10
347,41,V,7554,Male,clvr_cost_0.2_intro_0.2_10
348,42,V,7506,Male,clvr_cost_0.2_intro_0.2_10
349,43,V,7478,Male,clvr_cost_0.2_intro_0.2_10
350,44,V,7628,Male,clvr_cost_0.2_intro_0.2_10
351,45,V,7764,Male,clvr_cost_0.2_intro_0.2_10
352,46,V,7686,Male,clvr_cost_0.2_intro_0.2_10
353,47,V,7612,Male,clvr_cost_0.2_intro_0.2_10
354,48,V,7598,Male,clvr_cost_0.2_intro_0.2_10
355,49,V,7572,Male,clvr_cost_0.2_intro_0.2_10
356,50,V,7582,Male,clvr_cost_0.2_intro_0.2_10
357,0,W,10000,Male,clvr_cost_0.2_intro_0.2_10
358,1,W,7337,Male,clvr_cost_0.2_intro_0.2_10
359,2,W,6549,Male,clvr_cost_0.2_intro_0.2_10
360,3,W,5791,Male,clvr_cost_0.2_intro_0.2_10
361,4,W,4337,Male,clvr_cost_0.2_intro_0.2_10
362,5,W,3189,Male,clvr_cost_0.2_intro_0.2_10
363,6,W,1821,Male,clvr_cost_0.2_intro_0.2_10
364,7,W,791,Male,clvr_cost_0.2_intro_0.2_10
365,8,W,132,Male,clvr_cost_0.2_intro_0.2_10
366,9,W,11,Male,clvr_cost_0.2_intro_0.2_10
367,10,W,1,Male,clvr_cost_0.2_intro_0.2_10
368,11,W,0,Male,clvr_cost_0.2_intro_0.2_10
369,12,W,0,Male,clvr_cost_0.2_intro_0.2_10
370,13,W,0,Male,clvr_cost_0.2_intro_0.2_10
371,14,W,0,Male,clvr_cost_0.2_intro_0.2_10
372,15,W,0,Male,clvr_cost_0.2_intro_0.2_10
373,16,W,0,Male,clvr_cost_0.2_intro_0.2_10
374,17,W,0,Male,clvr_cost_0.2_intro_0.2_10
375,18,W,0,Male,clvr_cost_0.2_intro_0.2_10
376,19,W,0,Male,clvr_cost_0.2_intro_0.2_10
377,20,W,0,Male,clvr_cost_0.2_intro_0.2_10
378,21,W,0,Male,clvr_cost_0.2_intro_0.2_10
379,22,W,0,Male,clvr_cost_0.2_intro_0.2_10
380,23,W,0,Male,clvr_cost_0.2_intro_0.2_10
381,24,W,0,Male,clvr_cost_0.2_intro_0.2_10
382,25,W,0,Male,clvr_cost_0.2_intro_0.2_10
383,26,W,0,Male,clvr_cost_0.2_intro_0.2_10
384,27,W,0,Male,clvr_cost_0.2_intro_0.2_10
385,28,W,0,Male,clvr_cost_0.2_intro_0.2_10
386,29,W,0,Male,clvr_cost_0.2_intro_0.2_10
387,30,W,0,Male,clvr_cost_0.2_intro_0.2_10
388,31,W,0,Male,clvr_cost_0.2_intro_0.2_10
389,32,W,0,Male,clvr_cost_0.2_intro_0.2_10
390,33,W,0,Male,clvr_cost_0.2_intro_0.2_10
391,34,W,0,Male,clvr_cost_0.2_intro_0.2_10
392,35,W,0,Male,clvr_cost_0.2_intro_0.2_10
393,36,W,0,Male,clvr_cost_0.2_intro_0.2_10
394,37,W,0,Male,clvr_cost_0.2_intro_0.2_10
395,38,W,0,Male,clvr_cost_0.2_intro_0.2_10
396,39,W,0,Male,clvr_cost_0.2_intro_0.2_10
397,40,W,0,Male,clvr_cost_0.2_intro_0.2_10
398,41,W,0,Male,clvr_cost_0.2_intro_0.2_10
399,42,W,0,Male,clvr_cost_0.2_intro_0.2_10
400,43,W,0,Male,clvr_cost_0.2_intro_0.2_10
401,44,W,0,Male,clvr_cost_0.2_intro_0.2_10
402,45,W,0,Male,clvr_cost_0.2_intro_0.2_10
403,46,W,0,Male,clvr_cost_0.2_intro_0.2_10
404,47,W,0,Male,clvr_cost_0.2_intro_0.2_10
405,48,W,0,Male,clvr_cost_0.2_intro_0.2_10
406,49,W,0,Male,clvr_cost_0.2_intro_0.2_10
407,50,W,0,Male,clvr_cost_0.2_intro_0.2_10
,Generation,Allele,Count,Sex,Run
0,0,C,0,Female,clvr_cost_0.4_intro_0.2_1
1,1,C,1284,Female,clvr_cost_0.4_intro_0.2_1
2,2,C,1479,Female,clvr_cost_0.4_intro_0.2_1
3,3,C,1730,Female,clvr_cost_0.4_intro_0.2_1
4,4,C,1906,Female,clvr_cost_0.4_intro_0.2_1
5,5,C,2330,Female,clvr_cost_0.4_intro_0.2_1
6,6,C,2547,Female,clvr_cost_0.4_intro_0.2_1
7,7,C,2924,Female,clvr_cost_0.4_intro_0.2_1
8,8,C,3343,Female,clvr_cost_0.4_intro_0.2_1
9,9,C,4074,Female,clvr_cost_0.4_intro_0.2_1
10,10,C,4453,Female,clvr_cost_0.4_intro_0.2_1
11,11,C,5020,Female,clvr_cost_0.4_intro_0.2_1
12,12,C,5086,Female,clvr_cost_0.4_intro_0.2_1
13,13,C,4876,Female,clvr_cost_0.4_intro_0.2_1
14,14,C,4928,Female,clvr_cost_0.4_intro_0.2_1
15,15,C,4924,Female,clvr_cost_0.4_intro_0.2_1
16,16,C,5000,Female,clvr_cost_0.4_intro_0.2_1
17,17,C,5252,Female,clvr_cost_0.4_intro_0.2_1
18,18,C,5142,Female,clvr_cost_0.4_intro_0.2_1
19,19,C,5052,Female,clvr_cost_0.4_intro_0.2_1
20,20,C,4934,Female,clvr_cost_0.4_intro_0.2_1
21,21,C,5098,Female,clvr_cost_0.4_intro_0.2_1
22,22,C,5028,Female,clvr_cost_0.4_intro_0.2_1
23,23,C,5156,Female,clvr_cost_0.4_intro_0.2_1
24,24,C,5246,Female,clvr_cost_0.4_intro_0.2_1
25,25,C,5192,Female,clvr_cost_0.4_intro_0.2_1
26,26,C,5126,Female,clvr_cost_0.4_intro_0.2_1
27,27,C,5150,Female,clvr_cost_0.4_intro_0.2_1
28,28,C,4922,Female,clvr_cost_0.4_intro_0.2_1
29,29,C,5118,Female,clvr_cost_0.4_intro_0.2_1
30,30,C,4952,Female,clvr_cost_0.4_intro_0.2_1
31,31,C,4970,Female,clvr_cost_0.4_intro_0.2_1
32,32,C,5042,Female,clvr_cost_0.4_intro_0.2_1
33,33,C,5040,Female,clvr_cost_0.4_intro_0.2_1
34,34,C,4968,Female,clvr_cost_0.4_intro_0.2_1
35,35,C,5244,Female,clvr_cost_0.4_intro_0.2_1
36,36,C,5190,Female,clvr_cost_0.4_intro_0.2_1
37,37,C,5024,Female,clvr_cost_0.4_intro_0.2_1
38,38,C,5098,Female,clvr_cost_0.4_intro_0.2_1
39,39,C,5134,Female,clvr_cost_0.4_intro_0.2_1
40,40,C,4908,Female,clvr_cost_0.4_intro_0.2_1
41,41,C,4928,Female,clvr_cost_0.4_intro_0.2_1
42,42,C,4970,Female,clvr_cost_0.4_intro_0.2_1
43,43,C,5028,Female,clvr_cost_0.4_intro_0.2_1
44,44,C,5178,Female,clvr_cost_0.4_intro_0.2_1
45,45,C,5092,Female,clvr_cost_0.4_intro_0.2_1
46,46,C,5078,Female,clvr_cost_0.4_intro_0.2_1
47,47,C,5158,Female,clvr_cost_0.4_intro_0.2_1
48,48,C,4944,Female,clvr_cost_0.4_intro_0.2_1
49,49,C,5184,Female,clvr_cost_0.4_intro_0.2_1
50,50,C,5178,Female,clvr_cost_0.4_intro_0.2_1
51,0,A,10000,Female,clvr_cost_0.4_intro_0.2_1
52,1,A,7390,Female,clvr_cost_0.4_intro_0.2_1
53,2,A,6313,Female,clvr_cost_0.4_intro_0.2_1
54,3,A,5424,Female,clvr_cost_0.4_intro_0.2_1
55,4,A,4578,Female,clvr_cost_0.4_intro_0.2_1
56,5,A,3832,Female,clvr_cost_0.4_intro_0.2_1
57,6,A,2651,Female,clvr_cost_0.4_intro_0.2_1
58,7,A,1684,Female,clvr_cost_0.4_intro_0.2_1
59,8,A,801,Female,clvr_cost_0.4_intro_0.2_1
60,9,A,242,Female,clvr_cost_0.4_intro_0.2_1
61,10,A,35,Female,clvr_cost_0.4_intro_0.2_1
62,11,A,0,Female,clvr_cost_0.4_intro_0.2_1
63,12,A,0,Female,clvr_cost_0.4_intro_0.2_1
64,13,A,0,Female,clvr_cost_0.4_intro_0.2_1
65,14,A,0,Female,clvr_cost_0.4_intro_0.2_1
66,15,A,0,Female,clvr_cost_0.4_intro_0.2_1
67,16,A,0,Female,clvr_cost_0.4_intro_0.2_1
68,17,A,0,Female,clvr_cost_0.4_intro_0.2_1
69,18,A,0,Female,clvr_cost_0.4_intro_0.2_1
70,19,A,0,Female,clvr_cost_0.4_intro_0.2_1
71,20,A,0,Female,clvr_cost_0.4_intro_0.2_1
72,21,A,0,Female,clvr_cost_0.4_intro_0.2_1
73,22,A,0,Female,clvr_cost_0.4_intro_0.2_1
74,23,A,0,Female,clvr_cost_0.4_intro_0.2_1
75,24,A,0,Female,clvr_cost_0.4_intro_0.2_1
76,25,A,0,Female,clvr_cost_0.4_intro_0.2_1
77,26,A,0,Female,clvr_cost_0.4_intro_0.2_1
78,27,A,0,Female,clvr_cost_0.4_intro_0.2_1
79,28,A,0,Female,clvr_cost_0.4_intro_0.2_1
80,29,A,0,Female,clvr_cost_0.4_intro_0.2_1
81,30,A,0,Female,clvr_cost_0.4_intro_0.2_1
82,31,A,0,Female,clvr_cost_0.4_intro_0.2_1
83,32,A,0,Female,clvr_cost_0.4_intro_0.2_1
84,33,A,0,Female,clvr_cost_0.4_intro_0.2_1
85,34,A,0,Female,clvr_cost_0.4_intro_0.2_1
86,35,A,0,Female,clvr_cost_0.4_intro_0.2_1
87,36,A,0,Female,clvr_cost_0.4_intro_0.2_1
88,37,A,0,Female,clvr_cost_0.4_intro_0.2_1
89,38,A,0,Female,clvr_cost_0.4_intro_0.2_1
90,39,A,0,Female,clvr_cost_0.4_intro_0.2_1
91,40,A,0,Female,clvr_cost_0.4_intro_0.2_1
92,41,A,0,Female,clvr_cost_0.4_intro_0.2_1
93,42,A,0,Female,clvr_cost_0.4_intro_0.2_1
94,43,A,0,Female,clvr_cost_0.4_intro_0.2_1
95,44,A,0,Female,clvr_cost_0.4_intro_0.2_1
96,45,A,0,Female,clvr_cost_0.4_intro_0.2_1
97,46,A,0,Female,clvr_cost_0.4_intro_0.2_1
98,47,A,0,Female,clvr_cost_0.4_intro_0.2_1
99,48,A,0,Female,clvr_cost_0.4_intro_0.2_1
100,49,A,0,Female,clvr_cost_0.4_intro_0.2_1
101,50,A,0,Female,clvr_cost_0.4_intro_0.2_1
102,0,V,0,Female,clvr_cost_0.4_intro_0.2_1
103,1,V,1284,Female,clvr_cost_0.4_intro_0.2_1
104,2,V,1504,Female,clvr_cost_0.4_intro_0.2_1
105,3,V,1766,Female,clvr_cost_0.4_intro_0.2_1
106,4,V,1943,Female,clvr_cost_0.4_intro_0.2_1
107,5,V,2391,Female,clvr_cost_0.4_intro_0.2_1
108,6,V,2602,Female,clvr_cost_0.4_intro_0.2_1
109,7,V,2957,Female,clvr_cost_0.4_intro_0.2_1
110,8,V,3380,Female,clvr_cost_0.4_intro_0.2_1
111,9,V,4096,Female,clvr_cost_0.4_intro_0.2_1
112,10,V,4462,Female,clvr_cost_0.4_intro_0.2_1
113,11,V,5020,Female,clvr_cost_0.4_intro_0.2_1
114,12,V,5086,Female,clvr_cost_0.4_intro_0.2_1
115,13,V,4876,Female,clvr_cost_0.4_intro_0.2_1
116,14,V,4928,Female,clvr_cost_0.4_intro_0.2_1
117,15,V,4924,Female,clvr_cost_0.4_intro_0.2_1
118,16,V,5000,Female,clvr_cost_0.4_intro_0.2_1
119,17,V,5252,Female,clvr_cost_0.4_intro_0.2_1
120,18,V,5142,Female,clvr_cost_0.4_intro_0.2_1
121,19,V,5052,Female,clvr_cost_0.4_intro_0.2_1
122,20,V,4934,Female,clvr_cost_0.4_intro_0.2_1
123,21,V,5098,Female,clvr_cost_0.4_intro_0.2_1
124,22,V,5028,Female,clvr_cost_0.4_intro_0.2_1
125,23,V,5156,Female,clvr_cost_0.4_intro_0.2_1
126,24,V,5246,Female,clvr_cost_0.4_intro_0.2_1
127,25,V,5192,Female,clvr_cost_0.4_intro_0.2_1
128,26,V,5126,Female,clvr_cost_0.4_intro_0.2_1
129,27,V,5150,Female,clvr_cost_0.4_intro_0.2_1
130,28,V,4922,Female,clvr_cost_0.4_intro_0.2_1
131,29,V,5118,Female,clvr_cost_0.4_intro_0.2_1
132,30,V,4952,Female,clvr_cost_0.4_intro_0.2_1
133,31,V,4970,Female,clvr_cost_0.4_intro_0.2_1
134,32,V,5042,Female,clvr_cost_0.4_intro_0.2_1
135,33,V,5040,Female,clvr_cost_0.4_intro_0.2_1
136,34,V,4968,Female,clvr_cost_0.4_intro_0.2_1
137,35,V,5244,Female,clvr_cost_0.4_intro_0.2_1
138,36,V,5190,Female,clvr_cost_0.4_intro_0.2_1
139,37,V,5024,Female,clvr_cost_0.4_intro_0.2_1
140,38,V,5098,Female,clvr_cost_0.4_intro_0.2_1
141,39,V,5134,Female,clvr_cost_0.4_intro_0.2_1
142,40,V,4908,Female,clvr_cost_0.4_intro_0.2_1
143,41,V,4928,Female,clvr_cost_0.4_intro_0.2_1
144,42,V,4970,Female,clvr_cost_0.4_intro_0.2_1
145,43,V,5028,Female,clvr_cost_0.4_intro_0.2_1
146,44,V,5178,Female,clvr_cost_0.4_intro_0.2_1
147,45,V,5092,Female,clvr_cost_0.4_intro_0.2_1
148,46,V,5078,Female,clvr_cost_0.4_intro_0.2_1
149,47,V,5158,Female,clvr_cost_0.4_intro_0.2_1
150,48,V,4944,Female,clvr_cost_0.4_intro_0.2_1
151,49,V,5184,Female,clvr_cost_0.4_intro_0.2_1
152,50,V,5178,Female,clvr_cost_0.4_intro_0.2_1
153,0,W,10000,Female,clvr_cost_0.4_intro_0.2_1
154,1,W,7390,Female,clvr_cost_0.4_intro_0.2_1
155,2,W,6288,Female,clvr_cost_0.4_intro_0.2_1
156,3,W,5388,Female,clvr_cost_0.4_intro_0.2_1
157,4,W,4541,Female,clvr_cost_0.4_intro_0.2_1
158,5,W,3771,Female,clvr_cost_0.4_intro_0.2_1
159,6,W,2596,Female,clvr_cost_0.4_intro_0.2_1
160,7,W,1651,Female,clvr_cost_0.4_intro_0.2_1
161,8,W,764,Female,clvr_cost_0.4_intro_0.2_1
162,9,W,220,Female,clvr_cost_0.4_intro_0.2_1
163,10,W,26,Female,clvr_cost_0.4_intro_0.2_1
164,11,W,0,Female,clvr_cost_0.4_intro_0.2_1
165,12,W,0,Female,clvr_cost_0.4_intro_0.2_1
166,13,W,0,Female,clvr_cost_0.4_intro_0.2_1
167,14,W,0,Female,clvr_cost_0.4_intro_0.2_1
168,15,W,0,Female,clvr_cost_0.4_intro_0.2_1
169,16,W,0,Female,clvr_cost_0.4_intro_0.2_1
170,17,W,0,Female,clvr_cost_0.4_intro_0.2_1
171,18,W,0,Female,clvr_cost_0.4_intro_0.2_1
172,19,W,0,Female,clvr_cost_0.4_intro_0.2_1
173,20,W,0,Female,clvr_cost_0.4_intro_0.2_1
174,21,W,0,Female,clvr_cost_0.4_intro_0.2_1
175,22,W,0,Female,clvr_cost_0.4_intro_0.2_1
176,23,W,0,Female,clvr_cost_0.4_intro_0.2_1
177,24,W,0,Female,clvr_cost_0.4_intro_0.2_1
178,25,W,0,Female,clvr_cost_0.4_intro_0.2_1
179,26,W,0,Female,clvr_cost_0.4_intro_0.2_1
180,27,W,0,Female,clvr_cost_0.4_intro_0.2_1
181,28,W,0,Female,clvr_cost_0.4_intro_0.2_1
182,29,W,0,Female,clvr_cost_0.4_intro_0.2_1
183,30,W,0,Female,clvr_cost_0.4_intro_0.2_1
184,31,W,0,Female,clvr_cost_0.4_intro_0.2_1
185,32,W,0,Female,clvr_cost_0.4_intro_0.2_1
186,33,W,0,Female,clvr_cost_0.4_intro_0.2_1
187,34,W,0,Female,clvr_cost_0.4_intro_0.2_1
188,35,W,0,Female,clvr_cost_0.4_intro_0.2_1
189,36,W,0,Female,clvr_cost_0.4_intro_0.2_1
190,37,W,0,Female,clvr_cost_0.4_intro_0.2_1
191,38,W,0,Female,clvr_cost_0.4_intro_0.2_1
192,39,W,0,Female,clvr_cost_0.4_intro_0.2_1
193,40,W,0,Female,clvr_cost_0.4_intro_0.2_1
194,41,W,0,Female,clvr_cost_0.4_intro_0.2_1
195,42,W,0,Female,clvr_cost_0.4_intro_0.2_1
196,43,W,0,Female,clvr_cost_0.4_intro_0.2_1
197,44,W,0,Female,clvr_cost_0.4_intro_0.2_1
198,45,W,0,Female,clvr_cost_0.4_intro_0.2_1
199,46,W,0,Female,clvr_cost_0.4_intro_0.2_1
200,47,W,0,Female,clvr_cost_0.4_intro_0.2_1
201,48,W,0,Female,clvr_cost_0.4_intro_0.2_1
202,49,W,0,Female,clvr_cost_0.4_intro_0.2_1
203,50,W,0,Female,clvr_cost_0.4_intro_0.2_1
204,0,C,4000,Male,clvr_cost_0.4_intro_0.2_1
205,1,C,1269,Male,clvr_cost_0.4_intro_0.2_1
206,2,C,1489,Male,clvr_cost_0.4_intro_0.2_1
207,3,C,1707,Male,clvr_cost_0.4_intro_0.2_1
208,4,C,2001,Male,clvr_cost_0.4_intro_0.2_1
209,5,C,2329,Male,clvr_cost_0.4_intro_0.2_1
210,6,C,2671,Male,clvr_cost_0.4_intro_0.2_1
211,7,C,3036,Male,clvr_cost_0.4_intro_0.2_1
212,8,C,3463,Male,clvr_cost_0.4_intro_0.2_1
213,9,C,4100,Male,clvr_cost_0.4_intro_0.2_1
214,10,C,4692,Male,clvr_cost_0.4_intro_0.2_1
215,11,C,5047,Male,clvr_cost_0.4_intro_0.2_1
216,12,C,5404,Male,clvr_cost_0.4_intro_0.2_1
217,13,C,5196,Male,clvr_cost_0.4_intro_0.2_1
218,14,C,4948,Male,clvr_cost_0.4_intro_0.2_1
219,15,C,5242,Male,clvr_cost_0.4_intro_0.2_1
220,16,C,5004,Male,clvr_cost_0.4_intro_0.2_1
221,17,C,5296,Male,clvr_cost_0.4_intro_0.2_1
222,18,C,5260,Male,clvr_cost_0.4_intro_0.2_1
223,19,C,5222,Male,clvr_cost_0.4_intro_0.2_1
224,20,C,5148,Male,clvr_cost_0.4_intro_0.2_1
225,21,C,5170,Male,clvr_cost_0.4_intro_0.2_1
226,22,C,5104,Male,clvr_cost_0.4_intro_0.2_1
227,23,C,5232,Male,clvr_cost_0.4_intro_0.2_1
228,24,C,5380,Male,clvr_cost_0.4_intro_0.2_1
229,25,C,5226,Male,clvr_cost_0.4_intro_0.2_1
230,26,C,5210,Male,clvr_cost_0.4_intro_0.2_1
231,27,C,5202,Male,clvr_cost_0.4_intro_0.2_1
232,28,C,5074,Male,clvr_cost_0.4_intro_0.2_1
233,29,C,5292,Male,clvr_cost_0.4_intro_0.2_1
234,30,C,5014,Male,clvr_cost_0.4_intro_0.2_1
235,31,C,5138,Male,clvr_cost_0.4_intro_0.2_1
236,32,C,5090,Male,clvr_cost_0.4_intro_0.2_1
237,33,C,5170,Male,clvr_cost_0.4_intro_0.2_1
238,34,C,5098,Male,clvr_cost_0.4_intro_0.2_1
239,35,C,5274,Male,clvr_cost_0.4_intro_0.2_1
240,36,C,5360,Male,clvr_cost_0.4_intro_0.2_1
241,37,C,5264,Male,clvr_cost_0.4_intro_0.2_1
242,38,C,5284,Male,clvr_cost_0.4_intro_0.2_1
243,39,C,5146,Male,clvr_cost_0.4_intro_0.2_1
244,40,C,5374,Male,clvr_cost_0.4_intro_0.2_1
245,41,C,5020,Male,clvr_cost_0.4_intro_0.2_1
246,42,C,5134,Male,clvr_cost_0.4_intro_0.2_1
247,43,C,5036,Male,clvr_cost_0.4_intro_0.2_1
248,44,C,5244,Male,clvr_cost_0.4_intro_0.2_1
249,45,C,5132,Male,clvr_cost_0.4_intro_0.2_1
250,46,C,5092,Male,clvr_cost_0.4_intro_0.2_1
251,47,C,5338,Male,clvr_cost_0.4_intro_0.2_1
252,48,C,5138,Male,clvr_cost_0.4_intro_0.2_1
253,49,C,5202,Male,clvr_cost_0.4_intro_0.2_1
254,50,C,5232,Male,clvr_cost_0.4_intro_0.2_1
255,0,A,10000,Male,clvr_cost_0.4_intro_0.2_1
256,1,A,7415,Male,clvr_cost_0.4_intro_0.2_1
257,2,A,6443,Male,clvr_cost_0.4_intro_0.2_1
258,3,A,5607,Male,clvr_cost_0.4_intro_0.2_1
259,4,A,4567,Male,clvr_cost_0.4_intro_0.2_1
260,5,A,3909,Male,clvr_cost_0.4_intro_0.2_1
261,6,A,2745,Male,clvr_cost_0.4_intro_0.2_1
262,7,A,1702,Male,clvr_cost_0.4_intro_0.2_1
263,8,A,813,Male,clvr_cost_0.4_intro_0.2_1
264,9,A,274,Male,clvr_cost_0.4_intro_0.2_1
265,10,A,32,Male,clvr_cost_0.4_intro_0.2_1
266,11,A,3,Male,clvr_cost_0.4_intro_0.2_1
267,12,A,0,Male,clvr_cost_0.4_intro_0.2_1
268,13,A,0,Male,clvr_cost_0.4_intro_0.2_1
269,14,A,0,Male,clvr_cost_0.4_intro_0.2_1
270,15,A,0,Male,clvr_cost_0.4_intro_0.2_1
271,16,A,0,Male,clvr_cost_0.4_intro_0.2_1
272,17,A,0,Male,clvr_cost_0.4_intro_0.2_1
273,18,A,0,Male,clvr_cost_0.4_intro_0.2_1
274,19,A,0,Male,clvr_cost_0.4_intro_0.2_1
275,20,A,0,Male,clvr_cost_0.4_intro_0.2_1
276,21,A,0,Male,clvr_cost_0.4_intro_0.2_1
277,22,A,0,Male,clvr_cost_0.4_intro_0.2_1
278,23,A,0,Male,clvr_cost_0.4_intro_0.2_1
279,24,A,0,Male,clvr_cost_0.4_intro_0.2_1
280,25,A,0,Male,clvr_cost_0.4_intro_0.2_1
281,26,A,0,Male,clvr_cost_0.4_intro_0.2_1
282,27,A,0,Male,clvr_cost_0.4_intro_0.2_1
283,28,A,0,Male,clvr_cost_0.4_intro_0.2_1
284,29,A,0,Male,clvr_cost_0.4_intro_0.2_1
285,30,A,0,Male,clvr_cost_0.4_intro_0.2_1
286,31,A,0,Male,clvr_cost_0.4_intro_0.2_1
287,32,A,0,Male,clvr_cost_0.4_intro_0.2_1
288,33,A,0,Male,clvr_cost_0.4_intro_0.2_1
289,34,A,0,Male,clvr_cost_0.4_intro_0.2_1
290,35,A,0,Male,clvr_cost_0.4_intro_0.2_1
291,36,A,0,Male,clvr_cost_0.4_intro_0.2_1
292,37,A,0,Male,clvr_cost_0.4_intro_0.2_1
293,38,A,0,Male,clvr_cost_0.4_intro_0.2_1
294,39,A,0,Male,clvr_cost_0.4_intro_0.2_1
295,40,A,0,Male,clvr_cost_0.4_intro_0.2_1
296,41,A,0,Male,clvr_cost_0.4_intro_0.2_1
297,42,A,0,Male,clvr_cost_0.4_intro_0.2_1
298,43,A,0,Male,clvr_cost_0.4_intro_0.2_1
299,44,A,0,Male,clvr_cost_0.4_intro_0.2_1
300,45,A,0,Male,clvr_cost_0.4_intro_0.2_1
301,46,A,0,Male,clvr_cost_0.4_intro_0.2_1
302,47,A,0,Male,clvr_cost_0.4_intro_0.2_1
303,48,A,0,Male,clvr_cost_0.4_intro_0.2_1
304,49,A,0,Male,clvr_cost_0.4_intro_0.2_1
305,50,A,0,Male,clvr_cost_0.4_intro_0.2_1
306,0,V,4000,Male,clvr_cost_0.4_intro_0.2_1
307,1,V,1269,Male,clvr_cost_0.4_intro_0.2_1
308,2,V,1518,Male,clvr_cost_0.4_intro_0.2_1
309,3,V,1756,Male,clvr_cost_0.4_intro_0.2_1
310,4,V,2047,Male,clvr_cost_0.4_intro_0.2_1
311,5,V,2379,Male,clvr_cost_0.4_intro_0.2_1
312,6,V,2723,Male,clvr_cost_0.4_intro_0.2_1
313,7,V,3093,Male,clvr_cost_0.4_intro_0.2_1
314,8,V,3500,Male,clvr_cost_0.4_intro_0.2_1
315,9,V,4130,Male,clvr_cost_0.4_intro_0.2_1
316,10,V,4697,Male,clvr_cost_0.4_intro_0.2_1
317,11,V,5048,Male,clvr_cost_0.4_intro_0.2_1
318,12,V,5404,Male,clvr_cost_0.4_intro_0.2_1
319,13,V,5196,Male,clvr_cost_0.4_intro_0.2_1
320,14,V,4948,Male,clvr_cost_0.4_intro_0.2_1
321,15,V,5242,Male,clvr_cost_0.4_intro_0.2_1
322,16,V,5004,Male,clvr_cost_0.4_intro_0.2_1
323,17,V,5296,Male,clvr_cost_0.4_intro_0.2_1
324,18,V,5260,Male,clvr_cost_0.4_intro_0.2_1
325,19,V,5222,Male,clvr_cost_0.4_intro_0.2_1
326,20,V,5148,Male,clvr_cost_0.4_intro_0.2_1
327,21,V,5170,Male,clvr_cost_0.4_intro_0.2_1
328,22,V,5104,Male,clvr_cost_0.4_intro_0.2_1
329,23,V,5232,Male,clvr_cost_0.4_intro_0.2_1
330,24,V,5380,Male,clvr_cost_0.4_intro_0.2_1
331,25,V,5226,Male,clvr_cost_0.4_intro_0.2_1
332,26,V,5210,Male,clvr_cost_0.4_intro_0.2_1
333,27,V,5202,Male,clvr_cost_0.4_intro_0.2_1
334,28,V,5074,Male,clvr_cost_0.4_intro_0.2_1
335,29,V,5292,Male,clvr_cost_0.4_intro_0.2_1
336,30,V,5014,Male,clvr_cost_0.4_intro_0.2_1
337,31,V,5138,Male,clvr_cost_0.4_intro_0.2_1
338,32,V,5090,Male,clvr_cost_0.4_intro_0.2_1
339,33,V,5170,Male,clvr_cost_0.4_intro_0.2_1
340,34,V,5098,Male,clvr_cost_0.4_intro_0.2_1
341,35,V,5274,Male,clvr_cost_0.4_intro_0.2_1
342,36,V,5360,Male,clvr_cost_0.4_intro_0.2_1
343,37,V,5264,Male,clvr_cost_0.4_intro_0.2_1
344,38,V,5284,Male,clvr_cost_0.4_intro_0.2_1
345,39,V,5146,Male,clvr_cost_0.4_intro_0.2_1
346,40,V,5374,Male,clvr_cost_0.4_intro_0.2_1
347,41,V,5020,Male,clvr_cost_0.4_intro_0.2_1
348,42,V,5134,Male,clvr_cost_0.4_intro_0.2_1
349,43,V,5036,Male,clvr_cost_0.4_intro_0.2_1
350,44,V,5244,Male,clvr_cost_0.4_intro_0.2_1
351,45,V,5132,Male,clvr_cost_0.4_intro_0.2_1
352,46,V,5092,Male,clvr_cost_0.4_intro_0.2_1
353,47,V,5338,Male,clvr_cost_0.4_intro_0.2_1
354,48,V,5138,Male,clvr_cost_0.4_intro_0.2_1
355,49,V,5202,Male,clvr_cost_0.4_intro_0.2_1
356,50,V,5232,Male,clvr_cost_0.4_intro_0.2_1
357,0,W,10000,Male,clvr_cost_0.4_intro_0.2_1
358,1,W,7415,Male,clvr_cost_0.4_intro_0.2_1
359,2,W,6414,Male,clvr_cost_0.4_intro_0.2_1
360,3,W,5558,Male,clvr_cost_0.4_intro_0.2_1
361,4,W,4521,Male,clvr_cost_0.4_intro_0.2_1
362,5,W,3859,Male,clvr_cost_0.4_intro_0.2_1
363,6,W,2693,Male,clvr_cost_0.4_intro_0.2_1
364,7,W,1645,Male,clvr_cost_0.4_intro_0.2_1
365,8,W,776,Male,clvr_cost_0.4_intro_0.2_1
366,9,W,244,Male,clvr_cost_0.4_intro_0.2_1
367,10,W,27,Male,clvr_cost_0.4_intro_0.2_1
368,11,W,2,Male,clvr_cost_0.4_intro_0.2_1
369,12,W,0,Male,clvr_cost_0.4_intro_0.2_1
370,13,W,0,Male,clvr_cost_0.4_intro_0.2_1
371,14,W,0,Male,clvr_cost_0.4_intro_0.2_1
372,15,W,0,Male,clvr_cost_0.4_intro_0.2_1
373,16,W,0,Male,clvr_cost_0.4_intro_0.2_1
374,17,W,0,Male,clvr_cost_0.4_intro_0.2_1
375,18,W,0,Male,clvr_cost_0.4_intro_0.2_1
376,19,W,0,Male,clvr_cost_0.4_intro_0.2_1
377,20,W,0,Male,clvr_cost_0.4_intro_0.2_1
378,21,W,0,Male,clvr_cost_0.4_intro_0.2_1
379,22,W,0,Male,clvr_cost_0.4_intro_0.2_1
380,23,W,0,Male,clvr_cost_0.4_intro_0.2_1
381,24,W,0,Male,clvr_cost_0.4_intro_0.2_1
382,25,W,0,Male,clvr_cost_0.4_intro_0.2_1
383,26,W,0,Male,clvr_cost_0.4_intro_0.2_1
384,27,W,0,Male,clvr_cost_0.4_intro_0.2_1
385,28,W,0,Male,clvr_cost_0.4_intro_0.2_1
386,29,W,0,Male,clvr_cost_0.4_intro_0.2_1
387,30,W,0,Male,clvr_cost_0.4_intro_0.2_1
388,31,W,0,Male,clvr_cost_0.4_intro_0.2_1
389,32,W,0,Male,clvr_cost_0.4_intro_0.2_1
390,33,W,0,Male,clvr_cost_0.4_intro_0.2_1
391,34,W,0,Male,clvr_cost_0.4_intro_0.2_1
392,35,W,0,Male,clvr_cost_0.4_intro_0.2_1
393,36,W,0,Male,clvr_cost_0.4_intro_0.2_1
394,37,W,0,Male,clvr_cost_0.4_intro_0.2_1
395,38,W,0,Male,clvr_cost_0.4_intro_0.2_1
396,39,W,0,Male,clvr_cost_0.4_intro_0.2_1
397,40,W,0,Male,clvr_cost_0.4_intro_0.2_1
398,41,W,0,Male,clvr_cost_0.4_intro_0.2_1
399,42,W,0,Male,clvr_cost_0.4_intro_0.2_1
400,43,W,0,Male,clvr_cost_0.4_intro_0.2_1
401,44,W,0,Male,clvr_cost_0.4_intro_0.2_1
402,45,W,0,Male,clvr_cost_0.4_intro_0.2_1
403,46,W,0,Male,clvr_cost_0.4_intro_0.2_1
404,47,W,0,Male,clvr_cost_0.4_intro_0.2_1
405,48,W,0,Male,clvr_cost_0.4_intro_0.2_1
406,49,W,0,Male,clvr_cost_0.4_intro_0.2_1
407,50,W,0,Male,clvr_cost_0.4_intro_0.2_1
,Generation,Allele,Count,Sex,Run
0,0,C,0,Female,clvr_cost_0.4_intro_0.2_2
1,1,C,1220,Female,clvr_cost_0.4_intro_0.2_2
2,2,C,1284,Female,clvr_cost_0.4_intro_0.2_2
3,3,C,1602,Female,clvr_cost_0.4_intro_0.2_2
4,4,C,1880,Female,clvr_cost_0.4_intro_0.2_2
5,5,C,2151,Female,clvr_cost_0.4_intro_0.2_2
6,6,C,2602,Female,clvr_cost_0.4_intro_0.2_2
7,7,C,2914,Female,clvr_cost_0.4_intro_0.2_2
8,8,C,3384,Female,clvr_cost_0.4_intro_0.2_2
9,9,C,3802,Female,clvr_cost_0.4_intro_0.2_2
10,10,C,4491,Female,clvr_cost_0.4_intro_0.2_2
11,11,C,4724,Female,clvr_cost_0.4_intro_0.2_2
12,12,C,4946,Female,clvr_cost_0.4_intro_0.2_2
13,13,C,4984,Female,clvr_cost_0.4_intro_0.2_2
14,14,C,4946,Female,clvr_cost_0.4_intro_0.2_2
15,15,C,5156,Female,clvr_cost_0.4_intro_0.2_2
16,16,C,5154,Female,clvr_cost_0.4_intro_0.2_2
17,17,C,5060,Female,clvr_cost_0.4_intro_0.2_2
18,18,C,4970,Female,clvr_cost_0.4_intro_0.2_2
19,19,C,4990,Female,clvr_cost_0.4_intro_0.2_2
20,20,C,5070,Female,clvr_cost_0.4_intro_0.2_2
21,21,C,5170,Female,clvr_cost_0.4_intro_0.2_2
22,22,C,5186,Female,clvr_cost_0.4_intro_0.2_2
23,23,C,5208,Female,clvr_cost_0.4_intro_0.2_2
24,24,C,5192,Female,clvr_cost_0.4_intro_0.2_2
25,25,C,5048,Female,clvr_cost_0.4_intro_0.2_2
26,26,C,5184,Female,clvr_cost_0.4_intro_0.2_2
27,27,C,5222,Female,clvr_cost_0.4_intro_0.2_2
28,28,C,5002,Female,clvr_cost_0.4_intro_0.2_2
29,29,C,5070,Female,clvr_cost_0.4_intro_0.2_2
30,30,C,5110,Female,clvr_cost_0.4_intro_0.2_2
31,31,C,5082,Female,clvr_cost_0.4_intro_0.2_2
32,32,C,4668,Female,clvr_cost_0.4_intro_0.2_2
33,33,C,4808,Female,clvr_cost_0.4_intro_0.2_2
34,34,C,4944,Female,clvr_cost_0.4_intro_0.2_2
35,35,C,5132,Female,clvr_cost_0.4_intro_0.2_2
36,36,C,4966,Female,clvr_cost_0.4_intro_0.2_2
37,37,C,4946,Female,clvr_cost_0.4_intro_0.2_2
38,38,C,5150,Female,clvr_cost_0.4_intro_0.2_2
39,39,C,5036,Female,clvr_cost_0.4_intro_0.2_2
40,40,C,4974,Female,clvr_cost_0.4_intro_0.2_2
41,41,C,5202,Female,clvr_cost_0.4_intro_0.2_2
42,42,C,5304,Female,clvr_cost_0.4_intro_0.2_2
43,43,C,5132,Female,clvr_cost_0.4_intro_0.2_2
44,44,C,5152,Female,clvr_cost_0.4_intro_0.2_2
45,45,C,5168,Female,clvr_cost_0.4_intro_0.2_2
46,46,C,5012,Female,clvr_cost_0.4_intro_0.2_2
47,47,C,5058,Female,clvr_cost_0.4_intro_0.2_2
48,48,C,5372,Female,clvr_cost_0.4_intro_0.2_2
49,49,C,5192,Female,clvr_cost_0.4_intro_0.2_2
50,50,C,5138,Female,clvr_cost_0.4_intro_0.2_2
51,0,A,10000,Female,clvr_cost_0.4_intro_0.2_2
52,1,A,7300,Female,clvr_cost_0.4_intro_0.2_2
53,2,A,6216,Female,clvr_cost_0.4_intro_0.2_2
54,3,A,5632,Female,clvr_cost_0.4_intro_0.2_2
55,4,A,4806,Female,clvr_cost_0.4_intro_0.2_2
56,5,A,3905,Female,clvr_cost_0.4_intro_0.2_2
57,6,A,2838,Female,clvr_cost_0.4_intro_0.2_2
58,7,A,1688,Female,clvr_cost_0.4_intro_0.2_2
59,8,A,866,Female,clvr_cost_0.4_intro_0.2_2
60,9,A,280,Female,clvr_cost_0.4_intro_0.2_2
61,10,A,65,Female,clvr_cost_0.4_intro_0.2_2
62,11,A,8,Female,clvr_cost_0.4_intro_0.2_2
63,12,A,0,Female,clvr_cost_0.4_intro_0.2_2
64,13,A,0,Female,clvr_cost_0.4_intro_0.2_2
65,14,A,0,Female,clvr_cost_0.4_intro_0.2_2
66,15,A,0,Female,clvr_cost_0.4_intro_0.2_2
67,16,A,0,Female,clvr_cost_0.4_intro_0.2_2
68,17,A,0,Female,clvr_cost_0.4_intro_0.2_2
69,18,A,0,Female,clvr_cost_0.4_intro_0.2_2
70,19,A,0,Female,clvr_cost_0.4_intro_0.2_2
71,20,A,0,Female,clvr_cost_0.4_intro_0.2_2
72,21,A,0,Female,clvr_cost_0.4_intro_0.2_2
73,22,A,0,Female,clvr_cost_0.4_intro_0.2_2
74,23,A,0,Female,clvr_cost_0.4_intro_0.2_2
75,24,A,0,Female,clvr_cost_0.4_intro_0.2_2
76,25,A,0,Female,clvr_cost_0.4_intro_0.2_2
77,26,A,0,Female,clvr_cost_0.4_intro_0.2_2
78,27,A,0,Female,clvr_cost_0.4_intro_0.2_2
79,28,A,0,Female,clvr_cost_0.4_intro_0.2_2
80,29,A,0,Female,clvr_cost_0.4_intro_0.2_2
81,30,A,0,Female,clvr_cost_0.4_intro_0.2_2
82,31,A,0,Female,clvr_cost_0.4_intro_0.2_2
83,32,A,0,Female,clvr_cost_0.4_intro_0.2_2
84,33,A,0,Female,clvr_cost_0.4_intro_0.2_2
85,34,A,0,Female,clvr_cost_0.4_intro_0.2_2
86,35,A,0,Female,clvr_cost_0.4_intro_0.2_2
87,36,A,0,Female,clvr_cost_0.4_intro_0.2_2
88,37,A,0,Female,clvr_cost_0.4_intro_0.2_2
89,38,A,0,Female,clvr_cost_0.4_intro_0.2_2
90,39,A,0,Female,clvr_cost_0.4_intro_0.2_2
91,40,A,0,Female,clvr_cost_0.4_intro_0.2_2
92,41,A,0,Female,clvr_cost_0.4_intro_0.2_2
93,42,A,0,Female,clvr_cost_0.4_intro_0.2_2
94,43,A,0,Female,clvr_cost_0.4_intro_0.2_2
95,44,A,0,Female,clvr_cost_0.4_intro_0.2_2
96,45,A,0,Female,clvr_cost_0.4_intro_0.2_2
97,46,A,0,Female,clvr_cost_0.4_intro_0.2_2
98,47,A,0,Female,clvr_cost_0.4_intro_0.2_2
99,48,A,0,Female,clvr_cost_0.4_intro_0.2_2
100,49,A,0,Female,clvr_cost_0.4_intro_0.2_2
101,50,A,0,Female,clvr_cost_0.4_intro_0.2_2
102,0,V,0,Female,clvr_cost_0.4_intro_0.2_2
103,1,V,1220,Female,clvr_cost_0.4_intro_0.2_2
104,2,V,1320,Female,clvr_cost_0.4_intro_0.2_2
105,3,V,1628,Female,clvr_cost_0.4_intro_0.2_2
106,4,V,1925,Female,clvr_cost_0.4_intro_0.2_2
107,5,V,2201,Female,clvr_cost_0.4_intro_0.2_2
108,6,V,2656,Female,clvr_cost_0.4_intro_0.2_2
109,7,V,2970,Female,clvr_cost_0.4_intro_0.2_2
110,8,V,3427,Female,clvr_cost_0.4_intro_0.2_2
111,9,V,3831,Female,clvr_cost_0.4_intro_0.2_2
112,10,V,4504,Female,clvr_cost_0.4_intro_0.2_2
113,11,V,4726,Female,clvr_cost_0.4_intro_0.2_2
114,12,V,4946,Female,clvr_cost_0.4_intro_0.2_2
115,13,V,4984,Female,clvr_cost_0.4_intro_0.2_2
116,14,V,4946,Female,clvr_cost_0.4_intro_0.2_2
117,15,V,5156,Female,clvr_cost_0.4_intro_0.2_2
118,16,V,5154,Female,clvr_cost_0.4_intro_0.2_2
119,17,V,5060,Female,clvr_cost_0.4_intro_0.2_2
120,18,V,4970,Female,clvr_cost_0.4_intro_0.2_2
121,19,V,4990,Female,clvr_cost_0.4_intro_0.2_2
122,20,V,5070,Female,clvr_cost_0.4_intro_0.2_2
123,21,V,5170,Female,clvr_cost_0.4_intro_0.2_2
124,22,V,5186,Female,clvr_cost_0.4_intro_0.2_2
125,23,V,5208,Female,clvr_cost_0.4_intro_0.2_2
126,24,V,5192,Female,clvr_cost_0.4_intro_0.2_2
127,25,V,5048,Female,clvr_cost_0.4_intro_0.2_2
128,26,V,5184,Female,clvr_cost_0.4_intro_0.2_2
129,27,V,5222,Female,clvr_cost_0.4_intro_0.2_2
130,28,V,5002,Female,clvr_cost_0.4_intro_0.2_2
131,29,V,5070,Female,clvr_cost_0.4_intro_0.2_2
132,30,V,5110,Female,clvr_cost_0.4_intro_0.2_2
133,31,V,5082,Female,clvr_cost_0.4_intro_0.2_2
134,32,V,4668,Female,clvr_cost_0.4_intro_0.2_2
135,33,V,4808,Female,clvr_cost_0.4_intro_0.2_2
136,34,V,4944,Female,clvr_cost_0.4_intro_0.2_2
137,35,V,5132,Female,clvr_cost_0.4_intro_0.2_2
138,36,V,4966,Female,clvr_cost_0.4_intro_0.2_2
139,37,V,4946,Female,clvr_cost_0.4_intro_0.2_2
140,38,V,5150,Female,clvr_cost_0.4_intro_0.2_2
141,39,V,5036,Female,clvr_cost_0.4_intro_0.2_2
142,40,V,4974,Female,clvr_cost_0.4_intro_0.2_2
143,41,V,5202,Female,clvr_cost_0.4_intro_0.2_2
144,42,V,5304,Female,clvr_cost_0.4_intro_0.2_2
145,43,V,5132,Female,clvr_cost_0.4_intro_0.2_2
146,44,V,5152,Female,clvr_cost_0.4_intro_0.2_2
147,45,V,5168,Female,clvr_cost_0.4_intro_0.2_2
148,46,V,5012,Female,clvr_cost_0.4_intro_0.2_2
149,47,V,5058,Female,clvr_cost_0.4_intro_0.2_2
150,48,V,5372,Female,clvr_cost_0.4_intro_0.2_2
151,49,V,5192,Female,clvr_cost_0.4_intro_0.2_2
152,50,V,5138,Female,clvr_cost_0.4_intro_0.2_2
153,0,W,10000,Female,clvr_cost_0.4_intro_0.2_2
154,1,W,7300,Female,clvr_cost_0.4_intro_0.2_2
155,2,W,6180,Female,clvr_cost_0.4_intro_0.2_2
156,3,W,5606,Female,clvr_cost_0.4_intro_0.2_2
157,4,W,4761,Female,clvr_cost_0.4_intro_0.2_2
158,5,W,3855,Female,clvr_cost_0.4_intro_0.2_2
159,6,W,2784,Female,clvr_cost_0.4_intro_0.2_2
160,7,W,1632,Female,clvr_cost_0.4_intro_0.2_2
161,8,W,823,Female,clvr_cost_0.4_intro_0.2_2
162,9,W,251,Female,clvr_cost_0.4_intro_0.2_2
163,10,W,52,Female,clvr_cost_0.4_intro_0.2_2
164,11,W,6,Female,clvr_cost_0.4_intro_0.2_2
165,12,W,0,Female,clvr_cost_0.4_intro_0.2_2
166,13,W,0,Female,clvr_cost_0.4_intro_0.2_2
167,14,W,0,Female,clvr_cost_0.4_intro_0.2_2
168,15,W,0,Female,clvr_cost_0.4_intro_0.2_2
169,16,W,0,Female,clvr_cost_0.4_intro_0.2_2
170,17,W,0,Female,clvr_cost_0.4_intro_0.2_2
171,18,W,0,Female,clvr_cost_0.4_intro_0.2_2
172,19,W,0,Female,clvr_cost_0.4_intro_0.2_2
173,20,W,0,Female,clvr_cost_0.4_intro_0.2_2
174,21,W,0,Female,clvr_cost_0.4_intro_0.2_2
175,22,W,0,Female,clvr_cost_0.4_intro_0.2_2
176,23,W,0,Female,clvr_cost_0.4_intro_0.2_2
177,24,W,0,Female,clvr_cost_0.4_intro_0.2_2
178,25,W,0,Female,clvr_cost_0.4_intro_0.2_2
179,26,W,0,Female,clvr_cost_0.4_intro_0.2_2
180,27,W,0,Female,clvr_cost_0.4_intro_0.2_2
181,28,W,0,Female,clvr_cost_0.4_intro_0.2_2
182,29,W,0,Female,clvr_cost_0.4_intro_0.2_2
183,30,W,0,Female,clvr_cost_0.4_intro_0.2_2
184,31,W,0,Female,clvr_cost_0.4_intro_0.2_2
185,32,W,0,Female,clvr_cost_0.4_intro_0.2_2
186,33,W,0,Female,clvr_cost_0.4_intro_0.2_2
187,34,W,0,Female,clvr_cost_0.4_intro_0.2_2
188,35,W,0,Female,clvr_cost_0.4_intro_0.2_2
189,36,W,0,Female,clvr_cost_0.4_intro_0.2_2
190,37,W,0,Female,clvr_cost_0.4_intro_0.2_2
191,38,W,0,Female,clvr_cost_0.4_intro_0.2_2
192,39,W,0,Female,clvr_cost_0.4_intro_0.2_2
193,40,W,0,Female,clvr_cost_0.4_intro_0.2_2
194,41,W,0,Female,clvr_cost_0.4_intro_0.2_2
195,42,W,0,Female,clvr_cost_0.4_intro_0.2_2
196,43,W,0,Female,clvr_cost_0.4_intro_0.2_2
197,44,W,0,Female,clvr_cost_0.4_intro_0.2_2
198,45,W,0,Female,clvr_cost_0.4_intro_0.2_2
199,46,W,0,Female,clvr_cost_0.4_intro_0.2_2
200,47,W,0,Female,clvr_cost_0.4_intro_0.2_2
201,48,W,0,Female,clvr_cost_0.4_intro_0.2_2
202,49,W,0,Female,clvr_cost_0.4_intro_0.2_2
203,50,W,0,Female,clvr_cost_0.4_intro_0.2_2
204,0,C,4000,Male,clvr_cost_0.4_intro_0.2_2
205,1,C,1188,Male,clvr_cost_0.4_intro_0.2_2
206,2,C,1390,Male,clvr_cost_0.4_intro_0.2_2
207,3,C,1604,Male,clvr_cost_0.4_intro_0.2_2
208,4,C,1904,Male,clvr_cost_0.4_intro_0.2_2
209,5,C,2309,Male,clvr_cost_0.4_intro_0.2_2
210,6,C,2613,Male,clvr_cost_0.4_intro_0.2_2
211,7,C,2975,Male,clvr_cost_0.4_intro_0.2_2
212,8,C,3536,Male,clvr_cost_0.4_intro_0.2_2
213,9,C,3838,Male,clvr_cost_0.4_intro_0.2_2
214,10,C,4559,Male,clvr_cost_0.4_intro_0.2_2
215,11,C,4917,Male,clvr_cost_0.4_intro_0.2_2
216,12,C,5168,Male,clvr_cost_0.4_intro_0.2_2
217,13,C,5038,Male,clvr_cost_0.4_intro_0.2_2
218,14,C,5182,Male,clvr_cost_0.4_intro_0.2_2
219,15,C,5168,Male,clvr_cost_0.4_intro_0.2_2
220,16,C,5480,Male,clvr_cost_0.4_intro_0.2_2
221,17,C,5228,Male,clvr_cost_0.4_intro_0.2_2
222,18,C,5154,Male,clvr_cost_0.4_intro_0.2_2
223,19,C,5126,Male,clvr_cost_0.4_intro_0.2_2
224,20,C,5106,Male,clvr_cost_0.4_intro_0.2_2
225,21,C,5268,Male,clvr_cost_0.4_intro_0.2_2
226,22,C,5206,Male,clvr_cost_0.4_intro_0.2_2
227,23,C,5330,Male,clvr_cost_0.4_intro_0.2_2
228,24,C,5334,Male,clvr_cost_0.4_intro_0.2_2
229,25,C,5098,Male,clvr_cost_0.4_intro_0.2_2
230,26,C,5260,Male,clvr_cost_0.4_intro_0.2_2
231,27,C,5330,Male,clvr_cost_0.4_intro_0.2_2
232,28,C,5300,Male,clvr_cost_0.4_intro_0.2_2
233,29,C,5200,Male,clvr_cost_0.4_intro_0.2_2
234,30,C,5316,Male,clvr_cost_0.4_intro_0.2_2
235,31,C,5222,Male,clvr_cost_0.4_intro_0.2_2
236,32,C,5172,Male,clvr_cost_0.4_intro_0.2_2
237,33,C,4898,Male,clvr_cost_0.4_intro_0.2_2
238,34,C,5198,Male,clvr_cost_0.4_intro_0.2_2
239,35,C,5168,Male,clvr_cost_0.4_intro_0.2_2
240,36,C,5026,Male,clvr_cost_0.4_intro_0.2_2
241,37,C,5112,Male,clvr_cost_0.4_intro_0.2_2
242,38,C,5182,Male,clvr_cost_0.4_intro_0.2_2
243,39,C,5210,Male,clvr_cost_0.4_intro_0.2_2
244,40,C,5040,Male,clvr_cost_0.4_intro_0.2_2
245,41,C,5206,Male,clvr_cost_0.4_intro_0.2_2
246,42,C,5370,Male,clvr_cost_0.4_intro_0.2_2
247,43,C,5156,Male,clvr_cost_0.4_intro_0.2_2
248,44,C,5230,Male,clvr_cost_0.4_intro_0.2_2
249,45,C,5288,Male,clvr_cost_0.4_intro_0.2_2
250,46,C,5184,Male,clvr_cost_0.4_intro_0.2_2
251,47,C,5264,Male,clvr_cost_0.4_intro_0.2_2
252,48,C,5372,Male,clvr_cost_0.4_intro_0.2_2
253,49,C,5380,Male,clvr_cost_0.4_intro_0.2_2
254,50,C,5208,Male,clvr_cost_0.4_intro_0.2_2
255,0,A,10000,Male,clvr_cost_0.4_intro_0.2_2
256,1,A,7484,Male,clvr_cost_0.4_intro_0.2_2
257,2,A,6338,Male,clvr_cost_0.4_intro_0.2_2
258,3,A,5866,Male,clvr_cost_0.4_intro_0.2_2
259,4,A,4908,Male,clvr_cost_0.4_intro_0.2_2
260,5,A,3919,Male,clvr_cost_0.4_intro_0.2_2
261,6,A,2829,Male,clvr_cost_0.4_intro_0.2_2
262,7,A,1697,Male,clvr_cost_0.4_intro_0.2_2
263,8,A,878,Male,clvr_cost_0.4_intro_0.2_2
264,9,A,304,Male,clvr_cost_0.4_intro_0.2_2
265,10,A,71,Male,clvr_cost_0.4_intro_0.2_2
266,11,A,5,Male,clvr_cost_0.4_intro_0.2_2
267,12,A,0,Male,clvr_cost_0.4_intro_0.2_2
268,13,A,0,Male,clvr_cost_0.4_intro_0.2_2
269,14,A,0,Male,clvr_cost_0.4_intro_0.2_2
270,15,A,0,Male,clvr_cost_0.4_intro_0.2_2
271,16,A,0,Male,clvr_cost_0.4_intro_0.2_2
272,17,A,0,Male,clvr_cost_0.4_intro_0.2_2
273,18,A,0,Male,clvr_cost_0.4_intro_0.2_2
274,19,A,0,Male,clvr_cost_0.4_intro_0.2_2
275,20,A,0,Male,clvr_cost_0.4_intro_0.2_2
276,21,A,0,Male,clvr_cost_0.4_intro_0.2_2
277,22,A,0,Male,clvr_cost_0.4_intro_0.2_2
278,23,A,0,Male,clvr_cost_0.4_intro_0.2_2
279,24,A,0,Male,clvr_cost_0.4_intro_0.2_2
280,25,A,0,Male,clvr_cost_0.4_intro_0.2_2
281,26,A,0,Male,clvr_cost_0.4_intro_0.2_2
282,27,A,0,Male,clvr_cost_0.4_intro_0.2_2
283,28,A,0,Male,clvr_cost_0.4_intro_0.2_2
284,29,A,0,Male,clvr_cost_0.4_intro_0.2_2
285,30,A,0,Male,clvr_cost_0.4_intro_0.2_2
286,31,A,0,Male,clvr_cost_0.4_intro_0.2_2
287,32,A,0,Male,clvr_cost_0.4_intro_0.2_2
288,33,A,0,Male,clvr_cost_0.4_intro_0.2_2
289,34,A,0,Male,clvr_cost_0.4_intro_0.2_2
290,35,A,0,Male,clvr_cost_0.4_intro_0.2_2
291,36,A,0,Male,clvr_cost_0.4_intro_0.2_2
292,37,A,0,Male,clvr_cost_0.4_intro_0.2_2
293,38,A,0,Male,clvr_cost_0.4_intro_0.2_2
294,39,A,0,Male,clvr_cost_0.4_intro_0.2_2
295,40,A,0,Male,clvr_cost_0.4_intro_0.2_2
296,41,A,0,Male,clvr_cost_0.4_intro_0.2_2
297,42,A,0,Male,clvr_cost_0.4_intro_0.2_2
298,43,A,0,Male,clvr_cost_0.4_intro_0.2_2
299,44,A,0,Male,clvr_cost_0.4_intro_0.2_2
300,45,A,0,Male,clvr_cost_0.4_intro_0.2_2
301,46,A,0,Male,clvr_cost_0.4_intro_0.2_2
302,47,A,0,Male,clvr_cost_0.4_intro_0.2_2
303,48,A,0,Male,clvr_cost_0.4_intro_0.2_2
304,49,A,0,Male,clvr_cost_0.4_intro_0.2_2
305,50,A,0,Male,clvr_cost_0.4_intro_0.2_2
306,0,V,4000,Male,clvr_cost_0.4_intro_0.2_2
307,1,V,1188,Male,clvr_cost_0.4_intro_0.2_2
308,2,V,1412,Male,clvr_cost_0.4_intro_0.2_2
309,3,V,1653,Male,clvr_cost_0.4_intro_0.2_2
310,4,V,1952,Male,clvr_cost_0.4_intro_0.2_2
311,5,V,2357,Male,clvr_cost_0.4_intro_0.2_2
312,6,V,2668,Male,clvr_cost_0.4_intro_0.2_2
313,7,V,3035,Male,clvr_cost_0.4_intro_0.2_2
314,8,V,3573,Male,clvr_cost_0.4_intro_0.2_2
315,9,V,3860,Male,clvr_cost_0.4_intro_0.2_2
316,10,V,4565,Male,clvr_cost_0.4_intro_0.2_2
317,11,V,4918,Male,clvr_cost_0.4_intro_0.2_2
318,12,V,5168,Male,clvr_cost_0.4_intro_0.2_2
319,13,V,5038,Male,clvr_cost_0.4_intro_0.2_2
320,14,V,5182,Male,clvr_cost_0.4_intro_0.2_2
321,15,V,5168,Male,clvr_cost_0.4_intro_0.2_2
322,16,V,5480,Male,clvr_cost_0.4_intro_0.2_2
323,17,V,5228,Male,clvr_cost_0.4_intro_0.2_2
324,18,V,5154,Male,clvr_cost_0.4_intro_0.2_2
325,19,V,5126,Male,clvr_cost_0.4_intro_0.2_2
326,20,V,5106,Male,clvr_cost_0.4_intro_0.2_2
327,21,V,5268,Male,clvr_cost_0.4_intro_0.2_2
328,22,V,5206,Male,clvr_cost_0.4_intro_0.2_2
329,23,V,5330,Male,clvr_cost_0.4_intro_0.2_2
330,24,V,5334,Male,clvr_cost_0.4_intro_0.2_2
331,25,V,5098,Male,clvr_cost_0.4_intro_0.2_2
332,26,V,5260,Male,clvr_cost_0.4_intro_0.2_2
333,27,V,5330,Male,clvr_cost_0.4_intro_0.2_2
334,28,V,5300,Male,clvr_cost_0.4_intro_0.2_2
335,29,V,5200,Male,clvr_cost_0.4_intro_0.2_2
336,30,V,5316,Male,clvr_cost_0.4_intro_0.2_2
337,31,V,5222,Male,clvr_cost_0.4_intro_0.2_2
338,32,V,5172,Male,clvr_cost_0.4_intro_0.2_2
339,33,V,4898,Male,clvr_cost_0.4_intro_0.2_2
340,34,V,5198,Male,clvr_cost_0.4_intro_0.2_2
341,35,V,5168,Male,clvr_cost_0.4_intro_0.2_2
342,36,V,5026,Male,clvr_cost_0.4_intro_0.2_2
343,37,V,5112,Male,clvr_cost_0.4_intro_0.2_2
344,38,V,5182,Male,clvr_cost_0.4_intro_0.2_2
345,39,V,5210,Male,clvr_cost_0.4_intro_0.2_2
346,40,V,5040,Male,clvr_cost_0.4_intro_0.2_2
347,41,V,5206,Male,clvr_cost_0.4_intro_0.2_2
348,42,V,5370,Male,clvr_cost_0.4_intro_0.2_2
349,43,V,5156,Male,clvr_cost_0.4_intro_0.2_2
350,44,V,5230,Male,clvr_cost_0.4_intro_0.2_2
351,45,V,5288,Male,clvr_cost_0.4_intro_0.2_2
352,46,V,5184,Male,clvr_cost_0.4_intro_0.2_2
353,47,V,5264,Male,clvr_cost_0.4_intro_0.2_2
354,48,V,5372,Male,clvr_cost_0.4_intro_0.2_2
355,49,V,5380,Male,clvr_cost_0.4_intro_0.2_2
356,50,V,5208,Male,clvr_cost_0.4_intro_0.2_2
357,0,W,10000,Male,clvr_cost_0.4_intro_0.2_2
358,1,W,7484,Male,clvr_cost_0.4_intro_0.2_2
359,2,W,6316,Male,clvr_cost_0.4_intro_0.2_2
360,3,W,5817,Male,clvr_cost_0.4_intro_0.2_2
361,4,W,4860,Male,clvr_cost_0.4_intro_0.2_2
362,5,W,3871,Male,clvr_cost_0.4_intro_0.2_2
363,6,W,2774,Male,clvr_cost_0.4_intro_0.2_2
364,7,W,1637,Male,clvr_cost_0.4_intro_0.2_2
365,8,W,841,Male,clvr_cost_0.4_intro_0.2_2
366,9,W,282,Male,clvr_cost_0.4_intro_0.2_2
367,10,W,65,Male,clvr_cost_0.4_intro_0.2_2
368,11,W,4,Male,clvr_cost_0.4_intro_0.2_2
369,12,W,0,Male,clvr_cost_0.4_intro_0.2_2
370,13,W,0,Male,clvr_cost_0.4_intro_0.2_2
371,14,W,0,Male,clvr_cost_0.4_intro_0.2_2
372,15,W,0,Male,clvr_cost_0.4_intro_0.2_2
373,16,W,0,Male,clvr_cost_0.4_intro_0.2_2
374,17,W,0,Male,clvr_cost_0.4_intro_0.2_2
375,18,W,0,Male,clvr_cost_0.4_intro_0.2_2
376,19,W,0,Male,clvr_cost_0.4_intro_0.2_2
377,20,W,0,Male,clvr_cost_0.4_intro_0.2_2
378,21,W,0,Male,clvr_cost_0.4_intro_0.2_2
379,22,W,0,Male,clvr_cost_0.4_intro_0.2_2
380,23,W,0,Male,clvr_cost_0.4_intro_0.2_2
381,24,W,0,Male,clvr_cost_0.4_intro_0.2_2
382,25,W,0,Male,clvr_cost_0.4_intro_0.2_2
383,26,W,0,Male,clvr_cost_0.4_intro_0.2_2
384,27,W,0,Male,clvr_cost_0.4_intro_0.2_2
385,28,W,0,Male,clvr_cost_0.4_intro_0.2_2
386,29,W,0,Male,clvr_cost_0.4_intro_0.2_2
387,30,W,0,Male,clvr_cost_0.4_intro_0.2_2
388,31,W,0,Male,clvr_cost_0.4_intro_0.2_2
389,32,W,0,Male,clvr_cost_0.4_intro_0.2_2
390,33,W,0,Male,clvr_cost_0.4_intro_0.2_2
391,34,W,0,Male,clvr_cost_0.4_intro_0.2_2
392,35,W,0,Male,clvr_cost_0.4_intro_0.2_2
393,36,W,0,Male,clvr_cost_0.4_intro_0.2_2
394,37,W,0,Male,clvr_cost_0.4_intro_0.2_2
395,38,W,0,Male,clvr_cost_0.4_intro_0.2_2
396,39,W,0,Male,clvr_cost_0.4_intro_0.2_2
397,40,W,0,Male,clvr_cost_0.4_intro_0.2_2
398,41,W,0,Male,clvr_cost_0.4_intro_0.2_2
399,42,W,0,Male,clvr_cost_0.4_intro_0.2_2
400,43,W,0,Male,clvr_cost_0.4_intro_0.2_2
401,44,W,0,Male,clvr_cost_0.4_intro_0.2_2
402,45,W,0,Male,clvr_cost_0.4_intro_0.2_2
403,46,W,0,Male,clvr_cost_0.4_intro_0.2_2
404,47,W,0,Male,clvr_cost_0.4_intro_0.2_2
405,48,W,0,Male,clvr_cost_0.4_intro_0.2_2
406,49,W,0,Male,clvr_cost_0.4_intro_0.2_2
407,50,W,0,Male,clvr_cost_0.4_intro_0.2_2
,Generation,Allele,Count,Sex,Run
0,0,C,0,Female,clvr_cost_0.4_intro_0.2_3
1,1,C,1264,Female,clvr_cost_0.4_intro_0.2_3
2,2,C,1371,Female,clvr_cost_0.4_intro_0.2_3
3,3,C,1675,Female,clvr_cost_0.4_intro_0.2_3
4,4,C,1953,Female,clvr_cost_0.4_intro_0.2_3
5,5,C,2217,Female,clvr_cost_0.4_intro_0.2_3
6,6,C,2529,Female,clvr_cost_0.4_intro_0.2_3
7,7,C,2992,Female,clvr_cost_0.4_intro_0.2_3
8,8,C,3399,Female,clvr_cost_0.4_intro_0.2_3
9,9,C,3833,Female,clvr_cost_0.4_intro_0.2_3
10,10,C,4510,Female,clvr_cost_0.4_intro_0.2_3
11,11,C,4865,Female,clvr_cost_0.4_intro_0.2_3
12,12,C,4900,Female,clvr_cost_0.4_intro_0.2_3
13,13,C,5048,Female,clvr_cost_0.4_intro_0.2_3
14,14,C,5058,Female,clvr_cost_0.4_intro_0.2_3
15,15,C,4956,Female,clvr_cost_0.4_intro_0.2_3
16,16,C,5142,Female,clvr_cost_0.4_intro_0.2_3
17,17,C,5168,Female,clvr_cost_0.4_intro_0.2_3
18,18,C,5144,Female,clvr_cost_0.4_intro_0.2_3
19,19,C,5108,Female,clvr_cost_0.4_intro_0.2_3
20,20,C,5000,Female,clvr_cost_0.4_intro_0.2_3
21,21,C,4982,Female,clvr_cost_0.4_intro_0.2_3
22,22,C,5062,Female,clvr_cost_0.4_intro_0.2_3
23,23,C,5120,Female,clvr_cost_0.4_intro_0.2_3
24,24,C,5184,Female,clvr_cost_0.4_intro_0.2_3
25,25,C,5116,Female,clvr_cost_0.4_intro_0.2_3
26,26,C,5058,Female,clvr_cost_0.4_intro_0.2_3
27,27,C,5174,Female,clvr_cost_0.4_intro_0.2_3
28,28,C,5168,Female,clvr_cost_0.4_intro_0.2_3
29,29,C,5060,Female,clvr_cost_0.4_intro_0.2_3
30,30,C,4870,Female,clvr_cost_0.4_intro_0.2_3
31,31,C,4862,Female,clvr_cost_0.4_intro_0.2_3
32,32,C,5114,Female,clvr_cost_0.4_intro_0.2_3
33,33,C,4984,Female,clvr_cost_0.4_intro_0.2_3
34,34,C,5140,Female,clvr_cost_0.4_intro_0.2_3
35,35,C,5316,Female,clvr_cost_0.4_intro_0.2_3
36,36,C,5250,Female,clvr_cost_0.4_intro_0.2_3
37,37,C,5048,Female,clvr_cost_0.4_intro_0.2_3
38,38,C,5102,Female,clvr_cost_0.4_intro_0.2_3
39,39,C,5404,Female,clvr_cost_0.4_intro_0.2_3
40,40,C,5172,Female,clvr_cost_0.4_intro_0.2_3
41,41,C,4982,Female,clvr_cost_0.4_intro_0.2_3
42,42,C,4930,Female,clvr_cost_0.4_intro_0.2_3
43,43,C,5076,Female,clvr_cost_0.4_intro_0.2_3
44,44,C,5038,Female,clvr_cost_0.4_intro_0.2_3
45,45,C,5024,Female,clvr_cost_0.4_intro_0.2_3
46,46,C,5176,Female,clvr_cost_0.4_intro_0.2_3
47,47,C,5242,Female,clvr_cost_0.4_intro_0.2_3
48,48,C,5208,Female,clvr_cost_0.4_intro_0.2_3
49,49,C,5272,Female,clvr_cost_0.4_intro_0.2_3
50,50,C,5256,Female,clvr_cost_0.4_intro_0.2_3
51,0,A,10000,Female,clvr_cost_0.4_intro_0.2_3
52,1,A,7298,Female,clvr_cost_0.4_intro_0.2_3
53,2,A,6239,Female,clvr_cost_0.4_intro_0.2_3
54,3,A,5487,Female,clvr_cost_0.4_intro_0.2_3
55,4,A,4517,Female,clvr_cost_0.4_intro_0.2_3
56,5,A,3521,Female,clvr_cost_0.4_intro_0.2_3
57,6,A,2837,Female,clvr_cost_0.4_intro_0.2_3
58,7,A,1866,Female,clvr_cost_0.4_intro_0.2_3
59,8,A,939,Female,clvr_cost_0.4_intro_0.2_3
60,9,A,367,Female,clvr_cost_0.4_intro_0.2_3
61,10,A,64,Female,clvr_cost_0.4_intro_0.2_3
62,11,A,3,Female,clvr_cost_0.4_intro_0.2_3
63,12,A,0,Female,clvr_cost_0.4_intro_0.2_3
64,13,A,0,Female,clvr_cost_0.4_intro_0.2_3
65,14,A,0,Female,clvr_cost_0.4_intro_0.2_3
66,15,A,0,Female,clvr_cost_0.4_intro_0.2_3
67,16,A,0,Female,clvr_cost_0.4_intro_0.2_3
68,17,A,0,Female,clvr_cost_0.4_intro_0.2_3
69,18,A,0,Female,clvr_cost_0.4_intro_0.2_3
70,19,A,0,Female,clvr_cost_0.4_intro_0.2_3
71,20,A,0,Female,clvr_cost_0.4_intro_0.2_3
72,21,A,0,Female,clvr_cost_0.4_intro_0.2_3
73,22,A,0,Female,clvr_cost_0.4_intro_0.2_3
74,23,A,0,Female,clvr_cost_0.4_intro_0.2_3
75,24,A,0,Female,clvr_cost_0.4_intro_0.2_3
76,25,A,0,Female,clvr_cost_0.4_intro_0.2_3
77,26,A,0,Female,clvr_cost_0.4_intro_0.2_3
78,27,A,0,Female,clvr_cost_0.4_intro_0.2_3
79,28,A,0,Female,clvr_cost_0.4_intro_0.2_3
80,29,A,0,Female,clvr_cost_0.4_intro_0.2_3
81,30,A,0,Female,clvr_cost_0.4_intro_0.2_3
82,31,A,0,Female,clvr_cost_0.4_intro_0.2_3
83,32,A,0,Female,clvr_cost_0.4_intro_0.2_3
84,33,A,0,Female,clvr_cost_0.4_intro_0.2_3
85,34,A,0,Female,clvr_cost_0.4_intro_0.2_3
86,35,A,0,Female,clvr_cost_0.4_intro_0.2_3
87,36,A,0,Female,clvr_cost_0.4_intro_0.2_3
88,37,A,0,Female,clvr_cost_0.4_intro_0.2_3
89,38,A,0,Female,clvr_cost_0.4_intro_0.2_3
90,39,A,0,Female,clvr_cost_0.4_intro_0.2_3
91,40,A,0,Female,clvr_cost_0.4_intro_0.2_3
92,41,A,0,Female,clvr_cost_0.4_intro_0.2_3
93,42,A,0,Female,clvr_cost_0.4_intro_0.2_3
94,43,A,0,Female,clvr_cost_0.4_intro_0.2_3
95,44,A,0,Female,clvr_cost_0.4_intro_0.2_3
96,45,A,0,Female,clvr_cost_0.4_intro_0.2_3
97,46,A,0,Female,clvr_cost_0.4_intro_0.2_3
98,47,A,0,Female,clvr_cost_0.4_intro_0.2_3
99,48,A,0,Female,clvr_cost_0.4_intro_0.2_3
100,49,A,0,Female,clvr_cost_0.4_intro_0.2_3
101,50,A,0,Female,clvr_cost_0.4_intro_0.2_3
102,0,V,0,Female,clvr_cost_0.4_intro_0.2_3
103,1,V,1264,Female,clvr_cost_0.4_intro_0.2_3
104,2,V,1409,Female,clvr_cost_0.4_intro_0.2_3
105,3,V,1715,Female,clvr_cost_0.4_intro_0.2_3
106,4,V,2003,Female,clvr_cost_0.4_intro_0.2_3
107,5,V,2265,Female,clvr_cost_0.4_intro_0.2_3
108,6,V,2575,Female,clvr_cost_0.4_intro_0.2_3
109,7,V,3038,Female,clvr_cost_0.4_intro_0.2_3
110,8,V,3444,Female,clvr_cost_0.4_intro_0.2_3
111,9,V,3861,Female,clvr_cost_0.4_intro_0.2_3
112,10,V,4524,Female,clvr_cost_0.4_intro_0.2_3
113,11,V,4867,Female,clvr_cost_0.4_intro_0.2_3
114,12,V,4900,Female,clvr_cost_0.4_intro_0.2_3
115,13,V,5048,Female,clvr_cost_0.4_intro_0.2_3
116,14,V,5058,Female,clvr_cost_0.4_intro_0.2_3
117,15,V,4956,Female,clvr_cost_0.4_intro_0.2_3
118,16,V,5142,Female,clvr_cost_0.4_intro_0.2_3
119,17,V,5168,Female,clvr_cost_0.4_intro_0.2_3
120,18,V,5144,Female,clvr_cost_0.4_intro_0.2_3
121,19,V,5108,Female,clvr_cost_0.4_intro_0.2_3
122,20,V,5000,Female,clvr_cost_0.4_intro_0.2_3
123,21,V,4982,Female,clvr_cost_0.4_intro_0.2_3
124,22,V,5062,Female,clvr_cost_0.4_intro_0.2_3
125,23,V,5120,Female,clvr_cost_0.4_intro_0.2_3
126,24,V,5184,Female,clvr_cost_0.4_intro_0.2_3
127,25,V,5116,Female,clvr_cost_0.4_intro_0.2_3
128,26,V,5058,Female,clvr_cost_0.4_intro_0.2_3
129,27,V,5174,Female,clvr_cost_0.4_intro_0.2_3
130,28,V,5168,Female,clvr_cost_0.4_intro_0.2_3
131,29,V,5060,Female,clvr_cost_0.4_intro_0.2_3
132,30,V,4870,Female,clvr_cost_0.4_intro_0.2_3
133,31,V,4862,Female,clvr_cost_0.4_intro_0.2_3
134,32,V,5114,Female,clvr_cost_0.4_intro_0.2_3
135,33,V,4984,Female,clvr_cost_0.4_intro_0.2_3
136,34,V,5140,Female,clvr_cost_0.4_intro_0.2_3
137,35,V,5316,Female,clvr_cost_0.4_intro_0.2_3
138,36,V,5250,Female,clvr_cost_0.4_intro_0.2_3
139,37,V,5048,Female,clvr_cost_0.4_intro_0.2_3
140,38,V,5102,Female,clvr_cost_0.4_intro_0.2_3
141,39,V,5404,Female,clvr_cost_0.4_intro_0.2_3
142,40,V,5172,Female,clvr_cost_0.4_intro_0.2_3
143,41,V,4982,Female,clvr_cost_0.4_intro_0.2_3
144,42,V,4930,Female,clvr_cost_0.4_intro_0.2_3
145,43,V,5076,Female,clvr_cost_0.4_intro_0.2_3
146,44,V,5038,Female,clvr_cost_0.4_intro_0.2_3
147,45,V,5024,Female,clvr_cost_0.4_intro_0.2_3
148,46,V,5176,Female,clvr_cost_0.4_intro_0.2_3
149,47,V,5242,Female,clvr_cost_0.4_intro_0.2_3
150,48,V,5208,Female,clvr_cost_0.4_intro_0.2_3
151,49,V,5272,Female,clvr_cost_0.4_intro_0.2_3
152,50,V,5256,Female,clvr_cost_0.4_intro_0.2_3
153,0,W,10000,Female,clvr_cost_0.4_intro_0.2_3
154,1,W,7298,Female,clvr_cost_0.4_intro_0.2_3
155,2,W,6201,Female,clvr_cost_0.4_intro_0.2_3
156,3,W,5447,Female,clvr_cost_0.4_intro_0.2_3
157,4,W,4467,Female,clvr_cost_0.4_intro_0.2_3
158,5,W,3473,Female,clvr_cost_0.4_intro_0.2_3
159,6,W,2791,Female,clvr_cost_0.4_intro_0.2_3
160,7,W,1820,Female,clvr_cost_0.4_intro_0.2_3
161,8,W,894,Female,clvr_cost_0.4_intro_0.2_3
162,9,W,339,Female,clvr_cost_0.4_intro_0.2_3
163,10,W,50,Female,clvr_cost_0.4_intro_0.2_3
164,11,W,1,Female,clvr_cost_0.4_intro_0.2_3
165,12,W,0,Female,clvr_cost_0.4_intro_0.2_3
166,13,W,0,Female,clvr_cost_0.4_intro_0.2_3
167,14,W,0,Female,clvr_cost_0.4_intro_0.2_3
168,15,W,0,Female,clvr_cost_0.4_intro_0.2_3
169,16,W,0,Female,clvr_cost_0.4_intro_0.2_3
170,17,W,0,Female,clvr_cost_0.4_intro_0.2_3
171,18,W,0,Female,clvr_cost_0.4_intro_0.2_3
172,19,W,0,Female,clvr_cost_0.4_intro_0.2_3
173,20,W,0,Female,clvr_cost_0.4_intro_0.2_3
174,21,W,0,Female,clvr_cost_0.4_intro_0.2_3
175,22,W,0,Female,clvr_cost_0.4_intro_0.2_3
176,23,W,0,Female,clvr_cost_0.4_intro_0.2_3
177,24,W,0,Female,clvr_cost_0.4_intro_0.2_3
178,25,W,0,Female,clvr_cost_0.4_intro_0.2_3
179,26,W,0,Female,clvr_cost_0.4_intro_0.2_3
180,27,W,0,Female,clvr_cost_0.4_intro_0.2_3
181,28,W,0,Female,clvr_cost_0.4_intro_0.2_3
182,29,W,0,Female,clvr_cost_0.4_intro_0.2_3
183,30,W,0,Female,clvr_cost_0.4_intro_0.2_3
184,31,W,0,Female,clvr_cost_0.4_intro_0.2_3
185,32,W,0,Female,clvr_cost_0.4_intro_0.2_3
186,33,W,0,Female,clvr_cost_0.4_intro_0.2_3
187,34,W,0,Female,clvr_cost_0.4_intro_0.2_3
188,35,W,0,Female,clvr_cost_0.4_intro_0.2_3
189,36,W,0,Female,clvr_cost_0.4_intro_0.2_3
190,37,W,0,Female,clvr_cost_0.4_intro_0.2_3
191,38,W,0,Female,clvr_cost_0.4_intro_0.2_3
192,39,W,0,Female,clvr_cost_0.4_intro_0.2_3
193,40,W,0,Female,clvr_cost_0.4_intro_0.2_3
194,41,W,0,Female,clvr_cost_0.4_intro_0.2_3
195,42,W,0,Female,clvr_cost_0.4_intro_0.2_3
196,43,W,0,Female,clvr_cost_0.4_intro_0.2_3
197,44,W,0,Female,clvr_cost_0.4_intro_0.2_3
198,45,W,0,Female,clvr_cost_0.4_intro_0.2_3
199,46,W,0,Female,clvr_cost_0.4_intro_0.2_3
200,47,W,0,Female,clvr_cost_0.4_intro_0.2_3
201,48,W,0,Female,clvr_cost_0.4_intro_0.2_3
202,49,W,0,Female,clvr_cost_0.4_intro_0.2_3
203,50,W,0,Female,clvr_cost_0.4_intro_0.2_3
204,0,C,4000,Male,clvr_cost_0.4_intro_0.2_3
205,1,C,1245,Male,clvr_cost_0.4_intro_0.2_3
206,2,C,1438,Male,clvr_cost_0.4_intro_0.2_3
207,3,C,1671,Male,clvr_cost_0.4_intro_0.2_3
208,4,C,1989,Male,clvr_cost_0.4_intro_0.2_3
209,5,C,2213,Male,clvr_cost_0.4_intro_0.2_3
210,6,C,2638,Male,clvr_cost_0.4_intro_0.2_3
211,7,C,3025,Male,clvr_cost_0.4_intro_0.2_3
212,8,C,3454,Male,clvr_cost_0.4_intro_0.2_3
213,9,C,3917,Male,clvr_cost_0.4_intro_0.2_3
214,10,C,4653,Male,clvr_cost_0.4_intro_0.2_3
215,11,C,5063,Male,clvr_cost_0.4_intro_0.2_3
216,12,C,5176,Male,clvr_cost_0.4_intro_0.2_3
217,13,C,5168,Male,clvr_cost_0.4_intro_0.2_3
218,14,C,5120,Male,clvr_cost_0.4_intro_0.2_3
219,15,C,5124,Male,clvr_cost_0.4_intro_0.2_3
220,16,C,5260,Male,clvr_cost_0.4_intro_0.2_3
221,17,C,5202,Male,clvr_cost_0.4_intro_0.2_3
222,18,C,5148,Male,clvr_cost_0.4_intro_0.2_3
223,19,C,5162,Male,clvr_cost_0.4_intro_0.2_3
224,20,C,5032,Male,clvr_cost_0.4_intro_0.2_3
225,21,C,5190,Male,clvr_cost_0.4_intro_0.2_3
226,22,C,5070,Male,clvr_cost_0.4_intro_0.2_3
227,23,C,5156,Male,clvr_cost_0.4_intro_0.2_3
228,24,C,5220,Male,clvr_cost_0.4_intro_0.2_3
229,25,C,5208,Male,clvr_cost_0.4_intro_0.2_3
230,26,C,5228,Male,clvr_cost_0.4_intro_0.2_3
231,27,C,5234,Male,clvr_cost_0.4_intro_0.2_3
232,28,C,5186,Male,clvr_cost_0.4_intro_0.2_3
233,29,C,5134,Male,clvr_cost_0.4_intro_0.2_3
234,30,C,5114,Male,clvr_cost_0.4_intro_0.2_3
235,31,C,4872,Male,clvr_cost_0.4_intro_0.2_3
236,32,C,5244,Male,clvr_cost_0.4_intro_0.2_3
237,33,C,5134,Male,clvr_cost_0.4_intro_0.2_3
238,34,C,5150,Male,clvr_cost_0.4_intro_0.2_3
239,35,C,5408,Male,clvr_cost_0.4_intro_0.2_3
240,36,C,5344,Male,clvr_cost_0.4_intro_0.2_3
241,37,C,5152,Male,clvr_cost_0.4_intro_0.2_3
242,38,C,5132,Male,clvr_cost_0.4_intro_0.2_3
243,39,C,5444,Male,clvr_cost_0.4_intro_0.2_3
244,40,C,5278,Male,clvr_cost_0.4_intro_0.2_3
245,41,C,5118,Male,clvr_cost_0.4_intro_0.2_3
246,42,C,4988,Male,clvr_cost_0.4_intro_0.2_3
247,43,C,5150,Male,clvr_cost_0.4_intro_0.2_3
248,44,C,5318,Male,clvr_cost_0.4_intro_0.2_3
249,45,C,5052,Male,clvr_cost_0.4_intro_0.2_3
250,46,C,5222,Male,clvr_cost_0.4_intro_0.2_3
251,47,C,5250,Male,clvr_cost_0.4_intro_0.2_3
252,48,C,5286,Male,clvr_cost_0.4_intro_0.2_3
253,49,C,5312,Male,clvr_cost_0.4_intro_0.2_3
254,50,C,5306,Male,clvr_cost_0.4_intro_0.2_3
255,0,A,10000,Male,clvr_cost_0.4_intro_0.2_3
256,1,A,7505,Male,clvr_cost_0.4_intro_0.2_3
257,2,A,6296,Male,clvr_cost_0.4_intro_0.2_3
258,3,A,5525,Male,clvr_cost_0.4_intro_0.2_3
259,4,A,4645,Male,clvr_cost_0.4_intro_0.2_3
260,5,A,3629,Male,clvr_cost_0.4_intro_0.2_3
261,6,A,2820,Male,clvr_cost_0.4_intro_0.2_3
262,7,A,1919,Male,clvr_cost_0.4_intro_0.2_3
263,8,A,936,Male,clvr_cost_0.4_intro_0.2_3
264,9,A,337,Male,clvr_cost_0.4_intro_0.2_3
265,10,A,57,Male,clvr_cost_0.4_intro_0.2_3
266,11,A,3,Male,clvr_cost_0.4_intro_0.2_3
267,12,A,0,Male,clvr_cost_0.4_intro_0.2_3
268,13,A,0,Male,clvr_cost_0.4_intro_0.2_3
269,14,A,0,Male,clvr_cost_0.4_intro_0.2_3
270,15,A,0,Male,clvr_cost_0.4_intro_0.2_3
271,16,A,0,Male,clvr_cost_0.4_intro_0.2_3
272,17,A,0,Male,clvr_cost_0.4_intro_0.2_3
273,18,A,0,Male,clvr_cost_0.4_intro_0.2_3
274,19,A,0,Male,clvr_cost_0.4_intro_0.2_3
275,20,A,0,Male,clvr_cost_0.4_intro_0.2_3
276,21,A,0,Male,clvr_cost_0.4_intro_0.2_3
277,22,A,0,Male,clvr_cost_0.4_intro_0.2_3
278,23,A,0,Male,clvr_cost_0.4_intro_0.2_3
279,24,A,0,Male,clvr_cost_0.4_intro_0.2_3
280,25,A,0,Male,clvr_cost_0.4_intro_0.2_3
281,26,A,0,Male,clvr_cost_0.4_intro_0.2_3
282,27,A,0,Male,clvr_cost_0.4_intro_0.2_3
283,28,A,0,Male,clvr_cost_0.4_intro_0.2_3
284,29,A,0,Male,clvr_cost_0.4_intro_0.2_3
285,30,A,0,Male,clvr_cost_0.4_intro_0.2_3
286,31,A,0,Male,clvr_cost_0.4_intro_0.2_3
287,32,A,0,Male,clvr_cost_0.4_intro_0.2_3
288,33,A,0,Male,clvr_cost_0.4_intro_0.2_3
289,34,A,0,Male,clvr_cost_0.4_intro_0.2_3
290,35,A,0,Male,clvr_cost_0.4_intro_0.2_3
291,36,A,0,Male,clvr_cost_0.4_intro_0.2_3
292,37,A,0,Male,clvr_cost_0.4_intro_0.2_3
293,38,A,0,Male,clvr_cost_0.4_intro_0.2_3
294,39,A,0,Male,clvr_cost_0.4_intro_0.2_3
295,40,A,0,Male,clvr_cost_0.4_intro_0.2_3
296,41,A,0,Male,clvr_cost_0.4_intro_0.2_3
297,42,A,0,Male,clvr_cost_0.4_intro_0.2_3
298,43,A,0,Male,clvr_cost_0.4_intro_0.2_3
299,44,A,0,Male,clvr_cost_0.4_intro_0.2_3
300,45,A,0,Male,clvr_cost_0.4_intro_0.2_3
301,46,A,0,Male,clvr_cost_0.4_intro_0.2_3
302,47,A,0,Male,clvr_cost_0.4_intro_0.2_3
303,48,A,0,Male,clvr_cost_0.4_intro_0.2_3
304,49,A,0,Male,clvr_cost_0.4_intro_0.2_3
305,50,A,0,Male,clvr_cost_0.4_intro_0.2_3
306,0,V,4000,Male,clvr_cost_0.4_intro_0.2_3
307,1,V,1245,Male,clvr_cost_0.4_intro_0.2_3
308,2,V,1472,Male,clvr_cost_0.4_intro_0.2_3
309,3,V,1722,Male,clvr_cost_0.4_intro_0.2_3
310,4,V,2026,Male,clvr_cost_0.4_intro_0.2_3
311,5,V,2260,Male,clvr_cost_0.4_intro_0.2_3
312,6,V,2678,Male,clvr_cost_0.4_intro_0.2_3
313,7,V,3083,Male,clvr_cost_0.4_intro_0.2_3
314,8,V,3494,Male,clvr_cost_0.4_intro_0.2_3
315,9,V,3955,Male,clvr_cost_0.4_intro_0.2_3
316,10,V,4660,Male,clvr_cost_0.4_intro_0.2_3
317,11,V,5063,Male,clvr_cost_0.4_intro_0.2_3
318,12,V,5176,Male,clvr_cost_0.4_intro_0.2_3
319,13,V,5168,Male,clvr_cost_0.4_intro_0.2_3
320,14,V,5120,Male,clvr_cost_0.4_intro_0.2_3
321,15,V,5124,Male,clvr_cost_0.4_intro_0.2_3
322,16,V,5260,Male,clvr_cost_0.4_intro_0.2_3
323,17,V,5202,Male,clvr_cost_0.4_intro_0.2_3
324,18,V,5148,Male,clvr_cost_0.4_intro_0.2_3
325,19,V,5162,Male,clvr_cost_0.4_intro_0.2_3
326,20,V,5032,Male,clvr_cost_0.4_intro_0.2_3
327,21,V,5190,Male,clvr_cost_0.4_intro_0.2_3
328,22,V,5070,Male,clvr_cost_0.4_intro_0.2_3
329,23,V,5156,Male,clvr_cost_0.4_intro_0.2_3
330,24,V,5220,Male,clvr_cost_0.4_intro_0.2_3
331,25,V,5208,Male,clvr_cost_0.4_intro_0.2_3
332,26,V,5228,Male,clvr_cost_0.4_intro_0.2_3
333,27,V,5234,Male,clvr_cost_0.4_intro_0.2_3
334,28,V,5186,Male,clvr_cost_0.4_intro_0.2_3
335,29,V,5134,Male,clvr_cost_0.4_intro_0.2_3
336,30,V,5114,Male,clvr_cost_0.4_intro_0.2_3
337,31,V,4872,Male,clvr_cost_0.4_intro_0.2_3
338,32,V,5244,Male,clvr_cost_0.4_intro_0.2_3
339,33,V,5134,Male,clvr_cost_0.4_intro_0.2_3
340,34,V,5150,Male,clvr_cost_0.4_intro_0.2_3
341,35,V,5408,Male,clvr_cost_0.4_intro_0.2_3
342,36,V,5344,Male,clvr_cost_0.4_intro_0.2_3
343,37,V,5152,Male,clvr_cost_0.4_intro_0.2_3
344,38,V,5132,Male,clvr_cost_0.4_intro_0.2_3
345,39,V,5444,Male,clvr_cost_0.4_intro_0.2_3
346,40,V,5278,Male,clvr_cost_0.4_intro_0.2_3
347,41,V,5118,Male,clvr_cost_0.4_intro_0.2_3
348,42,V,4988,Male,clvr_cost_0.4_intro_0.2_3
349,43,V,5150,Male,clvr_cost_0.4_intro_0.2_3
350,44,V,5318,Male,clvr_cost_0.4_intro_0.2_3
351,45,V,5052,Male,clvr_cost_0.4_intro_0.2_3
352,46,V,5222,Male,clvr_cost_0.4_intro_0.2_3
353,47,V,5250,Male,clvr_cost_0.4_intro_0.2_3
354,48,V,5286,Male,clvr_cost_0.4_intro_0.2_3
355,49,V,5312,Male,clvr_cost_0.4_intro_0.2_3
356,50,V,5306,Male,clvr_cost_0.4_intro_0.2_3
357,0,W,10000,Male,clvr_cost_0.4_intro_0.2_3
358,1,W,7505,Male,clvr_cost_0.4_intro_0.2_3
359,2,W,6262,Male,clvr_cost_0.4_intro_0.2_3
360,3,W,5474,Male,clvr_cost_0.4_intro_0.2_3
361,4,W,4608,Male,clvr_cost_0.4_intro_0.2_3
362,5,W,3582,Male,clvr_cost_0.4_intro_0.2_3
363,6,W,2780,Male,clvr_cost_0.4_intro_0.2_3
364,7,W,1861,Male,clvr_cost_0.4_intro_0.2_3
365,8,W,896,Male,clvr_cost_0.4_intro_0.2_3
366,9,W,299,Male,clvr_cost_0.4_intro_0.2_3
367,10,W,50,Male,clvr_cost_0.4_intro_0.2_3
368,11,W,3,Male,clvr_cost_0.4_intro_0.2_3
369,12,W,0,Male,clvr_cost_0.4_intro_0.2_3
370,13,W,0,Male,clvr_cost_0.4_intro_0.2_3
371,14,W,0,Male,clvr_cost_0.4_intro_0.2_3
372,15,W,0,Male,clvr_cost_0.4_intro_0.2_3
373,16,W,0,Male,clvr_cost_0.4_intro_0.2_3
374,17,W,0,Male,clvr_cost_0.4_intro_0.2_3
375,18,W,0,Male,clvr_cost_0.4_intro_0.2_3
376,19,W,0,Male,clvr_cost_0.4_intro_0.2_3
377,20,W,0,Male,clvr_cost_0.4_intro_0.2_3
378,21,W,0,Male,clvr_cost_0.4_intro_0.2_3
379,22,W,0,Male,clvr_cost_0.4_intro_0.2_3
380,23,W,0,Male,clvr_cost_0.4_intro_0.2_3
381,24,W,0,Male,clvr_cost_0.4_intro_0.2_3
382,25,W,0,Male,clvr_cost_0.4_intro_0.2_3
383,26,W,0,Male,clvr_cost_0.4_intro_0.2_3
384,27,W,0,Male,clvr_cost_0.4_intro_0.2_3
385,28,W,0,Male,clvr_cost_0.4_intro_0.2_3
386,29,W,0,Male,clvr_cost_0.4_intro_0.2_3
387,30,W,0,Male,clvr_cost_0.4_intro_0.2_3
388,31,W,0,Male,clvr_cost_0.4_intro_0.2_3
389,32,W,0,Male,clvr_cost_0.4_intro_0.2_3
390,33,W,0,Male,clvr_cost_0.4_intro_0.2_3
391,34,W,0,Male,clvr_cost_0.4_intro_0.2_3
392,35,W,0,Male,clvr_cost_0.4_intro_0.2_3
393,36,W,0,Male,clvr_cost_0.4_intro_0.2_3
394,37,W,0,Male,clvr_cost_0.4_intro_0.2_3
395,38,W,0,Male,clvr_cost_0.4_intro_0.2_3
396,39,W,0,Male,clvr_cost_0.4_intro_0.2_3
397,40,W,0,Male,clvr_cost_0.4_intro_0.2_3
398,41,W,0,Male,clvr_cost_0.4_intro_0.2_3
399,42,W,0,Male,clvr_cost_0.4_intro_0.2_3
400,43,W,0,Male,clvr_cost_0.4_intro_0.2_3
401,44,W,0,Male,clvr_cost_0.4_intro_0.2_3
402,45,W,0,Male,clvr_cost_0.4_intro_0.2_3
403,46,W,0,Male,clvr_cost_0.4_intro_0.2_3
404,47,W,0,Male,clvr_cost_0.4_intro_0.2_3
405,48,W,0,Male,clvr_cost_0.4_intro_0.2_3
406,49,W,0,Male,clvr_cost_0.4_intro_0.2_3
407,50,W,0,Male,clvr_cost_0.4_intro_0.2_3
,Generation,Allele,Count,Sex,Run
0,0,C,0,Female,clvr_cost_0.4_intro_0.2_4
1,1,C,1335,Female,clvr_cost_0.4_intro_0.2_4
2,2,C,1392,Female,clvr_cost_0.4_intro_0.2_4
3,3,C,1748,Female,clvr_cost_0.4_intro_0.2_4
4,4,C,2010,Female,clvr_cost_0.4_intro_0.2_4
5,5,C,2281,Female,clvr_cost_0.4_intro_0.2_4
6,6,C,2626,Female,clvr_cost_0.4_intro_0.2_4
7,7,C,3054,Female,clvr_cost_0.4_intro_0.2_4
8,8,C,3543,Female,clvr_cost_0.4_intro_0.2_4
9,9,C,4021,Female,clvr_cost_0.4_intro_0.2_4
10,10,C,4616,Female,clvr_cost_0.4_intro_0.2_4
11,11,C,4937,Female,clvr_cost_0.4_intro_0.2_4
12,12,C,5020,Female,clvr_cost_0.4_intro_0.2_4
13,13,C,5198,Female,clvr_cost_0.4_intro_0.2_4
14,14,C,5004,Female,clvr_cost_0.4_intro_0.2_4
15,15,C,5006,Female,clvr_cost_0.4_intro_0.2_4
16,16,C,4968,Female,clvr_cost_0.4_intro_0.2_4
17,17,C,5154,Female,clvr_cost_0.4_intro_0.2_4
18,18,C,4940,Female,clvr_cost_0.4_intro_0.2_4
19,19,C,4882,Female,clvr_cost_0.4_intro_0.2_4
20,20,C,5040,Female,clvr_cost_0.4_intro_0.2_4
21,21,C,5232,Female,clvr_cost_0.4_intro_0.2_4
22,22,C,5120,Female,clvr_cost_0.4_intro_0.2_4
23,23,C,5074,Female,clvr_cost_0.4_intro_0.2_4
24,24,C,5264,Female,clvr_cost_0.4_intro_0.2_4
25,25,C,5202,Female,clvr_cost_0.4_intro_0.2_4
26,26,C,5134,Female,clvr_cost_0.4_intro_0.2_4
27,27,C,4996,Female,clvr_cost_0.4_intro_0.2_4
28,28,C,5218,Female,clvr_cost_0.4_intro_0.2_4
29,29,C,5194,Female,clvr_cost_0.4_intro_0.2_4
30,30,C,4900,Female,clvr_cost_0.4_intro_0.2_4
31,31,C,4996,Female,clvr_cost_0.4_intro_0.2_4
32,32,C,5068,Female,clvr_cost_0.4_intro_0.2_4
33,33,C,5092,Female,clvr_cost_0.4_intro_0.2_4
34,34,C,5204,Female,clvr_cost_0.4_intro_0.2_4
35,35,C,5112,Female,clvr_cost_0.4_intro_0.2_4
36,36,C,5126,Female,clvr_cost_0.4_intro_0.2_4
37,37,C,5092,Female,clvr_cost_0.4_intro_0.2_4
38,38,C,5158,Female,clvr_cost_0.4_intro_0.2_4
39,39,C,5028,Female,clvr_cost_0.4_intro_0.2_4
40,40,C,5136,Female,clvr_cost_0.4_intro_0.2_4
41,41,C,5098,Female,clvr_cost_0.4_intro_0.2_4
42,42,C,5170,Female,clvr_cost_0.4_intro_0.2_4
43,43,C,5100,Female,clvr_cost_0.4_intro_0.2_4
44,44,C,5064,Female,clvr_cost_0.4_intro_0.2_4
45,45,C,5024,Female,clvr_cost_0.4_intro_0.2_4
46,46,C,5202,Female,clvr_cost_0.4_intro_0.2_4
47,47,C,4994,Female,clvr_cost_0.4_intro_0.2_4
48,48,C,5118,Female,clvr_cost_0.4_intro_0.2_4
49,49,C,5262,Female,clvr_cost_0.4_intro_0.2_4
50,50,C,5132,Female,clvr_cost_0.4_intro_0.2_4
51,0,A,10000,Female,clvr_cost_0.4_intro_0.2_4
52,1,A,7437,Female,clvr_cost_0.4_intro_0.2_4
53,2,A,6154,Female,clvr_cost_0.4_intro_0.2_4
54,3,A,5304,Female,clvr_cost_0.4_intro_0.2_4
55,4,A,4462,Female,clvr_cost_0.4_intro_0.2_4
56,5,A,3435,Female,clvr_cost_0.4_intro_0.2_4
57,6,A,2476,Female,clvr_cost_0.4_intro_0.2_4
58,7,A,1518,Female,clvr_cost_0.4_intro_0.2_4
59,8,A,707,Female,clvr_cost_0.4_intro_0.2_4
60,9,A,195,Female,clvr_cost_0.4_intro_0.2_4
61,10,A,14,Female,clvr_cost_0.4_intro_0.2_4
62,11,A,1,Female,clvr_cost_0.4_intro_0.2_4
63,12,A,0,Female,clvr_cost_0.4_intro_0.2_4
64,13,A,0,Female,clvr_cost_0.4_intro_0.2_4
65,14,A,0,Female,clvr_cost_0.4_intro_0.2_4
66,15,A,0,Female,clvr_cost_0.4_intro_0.2_4
67,16,A,0,Female,clvr_cost_0.4_intro_0.2_4
68,17,A,0,Female,clvr_cost_0.4_intro_0.2_4
69,18,A,0,Female,clvr_cost_0.4_intro_0.2_4
70,19,A,0,Female,clvr_cost_0.4_intro_0.2_4
71,20,A,0,Female,clvr_cost_0.4_intro_0.2_4
72,21,A,0,Female,clvr_cost_0.4_intro_0.2_4
73,22,A,0,Female,clvr_cost_0.4_intro_0.2_4
74,23,A,0,Female,clvr_cost_0.4_intro_0.2_4
75,24,A,0,Female,clvr_cost_0.4_intro_0.2_4
76,25,A,0,Female,clvr_cost_0.4_intro_0.2_4
77,26,A,0,Female,clvr_cost_0.4_intro_0.2_4
78,27,A,0,Female,clvr_cost_0.4_intro_0.2_4
79,28,A,0,Female,clvr_cost_0.4_intro_0.2_4
80,29,A,0,Female,clvr_cost_0.4_intro_0.2_4
81,30,A,0,Female,clvr_cost_0.4_intro_0.2_4
82,31,A,0,Female,clvr_cost_0.4_intro_0.2_4
83,32,A,0,Female,clvr_cost_0.4_intro_0.2_4
84,33,A,0,Female,clvr_cost_0.4_intro_0.2_4
85,34,A,0,Female,clvr_cost_0.4_intro_0.2_4
86,35,A,0,Female,clvr_cost_0.4_intro_0.2_4
87,36,A,0,Female,clvr_cost_0.4_intro_0.2_4
88,37,A,0,Female,clvr_cost_0.4_intro_0.2_4
89,38,A,0,Female,clvr_cost_0.4_intro_0.2_4
90,39,A,0,Female,clvr_cost_0.4_intro_0.2_4
91,40,A,0,Female,clvr_cost_0.4_intro_0.2_4
92,41,A,0,Female,clvr_cost_0.4_intro_0.2_4
93,42,A,0,Female,clvr_cost_0.4_intro_0.2_4
94,43,A,0,Female,clvr_cost_0.4_intro_0.2_4
95,44,A,0,Female,clvr_cost_0.4_intro_0.2_4
96,45,A,0,Female,clvr_cost_0.4_intro_0.2_4
97,46,A,0,Female,clvr_cost_0.4_intro_0.2_4
98,47,A,0,Female,clvr_cost_0.4_intro_0.2_4
99,48,A,0,Female,clvr_cost_0.4_intro_0.2_4
100,49,A,0,Female,clvr_cost_0.4_intro_0.2_4
101,50,A,0,Female,clvr_cost_0.4_intro_0.2_4
102,0,V,0,Female,clvr_cost_0.4_intro_0.2_4
103,1,V,1335,Female,clvr_cost_0.4_intro_0.2_4
104,2,V,1438,Female,clvr_cost_0.4_intro_0.2_4
105,3,V,1784,Female,clvr_cost_0.4_intro_0.2_4
106,4,V,2045,Female,clvr_cost_0.4_intro_0.2_4
107,5,V,2329,Female,clvr_cost_0.4_intro_0.2_4
108,6,V,2682,Female,clvr_cost_0.4_intro_0.2_4
109,7,V,3094,Female,clvr_cost_0.4_intro_0.2_4
110,8,V,3579,Female,clvr_cost_0.4_intro_0.2_4
111,9,V,4040,Female,clvr_cost_0.4_intro_0.2_4
112,10,V,4619,Female,clvr_cost_0.4_intro_0.2_4
113,11,V,4938,Female,clvr_cost_0.4_intro_0.2_4
114,12,V,5020,Female,clvr_cost_0.4_intro_0.2_4
115,13,V,5198,Female,clvr_cost_0.4_intro_0.2_4
116,14,V,5004,Female,clvr_cost_0.4_intro_0.2_4
117,15,V,5006,Female,clvr_cost_0.4_intro_0.2_4
118,16,V,4968,Female,clvr_cost_0.4_intro_0.2_4
119,17,V,5154,Female,clvr_cost_0.4_intro_0.2_4
120,18,V,4940,Female,clvr_cost_0.4_intro_0.2_4
121,19,V,4882,Female,clvr_cost_0.4_intro_0.2_4
122,20,V,5040,Female,clvr_cost_0.4_intro_0.2_4
123,21,V,5232,Female,clvr_cost_0.4_intro_0.2_4
124,22,V,5120,Female,clvr_cost_0.4_intro_0.2_4
125,23,V,5074,Female,clvr_cost_0.4_intro_0.2_4
126,24,V,5264,Female,clvr_cost_0.4_intro_0.2_4
127,25,V,5202,Female,clvr_cost_0.4_intro_0.2_4
128,26,V,5134,Female,clvr_cost_0.4_intro_0.2_4
129,27,V,4996,Female,clvr_cost_0.4_intro_0.2_4
130,28,V,5218,Female,clvr_cost_0.4_intro_0.2_4
131,29,V,5194,Female,clvr_cost_0.4_intro_0.2_4
132,30,V,4900,Female,clvr_cost_0.4_intro_0.2_4
133,31,V,4996,Female,clvr_cost_0.4_intro_0.2_4
134,32,V,5068,Female,clvr_cost_0.4_intro_0.2_4
135,33,V,5092,Female,clvr_cost_0.4_intro_0.2_4
136,34,V,5204,Female,clvr_cost_0.4_intro_0.2_4
137,35,V,5112,Female,clvr_cost_0.4_intro_0.2_4
138,36,V,5126,Female,clvr_cost_0.4_intro_0.2_4
139,37,V,5092,Female,clvr_cost_0.4_intro_0.2_4
140,38,V,5158,Female,clvr_cost_0.4_intro_0.2_4
141,39,V,5028,Female,clvr_cost_0.4_intro_0.2_4
142,40,V,5136,Female,clvr_cost_0.4_intro_0.2_4
143,41,V,5098,Female,clvr_cost_0.4_intro_0.2_4
144,42,V,5170,Female,clvr_cost_0.4_intro_0.2_4
145,43,V,5100,Female,clvr_cost_0.4_intro_0.2_4
146,44,V,5064,Female,clvr_cost_0.4_intro_0.2_4
147,45,V,5024,Female,clvr_cost_0.4_intro_0.2_4
148,46,V,5202,Female,clvr_cost_0.4_intro_0.2_4
149,47,V,4994,Female,clvr_cost_0.4_intro_0.2_4
150,48,V,5118,Female,clvr_cost_0.4_intro_0.2_4
151,49,V,5262,Female,clvr_cost_0.4_intro_0.2_4
152,50,V,5132,Female,clvr_cost_0.4_intro_0.2_4
153,0,W,10000,Female,clvr_cost_0.4_intro_0.2_4
154,1,W,7437,Female,clvr_cost_0.4_intro_0.2_4
155,2,W,6108,Female,clvr_cost_0.4_intro_0.2_4
156,3,W,5268,Female,clvr_cost_0.4_intro_0.2_4
157,4,W,4427,Female,clvr_cost_0.4_intro_0.2_4
158,5,W,3387,Female,clvr_cost_0.4_intro_0.2_4
159,6,W,2420,Female,clvr_cost_0.4_intro_0.2_4
160,7,W,1478,Female,clvr_cost_0.4_intro_0.2_4
161,8,W,671,Female,clvr_cost_0.4_intro_0.2_4
162,9,W,176,Female,clvr_cost_0.4_intro_0.2_4
163,10,W,11,Female,clvr_cost_0.4_intro_0.2_4
164,11,W,0,Female,clvr_cost_0.4_intro_0.2_4
165,12,W,0,Female,clvr_cost_0.4_intro_0.2_4
166,13,W,0,Female,clvr_cost_0.4_intro_0.2_4
167,14,W,0,Female,clvr_cost_0.4_intro_0.2_4
168,15,W,0,Female,clvr_cost_0.4_intro_0.2_4
169,16,W,0,Female,clvr_cost_0.4_intro_0.2_4
170,17,W,0,Female,clvr_cost_0.4_intro_0.2_4
171,18,W,0,Female,clvr_cost_0.4_intro_0.2_4
172,19,W,0,Female,clvr_cost_0.4_intro_0.2_4
173,20,W,0,Female,clvr_cost_0.4_intro_0.2_4
174,21,W,0,Female,clvr_cost_0.4_intro_0.2_4
175,22,W,0,Female,clvr_cost_0.4_intro_0.2_4
176,23,W,0,Female,clvr_cost_0.4_intro_0.2_4
177,24,W,0,Female,clvr_cost_0.4_intro_0.2_4
178,25,W,0,Female,clvr_cost_0.4_intro_0.2_4
179,26,W,0,Female,clvr_cost_0.4_intro_0.2_4
180,27,W,0,Female,clvr_cost_0.4_intro_0.2_4
181,28,W,0,Female,clvr_cost_0.4_intro_0.2_4
182,29,W,0,Female,clvr_cost_0.4_intro_0.2_4
183,30,W,0,Female,clvr_cost_0.4_intro_0.2_4
184,31,W,0,Female,clvr_cost_0.4_intro_0.2_4
185,32,W,0,Female,clvr_cost_0.4_intro_0.2_4
186,33,W,0,Female,clvr_cost_0.4_intro_0.2_4
187,34,W,0,Female,clvr_cost_0.4_intro_0.2_4
188,35,W,0,Female,clvr_cost_0.4_intro_0.2_4
189,36,W,0,Female,clvr_cost_0.4_intro_0.2_4
190,37,W,0,Female,clvr_cost_0.4_intro_0.2_4
191,38,W,0,Female,clvr_cost_0.4_intro_0.2_4
192,39,W,0,Female,clvr_cost_0.4_intro_0.2_4
193,40,W,0,Female,clvr_cost_0.4_intro_0.2_4
194,41,W,0,Female,clvr_cost_0.4_intro_0.2_4
195,42,W,0,Female,clvr_cost_0.4_intro_0.2_4
196,43,W,0,Female,clvr_cost_0.4_intro_0.2_4
197,44,W,0,Female,clvr_cost_0.4_intro_0.2_4
198,45,W,0,Female,clvr_cost_0.4_intro_0.2_4
199,46,W,0,Female,clvr_cost_0.4_intro_0.2_4
200,47,W,0,Female,clvr_cost_0.4_intro_0.2_4
201,48,W,0,Female,clvr_cost_0.4_intro_0.2_4
202,49,W,0,Female,clvr_cost_0.4_intro_0.2_4
203,50,W,0,Female,clvr_cost_0.4_intro_0.2_4
204,0,C,4000,Male,clvr_cost_0.4_intro_0.2_4
205,1,C,1252,Male,clvr_cost_0.4_intro_0.2_4
206,2,C,1443,Male,clvr_cost_0.4_intro_0.2_4
207,3,C,1736,Male,clvr_cost_0.4_intro_0.2_4
208,4,C,2028,Male,clvr_cost_0.4_intro_0.2_4
209,5,C,2391,Male,clvr_cost_0.4_intro_0.2_4
210,6,C,2656,Male,clvr_cost_0.4_intro_0.2_4
211,7,C,3088,Male,clvr_cost_0.4_intro_0.2_4
212,8,C,3571,Male,clvr_cost_0.4_intro_0.2_4
213,9,C,4223,Male,clvr_cost_0.4_intro_0.2_4
214,10,C,4689,Male,clvr_cost_0.4_intro_0.2_4
215,11,C,5080,Male,clvr_cost_0.4_intro_0.2_4
216,12,C,5188,Male,clvr_cost_0.4_intro_0.2_4
217,13,C,5270,Male,clvr_cost_0.4_intro_0.2_4
218,14,C,5276,Male,clvr_cost_0.4_intro_0.2_4
219,15,C,5036,Male,clvr_cost_0.4_intro_0.2_4
220,16,C,5274,Male,clvr_cost_0.4_intro_0.2_4
221,17,C,5240,Male,clvr_cost_0.4_intro_0.2_4
222,18,C,5184,Male,clvr_cost_0.4_intro_0.2_4
223,19,C,5154,Male,clvr_cost_0.4_intro_0.2_4
224,20,C,5068,Male,clvr_cost_0.4_intro_0.2_4
225,21,C,5240,Male,clvr_cost_0.4_intro_0.2_4
226,22,C,5242,Male,clvr_cost_0.4_intro_0.2_4
227,23,C,5144,Male,clvr_cost_0.4_intro_0.2_4
228,24,C,5300,Male,clvr_cost_0.4_intro_0.2_4
229,25,C,5296,Male,clvr_cost_0.4_intro_0.2_4
230,26,C,5260,Male,clvr_cost_0.4_intro_0.2_4
231,27,C,5056,Male,clvr_cost_0.4_intro_0.2_4
232,28,C,5364,Male,clvr_cost_0.4_intro_0.2_4
233,29,C,5286,Male,clvr_cost_0.4_intro_0.2_4
234,30,C,5284,Male,clvr_cost_0.4_intro_0.2_4
235,31,C,5058,Male,clvr_cost_0.4_intro_0.2_4
236,32,C,5296,Male,clvr_cost_0.4_intro_0.2_4
237,33,C,5160,Male,clvr_cost_0.4_intro_0.2_4
238,34,C,5298,Male,clvr_cost_0.4_intro_0.2_4
239,35,C,5372,Male,clvr_cost_0.4_intro_0.2_4
240,36,C,5154,Male,clvr_cost_0.4_intro_0.2_4
241,37,C,5198,Male,clvr_cost_0.4_intro_0.2_4
242,38,C,5164,Male,clvr_cost_0.4_intro_0.2_4
243,39,C,5230,Male,clvr_cost_0.4_intro_0.2_4
244,40,C,5164,Male,clvr_cost_0.4_intro_0.2_4
245,41,C,5188,Male,clvr_cost_0.4_intro_0.2_4
246,42,C,5208,Male,clvr_cost_0.4_intro_0.2_4
247,43,C,5210,Male,clvr_cost_0.4_intro_0.2_4
248,44,C,5276,Male,clvr_cost_0.4_intro_0.2_4
249,45,C,5178,Male,clvr_cost_0.4_intro_0.2_4
250,46,C,5216,Male,clvr_cost_0.4_intro_0.2_4
251,47,C,5286,Male,clvr_cost_0.4_intro_0.2_4
252,48,C,5190,Male,clvr_cost_0.4_intro_0.2_4
253,49,C,5380,Male,clvr_cost_0.4_intro_0.2_4
254,50,C,5226,Male,clvr_cost_0.4_intro_0.2_4
255,0,A,10000,Male,clvr_cost_0.4_intro_0.2_4
256,1,A,7530,Male,clvr_cost_0.4_intro_0.2_4
257,2,A,6117,Male,clvr_cost_0.4_intro_0.2_4
258,3,A,5464,Male,clvr_cost_0.4_intro_0.2_4
259,4,A,4578,Male,clvr_cost_0.4_intro_0.2_4
260,5,A,3651,Male,clvr_cost_0.4_intro_0.2_4
261,6,A,2500,Male,clvr_cost_0.4_intro_0.2_4
262,7,A,1568,Male,clvr_cost_0.4_intro_0.2_4
263,8,A,737,Male,clvr_cost_0.4_intro_0.2_4
264,9,A,175,Male,clvr_cost_0.4_intro_0.2_4
265,10,A,31,Male,clvr_cost_0.4_intro_0.2_4
266,11,A,2,Male,clvr_cost_0.4_intro_0.2_4
267,12,A,0,Male,clvr_cost_0.4_intro_0.2_4
268,13,A,0,Male,clvr_cost_0.4_intro_0.2_4
269,14,A,0,Male,clvr_cost_0.4_intro_0.2_4
270,15,A,0,Male,clvr_cost_0.4_intro_0.2_4
271,16,A,0,Male,clvr_cost_0.4_intro_0.2_4
272,17,A,0,Male,clvr_cost_0.4_intro_0.2_4
273,18,A,0,Male,clvr_cost_0.4_intro_0.2_4
274,19,A,0,Male,clvr_cost_0.4_intro_0.2_4
275,20,A,0,Male,clvr_cost_0.4_intro_0.2_4
276,21,A,0,Male,clvr_cost_0.4_intro_0.2_4
277,22,A,0,Male,clvr_cost_0.4_intro_0.2_4
278,23,A,0,Male,clvr_cost_0.4_intro_0.2_4
279,24,A,0,Male,clvr_cost_0.4_intro_0.2_4
280,25,A,0,Male,clvr_cost_0.4_intro_0.2_4
281,26,A,0,Male,clvr_cost_0.4_intro_0.2_4
282,27,A,0,Male,clvr_cost_0.4_intro_0.2_4
283,28,A,0,Male,clvr_cost_0.4_intro_0.2_4
284,29,A,0,Male,clvr_cost_0.4_intro_0.2_4
285,30,A,0,Male,clvr_cost_0.4_intro_0.2_4
286,31,A,0,Male,clvr_cost_0.4_intro_0.2_4
287,32,A,0,Male,clvr_cost_0.4_intro_0.2_4
288,33,A,0,Male,clvr_cost_0.4_intro_0.2_4
289,34,A,0,Male,clvr_cost_0.4_intro_0.2_4
290,35,A,0,Male,clvr_cost_0.4_intro_0.2_4
291,36,A,0,Male,clvr_cost_0.4_intro_0.2_4
292,37,A,0,Male,clvr_cost_0.4_intro_0.2_4
293,38,A,0,Male,clvr_cost_0.4_intro_0.2_4
294,39,A,0,Male,clvr_cost_0.4_intro_0.2_4
295,40,A,0,Male,clvr_cost_0.4_intro_0.2_4
296,41,A,0,Male,clvr_cost_0.4_intro_0.2_4
297,42,A,0,Male,clvr_cost_0.4_intro_0.2_4
298,43,A,0,Male,clvr_cost_0.4_intro_0.2_4
299,44,A,0,Male,clvr_cost_0.4_intro_0.2_4
300,45,A,0,Male,clvr_cost_0.4_intro_0.2_4
301,46,A,0,Male,clvr_cost_0.4_intro_0.2_4
302,47,A,0,Male,clvr_cost_0.4_intro_0.2_4
303,48,A,0,Male,clvr_cost_0.4_intro_0.2_4
304,49,A,0,Male,clvr_cost_0.4_intro_0.2_4
305,50,A,0,Male,clvr_cost_0.4_intro_0.2_4
306,0,V,4000,Male,clvr_cost_0.4_intro_0.2_4
307,1,V,1252,Male,clvr_cost_0.4_intro_0.2_4
308,2,V,1477,Male,clvr_cost_0.4_intro_0.2_4
309,3,V,1767,Male,clvr_cost_0.4_intro_0.2_4
310,4,V,2076,Male,clvr_cost_0.4_intro_0.2_4
311,5,V,2440,Male,clvr_cost_0.4_intro_0.2_4
312,6,V,2704,Male,clvr_cost_0.4_intro_0.2_4
313,7,V,3136,Male,clvr_cost_0.4_intro_0.2_4
314,8,V,3610,Male,clvr_cost_0.4_intro_0.2_4
315,9,V,4244,Male,clvr_cost_0.4_intro_0.2_4
316,10,V,4701,Male,clvr_cost_0.4_intro_0.2_4
317,11,V,5081,Male,clvr_cost_0.4_intro_0.2_4
318,12,V,5188,Male,clvr_cost_0.4_intro_0.2_4
319,13,V,5270,Male,clvr_cost_0.4_intro_0.2_4
320,14,V,5276,Male,clvr_cost_0.4_intro_0.2_4
321,15,V,5036,Male,clvr_cost_0.4_intro_0.2_4
322,16,V,5274,Male,clvr_cost_0.4_intro_0.2_4
323,17,V,5240,Male,clvr_cost_0.4_intro_0.2_4
324,18,V,5184,Male,clvr_cost_0.4_intro_0.2_4
325,19,V,5154,Male,clvr_cost_0.4_intro_0.2_4
326,20,V,5068,Male,clvr_cost_0.4_intro_0.2_4
327,21,V,5240,Male,clvr_cost_0.4_intro_0.2_4
328,22,V,5242,Male,clvr_cost_0.4_intro_0.2_4
329,23,V,5144,Male,clvr_cost_0.4_intro_0.2_4
330,24,V,5300,Male,clvr_cost_0.4_intro_0.2_4
331,25,V,5296,Male,clvr_cost_0.4_intro_0.2_4
332,26,V,5260,Male,clvr_cost_0.4_intro_0.2_4
333,27,V,5056,Male,clvr_cost_0.4_intro_0.2_4
334,28,V,5364,Male,clvr_cost_0.4_intro_0.2_4
335,29,V,5286,Male,clvr_cost_0.4_intro_0.2_4
336,30,V,5284,Male,clvr_cost_0.4_intro_0.2_4
337,31,V,5058,Male,clvr_cost_0.4_intro_0.2_4
338,32,V,5296,Male,clvr_cost_0.4_intro_0.2_4
339,33,V,5160,Male,clvr_cost_0.4_intro_0.2_4
340,34,V,5298,Male,clvr_cost_0.4_intro_0.2_4
341,35,V,5372,Male,clvr_cost_0.4_intro_0.2_4
342,36,V,5154,Male,clvr_cost_0.4_intro_0.2_4
343,37,V,5198,Male,clvr_cost_0.4_intro_0.2_4
344,38,V,5164,Male,clvr_cost_0.4_intro_0.2_4
345,39,V,5230,Male,clvr_cost_0.4_intro_0.2_4
346,40,V,5164,Male,clvr_cost_0.4_intro_0.2_4
347,41,V,5188,Male,clvr_cost_0.4_intro_0.2_4
348,42,V,5208,Male,clvr_cost_0.4_intro_0.2_4
349,43,V,5210,Male,clvr_cost_0.4_intro_0.2_4
350,44,V,5276,Male,clvr_cost_0.4_intro_0.2_4
351,45,V,5178,Male,clvr_cost_0.4_intro_0.2_4
352,46,V,5216,Male,clvr_cost_0.4_intro_0.2_4
353,47,V,5286,Male,clvr_cost_0.4_intro_0.2_4
354,48,V,5190,Male,clvr_cost_0.4_intro_0.2_4
355,49,V,5380,Male,clvr_cost_0.4_intro_0.2_4
356,50,V,5226,Male,clvr_cost_0.4_intro_0.2_4
357,0,W,10000,Male,clvr_cost_0.4_intro_0.2_4
358,1,W,7530,Male,clvr_cost_0.4_intro_0.2_4
359,2,W,6083,Male,clvr_cost_0.4_intro_0.2_4
360,3,W,5433,Male,clvr_cost_0.4_intro_0.2_4
361,4,W,4530,Male,clvr_cost_0.4_intro_0.2_4
362,5,W,3602,Male,clvr_cost_0.4_intro_0.2_4
363,6,W,2452,Male,clvr_cost_0.4_intro_0.2_4
364,7,W,1520,Male,clvr_cost_0.4_intro_0.2_4
365,8,W,698,Male,clvr_cost_0.4_intro_0.2_4
366,9,W,154,Male,clvr_cost_0.4_intro_0.2_4
367,10,W,19,Male,clvr_cost_0.4_intro_0.2_4
368,11,W,1,Male,clvr_cost_0.4_intro_0.2_4
369,12,W,0,Male,clvr_cost_0.4_intro_0.2_4
370,13,W,0,Male,clvr_cost_0.4_intro_0.2_4
371,14,W,0,Male,clvr_cost_0.4_intro_0.2_4
372,15,W,0,Male,clvr_cost_0.4_intro_0.2_4
373,16,W,0,Male,clvr_cost_0.4_intro_0.2_4
374,17,W,0,Male,clvr_cost_0.4_intro_0.2_4
375,18,W,0,Male,clvr_cost_0.4_intro_0.2_4
376,19,W,0,Male,clvr_cost_0.4_intro_0.2_4
377,20,W,0,Male,clvr_cost_0.4_intro_0.2_4
378,21,W,0,Male,clvr_cost_0.4_intro_0.2_4
379,22,W,0,Male,clvr_cost_0.4_intro_0.2_4
380,23,W,0,Male,clvr_cost_0.4_intro_0.2_4
381,24,W,0,Male,clvr_cost_0.4_intro_0.2_4
382,25,W,0,Male,clvr_cost_0.4_intro_0.2_4
383,26,W,0,Male,clvr_cost_0.4_intro_0.2_4
384,27,W,0,Male,clvr_cost_0.4_intro_0.2_4
385,28,W,0,Male,clvr_cost_0.4_intro_0.2_4
386,29,W,0,Male,clvr_cost_0.4_intro_0.2_4
387,30,W,0,Male,clvr_cost_0.4_intro_0.2_4
388,31,W,0,Male,clvr_cost_0.4_intro_0.2_4
389,32,W,0,Male,clvr_cost_0.4_intro_0.2_4
390,33,W,0,Male,clvr_cost_0.4_intro_0.2_4
391,34,W,0,Male,clvr_cost_0.4_intro_0.2_4
392,35,W,0,Male,clvr_cost_0.4_intro_0.2_4
393,36,W,0,Male,clvr_cost_0.4_intro_0.2_4
394,37,W,0,Male,clvr_cost_0.4_intro_0.2_4
395,38,W,0,Male,clvr_cost_0.4_intro_0.2_4
396,39,W,0,Male,clvr_cost_0.4_intro_0.2_4
397,40,W,0,Male,clvr_cost_0.4_intro_0.2_4
398,41,W,0,Male,clvr_cost_0.4_intro_0.2_4
399,42,W,0,Male,clvr_cost_0.4_intro_0.2_4
400,43,W,0,Male,clvr_cost_0.4_intro_0.2_4
401,44,W,0,Male,clvr_cost_0.4_intro_0.2_4
402,45,W,0,Male,clvr_cost_0.4_intro_0.2_4
403,46,W,0,Male,clvr_cost_0.4_intro_0.2_4
404,47,W,0,Male,clvr_cost_0.4_intro_0.2_4
405,48,W,0,Male,clvr_cost_0.4_intro_0.2_4
406,49,W,0,Male,clvr_cost_0.4_intro_0.2_4
407,50,W,0,Male,clvr_cost_0.4_intro_0.2_4
,Generation,Allele,Count,Sex,Run
0,0,C,0,Female,clvr_cost_0.4_intro_0.2_5
1,1,C,1235,Female,clvr_cost_0.4_intro_0.2_5
2,2,C,1373,Female,clvr_cost_0.4_intro_0.2_5
3,3,C,1689,Female,clvr_cost_0.4_intro_0.2_5
4,4,C,1900,Female,clvr_cost_0.4_intro_0.2_5
5,5,C,2266,Female,clvr_cost_0.4_intro_0.2_5
6,6,C,2694,Female,clvr_cost_0.4_intro_0.2_5
7,7,C,2991,Female,clvr_cost_0.4_intro_0.2_5
8,8,C,3427,Female,clvr_cost_0.4_intro_0.2_5
9,9,C,4100,Female,clvr_cost_0.4_intro_0.2_5
10,10,C,4739,Female,clvr_cost_0.4_intro_0.2_5
11,11,C,5112,Female,clvr_cost_0.4_intro_0.2_5
12,12,C,5000,Female,clvr_cost_0.4_intro_0.2_5
13,13,C,5000,Female,clvr_cost_0.4_intro_0.2_5
14,14,C,4952,Female,clvr_cost_0.4_intro_0.2_5
15,15,C,4896,Female,clvr_cost_0.4_intro_0.2_5
16,16,C,4928,Female,clvr_cost_0.4_intro_0.2_5
17,17,C,5134,Female,clvr_cost_0.4_intro_0.2_5
18,18,C,5178,Female,clvr_cost_0.4_intro_0.2_5
19,19,C,5164,Female,clvr_cost_0.4_intro_0.2_5
20,20,C,5148,Female,clvr_cost_0.4_intro_0.2_5
21,21,C,5090,Female,clvr_cost_0.4_intro_0.2_5
22,22,C,5044,Female,clvr_cost_0.4_intro_0.2_5
23,23,C,5096,Female,clvr_cost_0.4_intro_0.2_5
24,24,C,5046,Female,clvr_cost_0.4_intro_0.2_5
25,25,C,5032,Female,clvr_cost_0.4_intro_0.2_5
26,26,C,5062,Female,clvr_cost_0.4_intro_0.2_5
27,27,C,5136,Female,clvr_cost_0.4_intro_0.2_5
28,28,C,5156,Female,clvr_cost_0.4_intro_0.2_5
29,29,C,5218,Female,clvr_cost_0.4_intro_0.2_5
30,30,C,5342,Female,clvr_cost_0.4_intro_0.2_5
31,31,C,5330,Female,clvr_cost_0.4_intro_0.2_5
32,32,C,5470,Female,clvr_cost_0.4_intro_0.2_5
33,33,C,5196,Female,clvr_cost_0.4_intro_0.2_5
34,34,C,5054,Female,clvr_cost_0.4_intro_0.2_5
35,35,C,5006,Female,clvr_cost_0.4_intro_0.2_5
36,36,C,5058,Female,clvr_cost_0.4_intro_0.2_5
37,37,C,5190,Female,clvr_cost_0.4_intro_0.2_5
38,38,C,5122,Female,clvr_cost_0.4_intro_0.2_5
39,39,C,5332,Female,clvr_cost_0.4_intro_0.2_5
40,40,C,5210,Female,clvr_cost_0.4_intro_0.2_5
41,41,C,5268,Female,clvr_cost_0.4_intro_0.2_5
42,42,C,5150,Female,clvr_cost_0.4_intro_0.2_5
43,43,C,5010,Female,clvr_cost_0.4_intro_0.2_5
44,44,C,5106,Female,clvr_cost_0.4_intro_0.2_5
45,45,C,5120,Female,clvr_cost_0.4_intro_0.2_5
46,46,C,5128,Female,clvr_cost_0.4_intro_0.2_5
47,47,C,5136,Female,clvr_cost_0.4_intro_0.2_5
48,48,C,5158,Female,clvr_cost_0.4_intro_0.2_5
49,49,C,5228,Female,clvr_cost_0.4_intro_0.2_5
50,50,C,5052,Female,clvr_cost_0.4_intro_0.2_5
51,0,A,10000,Female,clvr_cost_0.4_intro_0.2_5
52,1,A,7459,Female,clvr_cost_0.4_intro_0.2_5
53,2,A,6047,Female,clvr_cost_0.4_intro_0.2_5
54,3,A,5247,Female,clvr_cost_0.4_intro_0.2_5
55,4,A,4292,Female,clvr_cost_0.4_intro_0.2_5
56,5,A,3528,Female,clvr_cost_0.4_intro_0.2_5
57,6,A,2602,Female,clvr_cost_0.4_intro_0.2_5
58,7,A,1591,Female,clvr_cost_0.4_intro_0.2_5
59,8,A,769,Female,clvr_cost_0.4_intro_0.2_5
60,9,A,202,Female,clvr_cost_0.4_intro_0.2_5
61,10,A,29,Female,clvr_cost_0.4_intro_0.2_5
62,11,A,2,Female,clvr_cost_0.4_intro_0.2_5
63,12,A,0,Female,clvr_cost_0.4_intro_0.2_5
64,13,A,0,Female,clvr_cost_0.4_intro_0.2_5
65,14,A,0,Female,clvr_cost_0.4_intro_0.2_5
66,15,A,0,Female,clvr_cost_0.4_intro_0.2_5
67,16,A,0,Female,clvr_cost_0.4_intro_0.2_5
68,17,A,0,Female,clvr_cost_0.4_intro_0.2_5
69,18,A,0,Female,clvr_cost_0.4_intro_0.2_5
70,19,A,0,Female,clvr_cost_0.4_intro_0.2_5
71,20,A,0,Female,clvr_cost_0.4_intro_0.2_5
72,21,A,0,Female,clvr_cost_0.4_intro_0.2_5
73,22,A,0,Female,clvr_cost_0.4_intro_0.2_5
74,23,A,0,Female,clvr_cost_0.4_intro_0.2_5
75,24,A,0,Female,clvr_cost_0.4_intro_0.2_5
76,25,A,0,Female,clvr_cost_0.4_intro_0.2_5
77,26,A,0,Female,clvr_cost_0.4_intro_0.2_5
78,27,A,0,Female,clvr_cost_0.4_intro_0.2_5
79,28,A,0,Female,clvr_cost_0.4_intro_0.2_5
80,29,A,0,Female,clvr_cost_0.4_intro_0.2_5
81,30,A,0,Female,clvr_cost_0.4_intro_0.2_5
82,31,A,0,Female,clvr_cost_0.4_intro_0.2_5
83,32,A,0,Female,clvr_cost_0.4_intro_0.2_5
84,33,A,0,Female,clvr_cost_0.4_intro_0.2_5
85,34,A,0,Female,clvr_cost_0.4_intro_0.2_5
86,35,A,0,Female,clvr_cost_0.4_intro_0.2_5
87,36,A,0,Female,clvr_cost_0.4_intro_0.2_5
88,37,A,0,Female,clvr_cost_0.4_intro_0.2_5
89,38,A,0,Female,clvr_cost_0.4_intro_0.2_5
90,39,A,0,Female,clvr_cost_0.4_intro_0.2_5
91,40,A,0,Female,clvr_cost_0.4_intro_0.2_5
92,41,A,0,Female,clvr_cost_0.4_intro_0.2_5
93,42,A,0,Female,clvr_cost_0.4_intro_0.2_5
94,43,A,0,Female,clvr_cost_0.4_intro_0.2_5
95,44,A,0,Female,clvr_cost_0.4_intro_0.2_5
96,45,A,0,Female,clvr_cost_0.4_intro_0.2_5
97,46,A,0,Female,clvr_cost_0.4_intro_0.2_5
98,47,A,0,Female,clvr_cost_0.4_intro_0.2_5
99,48,A,0,Female,clvr_cost_0.4_intro_0.2_5
100,49,A,0,Female,clvr_cost_0.4_intro_0.2_5
101,50,A,0,Female,clvr_cost_0.4_intro_0.2_5
102,0,V,0,Female,clvr_cost_0.4_intro_0.2_5
103,1,V,1235,Female,clvr_cost_0.4_intro_0.2_5
104,2,V,1409,Female,clvr_cost_0.4_intro_0.2_5
105,3,V,1730,Female,clvr_cost_0.4_intro_0.2_5
106,4,V,1947,Female,clvr_cost_0.4_intro_0.2_5
107,5,V,2316,Female,clvr_cost_0.4_intro_0.2_5
108,6,V,2741,Female,clvr_cost_0.4_intro_0.2_5
109,7,V,3059,Female,clvr_cost_0.4_intro_0.2_5
110,8,V,3457,Female,clvr_cost_0.4_intro_0.2_5
111,9,V,4128,Female,clvr_cost_0.4_intro_0.2_5
112,10,V,4745,Female,clvr_cost_0.4_intro_0.2_5
113,11,V,5113,Female,clvr_cost_0.4_intro_0.2_5
114,12,V,5000,Female,clvr_cost_0.4_intro_0.2_5
115,13,V,5000,Female,clvr_cost_0.4_intro_0.2_5
116,14,V,4952,Female,clvr_cost_0.4_intro_0.2_5
117,15,V,4896,Female,clvr_cost_0.4_intro_0.2_5
118,16,V,4928,Female,clvr_cost_0.4_intro_0.2_5
119,17,V,5134,Female,clvr_cost_0.4_intro_0.2_5
120,18,V,5178,Female,clvr_cost_0.4_intro_0.2_5
121,19,V,5164,Female,clvr_cost_0.4_intro_0.2_5
122,20,V,5148,Female,clvr_cost_0.4_intro_0.2_5
123,21,V,5090,Female,clvr_cost_0.4_intro_0.2_5
124,22,V,5044,Female,clvr_cost_0.4_intro_0.2_5
125,23,V,5096,Female,clvr_cost_0.4_intro_0.2_5
126,24,V,5046,Female,clvr_cost_0.4_intro_0.2_5
127,25,V,5032,Female,clvr_cost_0.4_intro_0.2_5
128,26,V,5062,Female,clvr_cost_0.4_intro_0.2_5
129,27,V,5136,Female,clvr_cost_0.4_intro_0.2_5
130,28,V,5156,Female,clvr_cost_0.4_intro_0.2_5
131,29,V,5218,Female,clvr_cost_0.4_intro_0.2_5
132,30,V,5342,Female,clvr_cost_0.4_intro_0.2_5
133,31,V,5330,Female,clvr_cost_0.4_intro_0.2_5
134,32,V,5470,Female,clvr_cost_0.4_intro_0.2_5
135,33,V,5196,Female,clvr_cost_0.4_intro_0.2_5
136,34,V,5054,Female,clvr_cost_0.4_intro_0.2_5
137,35,V,5006,Female,clvr_cost_0.4_intro_0.2_5
138,36,V,5058,Female,clvr_cost_0.4_intro_0.2_5
139,37,V,5190,Female,clvr_cost_0.4_intro_0.2_5
140,38,V,5122,Female,clvr_cost_0.4_intro_0.2_5
141,39,V,5332,Female,clvr_cost_0.4_intro_0.2_5
142,40,V,5210,Female,clvr_cost_0.4_intro_0.2_5
143,41,V,5268,Female,clvr_cost_0.4_intro_0.2_5
144,42,V,5150,Female,clvr_cost_0.4_intro_0.2_5
145,43,V,5010,Female,clvr_cost_0.4_intro_0.2_5
146,44,V,5106,Female,clvr_cost_0.4_intro_0.2_5
147,45,V,5120,Female,clvr_cost_0.4_intro_0.2_5
148,46,V,5128,Female,clvr_cost_0.4_intro_0.2_5
149,47,V,5136,Female,clvr_cost_0.4_intro_0.2_5
150,48,V,5158,Female,clvr_cost_0.4_intro_0.2_5
151,49,V,5228,Female,clvr_cost_0.4_intro_0.2_5
152,50,V,5052,Female,clvr_cost_0.4_intro_0.2_5
153,0,W,10000,Female,clvr_cost_0.4_intro_0.2_5
154,1,W,7459,Female,clvr_cost_0.4_intro_0.2_5
155,2,W,6011,Female,clvr_cost_0.4_intro_0.2_5
156,3,W,5206,Female,clvr_cost_0.4_intro_0.2_5
157,4,W,4245,Female,clvr_cost_0.4_intro_0.2_5
158,5,W,3478,Female,clvr_cost_0.4_intro_0.2_5
159,6,W,2555,Female,clvr_cost_0.4_intro_0.2_5
160,7,W,1523,Female,clvr_cost_0.4_intro_0.2_5
161,8,W,739,Female,clvr_cost_0.4_intro_0.2_5
162,9,W,174,Female,clvr_cost_0.4_intro_0.2_5
163,10,W,23,Female,clvr_cost_0.4_intro_0.2_5
164,11,W,1,Female,clvr_cost_0.4_intro_0.2_5
165,12,W,0,Female,clvr_cost_0.4_intro_0.2_5
166,13,W,0,Female,clvr_cost_0.4_intro_0.2_5
167,14,W,0,Female,clvr_cost_0.4_intro_0.2_5
168,15,W,0,Female,clvr_cost_0.4_intro_0.2_5
169,16,W,0,Female,clvr_cost_0.4_intro_0.2_5
170,17,W,0,Female,clvr_cost_0.4_intro_0.2_5
171,18,W,0,Female,clvr_cost_0.4_intro_0.2_5
172,19,W,0,Female,clvr_cost_0.4_intro_0.2_5
173,20,W,0,Female,clvr_cost_0.4_intro_0.2_5
174,21,W,0,Female,clvr_cost_0.4_intro_0.2_5
175,22,W,0,Female,clvr_cost_0.4_intro_0.2_5
176,23,W,0,Female,clvr_cost_0.4_intro_0.2_5
177,24,W,0,Female,clvr_cost_0.4_intro_0.2_5
178,25,W,0,Female,clvr_cost_0.4_intro_0.2_5
179,26,W,0,Female,clvr_cost_0.4_intro_0.2_5
180,27,W,0,Female,clvr_cost_0.4_intro_0.2_5
181,28,W,0,Female,clvr_cost_0.4_intro_0.2_5
182,29,W,0,Female,clvr_cost_0.4_intro_0.2_5
183,30,W,0,Female,clvr_cost_0.4_intro_0.2_5
184,31,W,0,Female,clvr_cost_0.4_intro_0.2_5
185,32,W,0,Female,clvr_cost_0.4_intro_0.2_5
186,33,W,0,Female,clvr_cost_0.4_intro_0.2_5
187,34,W,0,Female,clvr_cost_0.4_intro_0.2_5
188,35,W,0,Female,clvr_cost_0.4_intro_0.2_5
189,36,W,0,Female,clvr_cost_0.4_intro_0.2_5
190,37,W,0,Female,clvr_cost_0.4_intro_0.2_5
191,38,W,0,Female,clvr_cost_0.4_intro_0.2_5
192,39,W,0,Female,clvr_cost_0.4_intro_0.2_5
193,40,W,0,Female,clvr_cost_0.4_intro_0.2_5
194,41,W,0,Female,clvr_cost_0.4_intro_0.2_5
195,42,W,0,Female,clvr_cost_0.4_intro_0.2_5
196,43,W,0,Female,clvr_cost_0.4_intro_0.2_5
197,44,W,0,Female,clvr_cost_0.4_intro_0.2_5
198,45,W,0,Female,clvr_cost_0.4_intro_0.2_5
199,46,W,0,Female,clvr_cost_0.4_intro_0.2_5
200,47,W,0,Female,clvr_cost_0.4_intro_0.2_5
201,48,W,0,Female,clvr_cost_0.4_intro_0.2_5
202,49,W,0,Female,clvr_cost_0.4_intro_0.2_5
203,50,W,0,Female,clvr_cost_0.4_intro_0.2_5
204,0,C,4000,Male,clvr_cost_0.4_intro_0.2_5
205,1,C,1236,Male,clvr_cost_0.4_intro_0.2_5
206,2,C,1401,Male,clvr_cost_0.4_intro_0.2_5
207,3,C,1677,Male,clvr_cost_0.4_intro_0.2_5
208,4,C,1992,Male,clvr_cost_0.4_intro_0.2_5
209,5,C,2269,Male,clvr_cost_0.4_intro_0.2_5
210,6,C,2722,Male,clvr_cost_0.4_intro_0.2_5
211,7,C,3100,Male,clvr_cost_0.4_intro_0.2_5
212,8,C,3486,Male,clvr_cost_0.4_intro_0.2_5
213,9,C,4122,Male,clvr_cost_0.4_intro_0.2_5
214,10,C,4834,Male,clvr_cost_0.4_intro_0.2_5
215,11,C,5153,Male,clvr_cost_0.4_intro_0.2_5
216,12,C,5290,Male,clvr_cost_0.4_intro_0.2_5
217,13,C,5058,Male,clvr_cost_0.4_intro_0.2_5
218,14,C,5146,Male,clvr_cost_0.4_intro_0.2_5
219,15,C,5184,Male,clvr_cost_0.4_intro_0.2_5
220,16,C,5098,Male,clvr_cost_0.4_intro_0.2_5
221,17,C,5240,Male,clvr_cost_0.4_intro_0.2_5
222,18,C,5272,Male,clvr_cost_0.4_intro_0.2_5
223,19,C,5256,Male,clvr_cost_0.4_intro_0.2_5
224,20,C,5200,Male,clvr_cost_0.4_intro_0.2_5
225,21,C,5318,Male,clvr_cost_0.4_intro_0.2_5
226,22,C,5074,Male,clvr_cost_0.4_intro_0.2_5
227,23,C,5274,Male,clvr_cost_0.4_intro_0.2_5
228,24,C,5208,Male,clvr_cost_0.4_intro_0.2_5
229,25,C,5108,Male,clvr_cost_0.4_intro_0.2_5
230,26,C,5200,Male,clvr_cost_0.4_intro_0.2_5
231,27,C,5170,Male,clvr_cost_0.4_intro_0.2_5
232,28,C,5238,Male,clvr_cost_0.4_intro_0.2_5
233,29,C,5244,Male,clvr_cost_0.4_intro_0.2_5
234,30,C,5344,Male,clvr_cost_0.4_intro_0.2_5
235,31,C,5334,Male,clvr_cost_0.4_intro_0.2_5
236,32,C,5540,Male,clvr_cost_0.4_intro_0.2_5
237,33,C,5282,Male,clvr_cost_0.4_intro_0.2_5
238,34,C,5206,Male,clvr_cost_0.4_intro_0.2_5
239,35,C,5158,Male,clvr_cost_0.4_intro_0.2_5
240,36,C,5094,Male,clvr_cost_0.4_intro_0.2_5
241,37,C,5354,Male,clvr_cost_0.4_intro_0.2_5
242,38,C,5176,Male,clvr_cost_0.4_intro_0.2_5
243,39,C,5332,Male,clvr_cost_0.4_intro_0.2_5
244,40,C,5238,Male,clvr_cost_0.4_intro_0.2_5
245,41,C,5324,Male,clvr_cost_0.4_intro_0.2_5
246,42,C,5270,Male,clvr_cost_0.4_intro_0.2_5
247,43,C,5220,Male,clvr_cost_0.4_intro_0.2_5
248,44,C,5142,Male,clvr_cost_0.4_intro_0.2_5
249,45,C,5322,Male,clvr_cost_0.4_intro_0.2_5
250,46,C,5190,Male,clvr_cost_0.4_intro_0.2_5
251,47,C,5270,Male,clvr_cost_0.4_intro_0.2_5
252,48,C,5176,Male,clvr_cost_0.4_intro_0.2_5
253,49,C,5398,Male,clvr_cost_0.4_intro_0.2_5
254,50,C,5346,Male,clvr_cost_0.4_intro_0.2_5
255,0,A,10000,Male,clvr_cost_0.4_intro_0.2_5
256,1,A,7602,Male,clvr_cost_0.4_intro_0.2_5
257,2,A,6319,Male,clvr_cost_0.4_intro_0.2_5
258,3,A,5379,Male,clvr_cost_0.4_intro_0.2_5
259,4,A,4570,Male,clvr_cost_0.4_intro_0.2_5
260,5,A,3653,Male,clvr_cost_0.4_intro_0.2_5
261,6,A,2696,Male,clvr_cost_0.4_intro_0.2_5
262,7,A,1668,Male,clvr_cost_0.4_intro_0.2_5
263,8,A,824,Male,clvr_cost_0.4_intro_0.2_5
264,9,A,218,Male,clvr_cost_0.4_intro_0.2_5
265,10,A,24,Male,clvr_cost_0.4_intro_0.2_5
266,11,A,1,Male,clvr_cost_0.4_intro_0.2_5
267,12,A,0,Male,clvr_cost_0.4_intro_0.2_5
268,13,A,0,Male,clvr_cost_0.4_intro_0.2_5
269,14,A,0,Male,clvr_cost_0.4_intro_0.2_5
270,15,A,0,Male,clvr_cost_0.4_intro_0.2_5
271,16,A,0,Male,clvr_cost_0.4_intro_0.2_5
272,17,A,0,Male,clvr_cost_0.4_intro_0.2_5
273,18,A,0,Male,clvr_cost_0.4_intro_0.2_5
274,19,A,0,Male,clvr_cost_0.4_intro_0.2_5
275,20,A,0,Male,clvr_cost_0.4_intro_0.2_5
276,21,A,0,Male,clvr_cost_0.4_intro_0.2_5
277,22,A,0,Male,clvr_cost_0.4_intro_0.2_5
278,23,A,0,Male,clvr_cost_0.4_intro_0.2_5
279,24,A,0,Male,clvr_cost_0.4_intro_0.2_5
280,25,A,0,Male,clvr_cost_0.4_intro_0.2_5
281,26,A,0,Male,clvr_cost_0.4_intro_0.2_5
282,27,A,0,Male,clvr_cost_0.4_intro_0.2_5
283,28,A,0,Male,clvr_cost_0.4_intro_0.2_5
284,29,A,0,Male,clvr_cost_0.4_intro_0.2_5
285,30,A,0,Male,clvr_cost_0.4_intro_0.2_5
286,31,A,0,Male,clvr_cost_0.4_intro_0.2_5
287,32,A,0,Male,clvr_cost_0.4_intro_0.2_5
288,33,A,0,Male,clvr_cost_0.4_intro_0.2_5
289,34,A,0,Male,clvr_cost_0.4_intro_0.2_5
290,35,A,0,Male,clvr_cost_0.4_intro_0.2_5
291,36,A,0,Male,clvr_cost_0.4_intro_0.2_5
292,37,A,0,Male,clvr_cost_0.4_intro_0.2_5
293,38,A,0,Male,clvr_cost_0.4_intro_0.2_5
294,39,A,0,Male,clvr_cost_0.4_intro_0.2_5
295,40,A,0,Male,clvr_cost_0.4_intro_0.2_5
296,41,A,0,Male,clvr_cost_0.4_intro_0.2_5
297,42,A,0,Male,clvr_cost_0.4_intro_0.2_5
298,43,A,0,Male,clvr_cost_0.4_intro_0.2_5
299,44,A,0,Male,clvr_cost_0.4_intro_0.2_5
300,45,A,0,Male,clvr_cost_0.4_intro_0.2_5
301,46,A,0,Male,clvr_cost_0.4_intro_0.2_5
302,47,A,0,Male,clvr_cost_0.4_intro_0.2_5
303,48,A,0,Male,clvr_cost_0.4_intro_0.2_5
304,49,A,0,Male,clvr_cost_0.4_intro_0.2_5
305,50,A,0,Male,clvr_cost_0.4_intro_0.2_5
306,0,V,4000,Male,clvr_cost_0.4_intro_0.2_5
307,1,V,1236,Male,clvr_cost_0.4_intro_0.2_5
308,2,V,1442,Male,clvr_cost_0.4_intro_0.2_5
309,3,V,1705,Male,clvr_cost_0.4_intro_0.2_5
310,4,V,2032,Male,clvr_cost_0.4_intro_0.2_5
311,5,V,2310,Male,clvr_cost_0.4_intro_0.2_5
312,6,V,2775,Male,clvr_cost_0.4_intro_0.2_5
313,7,V,3151,Male,clvr_cost_0.4_intro_0.2_5
314,8,V,3526,Male,clvr_cost_0.4_intro_0.2_5
315,9,V,4149,Male,clvr_cost_0.4_intro_0.2_5
316,10,V,4846,Male,clvr_cost_0.4_intro_0.2_5
317,11,V,5153,Male,clvr_cost_0.4_intro_0.2_5
318,12,V,5290,Male,clvr_cost_0.4_intro_0.2_5
319,13,V,5058,Male,clvr_cost_0.4_intro_0.2_5
320,14,V,5146,Male,clvr_cost_0.4_intro_0.2_5
321,15,V,5184,Male,clvr_cost_0.4_intro_0.2_5
322,16,V,5098,Male,clvr_cost_0.4_intro_0.2_5
323,17,V,5240,Male,clvr_cost_0.4_intro_0.2_5
324,18,V,5272,Male,clvr_cost_0.4_intro_0.2_5
325,19,V,5256,Male,clvr_cost_0.4_intro_0.2_5
326,20,V,5200,Male,clvr_cost_0.4_intro_0.2_5
327,21,V,5318,Male,clvr_cost_0.4_intro_0.2_5
328,22,V,5074,Male,clvr_cost_0.4_intro_0.2_5
329,23,V,5274,Male,clvr_cost_0.4_intro_0.2_5
330,24,V,5208,Male,clvr_cost_0.4_intro_0.2_5
331,25,V,5108,Male,clvr_cost_0.4_intro_0.2_5
332,26,V,5200,Male,clvr_cost_0.4_intro_0.2_5
333,27,V,5170,Male,clvr_cost_0.4_intro_0.2_5
334,28,V,5238,Male,clvr_cost_0.4_intro_0.2_5
335,29,V,5244,Male,clvr_cost_0.4_intro_0.2_5
336,30,V,5344,Male,clvr_cost_0.4_intro_0.2_5
337,31,V,5334,Male,clvr_cost_0.4_intro_0.2_5
338,32,V,5540,Male,clvr_cost_0.4_intro_0.2_5
339,33,V,5282,Male,clvr_cost_0.4_intro_0.2_5
340,34,V,5206,Male,clvr_cost_0.4_intro_0.2_5
341,35,V,5158,Male,clvr_cost_0.4_intro_0.2_5
342,36,V,5094,Male,clvr_cost_0.4_intro_0.2_5
343,37,V,5354,Male,clvr_cost_0.4_intro_0.2_5
344,38,V,5176,Male,clvr_cost_0.4_intro_0.2_5
345,39,V,5332,Male,clvr_cost_0.4_intro_0.2_5
346,40,V,5238,Male,clvr_cost_0.4_intro_0.2_5
347,41,V,5324,Male,clvr_cost_0.4_intro_0.2_5
348,42,V,5270,Male,clvr_cost_0.4_intro_0.2_5
349,43,V,5220,Male,clvr_cost_0.4_intro_0.2_5
350,44,V,5142,Male,clvr_cost_0.4_intro_0.2_5
351,45,V,5322,Male,clvr_cost_0.4_intro_0.2_5
352,46,V,5190,Male,clvr_cost_0.4_intro_0.2_5
353,47,V,5270,Male,clvr_cost_0.4_intro_0.2_5
354,48,V,5176,Male,clvr_cost_0.4_intro_0.2_5
355,49,V,5398,Male,clvr_cost_0.4_intro_0.2_5
356,50,V,5346,Male,clvr_cost_0.4_intro_0.2_5
357,0,W,10000,Male,clvr_cost_0.4_intro_0.2_5
358,1,W,7602,Male,clvr_cost_0.4_intro_0.2_5
359,2,W,6278,Male,clvr_cost_0.4_intro_0.2_5
360,3,W,5351,Male,clvr_cost_0.4_intro_0.2_5
361,4,W,4530,Male,clvr_cost_0.4_intro_0.2_5
362,5,W,3612,Male,clvr_cost_0.4_intro_0.2_5
363,6,W,2643,Male,clvr_cost_0.4_intro_0.2_5
364,7,W,1617,Male,clvr_cost_0.4_intro_0.2_5
365,8,W,784,Male,clvr_cost_0.4_intro_0.2_5
366,9,W,191,Male,clvr_cost_0.4_intro_0.2_5
367,10,W,12,Male,clvr_cost_0.4_intro_0.2_5
368,11,W,1,Male,clvr_cost_0.4_intro_0.2_5
369,12,W,0,Male,clvr_cost_0.4_intro_0.2_5
370,13,W,0,Male,clvr_cost_0.4_intro_0.2_5
371,14,W,0,Male,clvr_cost_0.4_intro_0.2_5
372,15,W,0,Male,clvr_cost_0.4_intro_0.2_5
373,16,W,0,Male,clvr_cost_0.4_intro_0.2_5
374,17,W,0,Male,clvr_cost_0.4_intro_0.2_5
375,18,W,0,Male,clvr_cost_0.4_intro_0.2_5
376,19,W,0,Male,clvr_cost_0.4_intro_0.2_5
377,20,W,0,Male,clvr_cost_0.4_intro_0.2_5
378,21,W,0,Male,clvr_cost_0.4_intro_0.2_5
379,22,W,0,Male,clvr_cost_0.4_intro_0.2_5
380,23,W,0,Male,clvr_cost_0.4_intro_0.2_5
381,24,W,0,Male,clvr_cost_0.4_intro_0.2_5
382,25,W,0,Male,clvr_cost_0.4_intro_0.2_5
383,26,W,0,Male,clvr_cost_0.4_intro_0.2_5
384,27,W,0,Male,clvr_cost_0.4_intro_0.2_5
385,28,W,0,Male,clvr_cost_0.4_intro_0.2_5
386,29,W,0,Male,clvr_cost_0.4_intro_0.2_5
387,30,W,0,Male,clvr_cost_0.4_intro_0.2_5
388,31,W,0,Male,clvr_cost_0.4_intro_0.2_5
389,32,W,0,Male,clvr_cost_0.4_intro_0.2_5
390,33,W,0,Male,clvr_cost_0.4_intro_0.2_5
391,34,W,0,Male,clvr_cost_0.4_intro_0.2_5
392,35,W,0,Male,clvr_cost_0.4_intro_0.2_5
393,36,W,0,Male,clvr_cost_0.4_intro_0.2_5
394,37,W,0,Male,clvr_cost_0.4_intro_0.2_5
395,38,W,0,Male,clvr_cost_0.4_intro_0.2_5
396,39,W,0,Male,clvr_cost_0.4_intro_0.2_5
397,40,W,0,Male,clvr_cost_0.4_intro_0.2_5
398,41,W,0,Male,clvr_cost_0.4_intro_0.2_5
399,42,W,0,Male,clvr_cost_0.4_intro_0.2_5
400,43,W,0,Male,clvr_cost_0.4_intro_0.2_5
401,44,W,0,Male,clvr_cost_0.4_intro_0.2_5
402,45,W,0,Male,clvr_cost_0.4_intro_0.2_5
403,46,W,0,Male,clvr_cost_0.4_intro_0.2_5
404,47,W,0,Male,clvr_cost_0.4_intro_0.2_5
405,48,W,0,Male,clvr_cost_0.4_intro_0.2_5
406,49,W,0,Male,clvr_cost_0.4_intro_0.2_5
407,50,W,0,Male,clvr_cost_0.4_intro_0.2_5
,Generation,Allele,Count,Sex,Run
0,0,C,0,Female,clvr_cost_0.4_intro_0.2_6
1,1,C,1192,Female,clvr_cost_0.4_intro_0.2_6
2,2,C,1385,Female,clvr_cost_0.4_intro_0.2_6
3,3,C,1601,Female,clvr_cost_0.4_intro_0.2_6
4,4,C,1810,Female,clvr_cost_0.4_intro_0.2_6
5,5,C,2226,Female,clvr_cost_0.4_intro_0.2_6
6,6,C,2554,Female,clvr_cost_0.4_intro_0.2_6
7,7,C,2778,Female,clvr_cost_0.4_intro_0.2_6
8,8,C,3164,Female,clvr_cost_0.4_intro_0.2_6
9,9,C,3740,Female,clvr_cost_0.4_intro_0.2_6
10,10,C,4476,Female,clvr_cost_0.4_intro_0.2_6
11,11,C,4954,Female,clvr_cost_0.4_intro_0.2_6
12,12,C,5088,Female,clvr_cost_0.4_intro_0.2_6
13,13,C,4970,Female,clvr_cost_0.4_intro_0.2_6
14,14,C,5122,Female,clvr_cost_0.4_intro_0.2_6
15,15,C,5040,Female,clvr_cost_0.4_intro_0.2_6
16,16,C,4976,Female,clvr_cost_0.4_intro_0.2_6
17,17,C,4918,Female,clvr_cost_0.4_intro_0.2_6
18,18,C,5126,Female,clvr_cost_0.4_intro_0.2_6
19,19,C,5144,Female,clvr_cost_0.4_intro_0.2_6
20,20,C,5104,Female,clvr_cost_0.4_intro_0.2_6
21,21,C,5274,Female,clvr_cost_0.4_intro_0.2_6
22,22,C,5260,Female,clvr_cost_0.4_intro_0.2_6
23,23,C,5170,Female,clvr_cost_0.4_intro_0.2_6
24,24,C,5190,Female,clvr_cost_0.4_intro_0.2_6
25,25,C,5152,Female,clvr_cost_0.4_intro_0.2_6
26,26,C,5146,Female,clvr_cost_0.4_intro_0.2_6
27,27,C,5176,Female,clvr_cost_0.4_intro_0.2_6
28,28,C,5044,Female,clvr_cost_0.4_intro_0.2_6
29,29,C,5034,Female,clvr_cost_0.4_intro_0.2_6
30,30,C,5166,Female,clvr_cost_0.4_intro_0.2_6
31,31,C,5106,Female,clvr_cost_0.4_intro_0.2_6
32,32,C,5304,Female,clvr_cost_0.4_intro_0.2_6
33,33,C,5366,Female,clvr_cost_0.4_intro_0.2_6
34,34,C,5166,Female,clvr_cost_0.4_intro_0.2_6
35,35,C,5214,Female,clvr_cost_0.4_intro_0.2_6
36,36,C,5044,Female,clvr_cost_0.4_intro_0.2_6
37,37,C,4890,Female,clvr_cost_0.4_intro_0.2_6
38,38,C,5246,Female,clvr_cost_0.4_intro_0.2_6
39,39,C,5210,Female,clvr_cost_0.4_intro_0.2_6
40,40,C,5170,Female,clvr_cost_0.4_intro_0.2_6
41,41,C,5182,Female,clvr_cost_0.4_intro_0.2_6
42,42,C,5206,Female,clvr_cost_0.4_intro_0.2_6
43,43,C,5200,Female,clvr_cost_0.4_intro_0.2_6
44,44,C,5014,Female,clvr_cost_0.4_intro_0.2_6
45,45,C,4956,Female,clvr_cost_0.4_intro_0.2_6
46,46,C,5150,Female,clvr_cost_0.4_intro_0.2_6
47,47,C,5134,Female,clvr_cost_0.4_intro_0.2_6
48,48,C,5152,Female,clvr_cost_0.4_intro_0.2_6
49,49,C,5074,Female,clvr_cost_0.4_intro_0.2_6
50,50,C,5124,Female,clvr_cost_0.4_intro_0.2_6
51,0,A,10000,Female,clvr_cost_0.4_intro_0.2_6
52,1,A,7276,Female,clvr_cost_0.4_intro_0.2_6
53,2,A,6413,Female,clvr_cost_0.4_intro_0.2_6
54,3,A,5671,Female,clvr_cost_0.4_intro_0.2_6
55,4,A,4852,Female,clvr_cost_0.4_intro_0.2_6
56,5,A,4172,Female,clvr_cost_0.4_intro_0.2_6
57,6,A,3070,Female,clvr_cost_0.4_intro_0.2_6
58,7,A,1850,Female,clvr_cost_0.4_intro_0.2_6
59,8,A,976,Female,clvr_cost_0.4_intro_0.2_6
60,9,A,324,Female,clvr_cost_0.4_intro_0.2_6
61,10,A,56,Female,clvr_cost_0.4_intro_0.2_6
62,11,A,4,Female,clvr_cost_0.4_intro_0.2_6
63,12,A,0,Female,clvr_cost_0.4_intro_0.2_6
64,13,A,0,Female,clvr_cost_0.4_intro_0.2_6
65,14,A,0,Female,clvr_cost_0.4_intro_0.2_6
66,15,A,0,Female,clvr_cost_0.4_intro_0.2_6
67,16,A,0,Female,clvr_cost_0.4_intro_0.2_6
68,17,A,0,Female,clvr_cost_0.4_intro_0.2_6
69,18,A,0,Female,clvr_cost_0.4_intro_0.2_6
70,19,A,0,Female,clvr_cost_0.4_intro_0.2_6
71,20,A,0,Female,clvr_cost_0.4_intro_0.2_6
72,21,A,0,Female,clvr_cost_0.4_intro_0.2_6
73,22,A,0,Female,clvr_cost_0.4_intro_0.2_6
74,23,A,0,Female,clvr_cost_0.4_intro_0.2_6
75,24,A,0,Female,clvr_cost_0.4_intro_0.2_6
76,25,A,0,Female,clvr_cost_0.4_intro_0.2_6
77,26,A,0,Female,clvr_cost_0.4_intro_0.2_6
78,27,A,0,Female,clvr_cost_0.4_intro_0.2_6
79,28,A,0,Female,clvr_cost_0.4_intro_0.2_6
80,29,A,0,Female,clvr_cost_0.4_intro_0.2_6
81,30,A,0,Female,clvr_cost_0.4_intro_0.2_6
82,31,A,0,Female,clvr_cost_0.4_intro_0.2_6
83,32,A,0,Female,clvr_cost_0.4_intro_0.2_6
84,33,A,0,Female,clvr_cost_0.4_intro_0.2_6
85,34,A,0,Female,clvr_cost_0.4_intro_0.2_6
86,35,A,0,Female,clvr_cost_0.4_intro_0.2_6
87,36,A,0,Female,clvr_cost_0.4_intro_0.2_6
88,37,A,0,Female,clvr_cost_0.4_intro_0.2_6
89,38,A,0,Female,clvr_cost_0.4_intro_0.2_6
90,39,A,0,Female,clvr_cost_0.4_intro_0.2_6
91,40,A,0,Female,clvr_cost_0.4_intro_0.2_6
92,41,A,0,Female,clvr_cost_0.4_intro_0.2_6
93,42,A,0,Female,clvr_cost_0.4_intro_0.2_6
94,43,A,0,Female,clvr_cost_0.4_intro_0.2_6
95,44,A,0,Female,clvr_cost_0.4_intro_0.2_6
96,45,A,0,Female,clvr_cost_0.4_intro_0.2_6
97,46,A,0,Female,clvr_cost_0.4_intro_0.2_6
98,47,A,0,Female,clvr_cost_0.4_intro_0.2_6
99,48,A,0,Female,clvr_cost_0.4_intro_0.2_6
100,49,A,0,Female,clvr_cost_0.4_intro_0.2_6
101,50,A,0,Female,clvr_cost_0.4_intro_0.2_6
102,0,V,0,Female,clvr_cost_0.4_intro_0.2_6
103,1,V,1192,Female,clvr_cost_0.4_intro_0.2_6
104,2,V,1426,Female,clvr_cost_0.4_intro_0.2_6
105,3,V,1639,Female,clvr_cost_0.4_intro_0.2_6
106,4,V,1853,Female,clvr_cost_0.4_intro_0.2_6
107,5,V,2276,Female,clvr_cost_0.4_intro_0.2_6
108,6,V,2617,Female,clvr_cost_0.4_intro_0.2_6
109,7,V,2839,Female,clvr_cost_0.4_intro_0.2_6
110,8,V,3217,Female,clvr_cost_0.4_intro_0.2_6
111,9,V,3761,Female,clvr_cost_0.4_intro_0.2_6
112,10,V,4492,Female,clvr_cost_0.4_intro_0.2_6
113,11,V,4955,Female,clvr_cost_0.4_intro_0.2_6
114,12,V,5088,Female,clvr_cost_0.4_intro_0.2_6
115,13,V,4970,Female,clvr_cost_0.4_intro_0.2_6
116,14,V,5122,Female,clvr_cost_0.4_intro_0.2_6
117,15,V,5040,Female,clvr_cost_0.4_intro_0.2_6
118,16,V,4976,Female,clvr_cost_0.4_intro_0.2_6
119,17,V,4918,Female,clvr_cost_0.4_intro_0.2_6
120,18,V,5126,Female,clvr_cost_0.4_intro_0.2_6
121,19,V,5144,Female,clvr_cost_0.4_intro_0.2_6
122,20,V,5104,Female,clvr_cost_0.4_intro_0.2_6
123,21,V,5274,Female,clvr_cost_0.4_intro_0.2_6
124,22,V,5260,Female,clvr_cost_0.4_intro_0.2_6
125,23,V,5170,Female,clvr_cost_0.4_intro_0.2_6
126,24,V,5190,Female,clvr_cost_0.4_intro_0.2_6
127,25,V,5152,Female,clvr_cost_0.4_intro_0.2_6
128,26,V,5146,Female,clvr_cost_0.4_intro_0.2_6
129,27,V,5176,Female,clvr_cost_0.4_intro_0.2_6
130,28,V,5044,Female,clvr_cost_0.4_intro_0.2_6
131,29,V,5034,Female,clvr_cost_0.4_intro_0.2_6
132,30,V,5166,Female,clvr_cost_0.4_intro_0.2_6
133,31,V,5106,Female,clvr_cost_0.4_intro_0.2_6
134,32,V,5304,Female,clvr_cost_0.4_intro_0.2_6
135,33,V,5366,Female,clvr_cost_0.4_intro_0.2_6
136,34,V,5166,Female,clvr_cost_0.4_intro_0.2_6
137,35,V,5214,Female,clvr_cost_0.4_intro_0.2_6
138,36,V,5044,Female,clvr_cost_0.4_intro_0.2_6
139,37,V,4890,Female,clvr_cost_0.4_intro_0.2_6
140,38,V,5246,Female,clvr_cost_0.4_intro_0.2_6
141,39,V,5210,Female,clvr_cost_0.4_intro_0.2_6
142,40,V,5170,Female,clvr_cost_0.4_intro_0.2_6
143,41,V,5182,Female,clvr_cost_0.4_intro_0.2_6
144,42,V,5206,Female,clvr_cost_0.4_intro_0.2_6
145,43,V,5200,Female,clvr_cost_0.4_intro_0.2_6
146,44,V,5014,Female,clvr_cost_0.4_intro_0.2_6
147,45,V,4956,Female,clvr_cost_0.4_intro_0.2_6
148,46,V,5150,Female,clvr_cost_0.4_intro_0.2_6
149,47,V,5134,Female,clvr_cost_0.4_intro_0.2_6
150,48,V,5152,Female,clvr_cost_0.4_intro_0.2_6
151,49,V,5074,Female,clvr_cost_0.4_intro_0.2_6
152,50,V,5124,Female,clvr_cost_0.4_intro_0.2_6
153,0,W,10000,Female,clvr_cost_0.4_intro_0.2_6
154,1,W,7276,Female,clvr_cost_0.4_intro_0.2_6
155,2,W,6372,Female,clvr_cost_0.4_intro_0.2_6
156,3,W,5633,Female,clvr_cost_0.4_intro_0.2_6
157,4,W,4809,Female,clvr_cost_0.4_intro_0.2_6
158,5,W,4122,Female,clvr_cost_0.4_intro_0.2_6
159,6,W,3007,Female,clvr_cost_0.4_intro_0.2_6
160,7,W,1789,Female,clvr_cost_0.4_intro_0.2_6
161,8,W,923,Female,clvr_cost_0.4_intro_0.2_6
162,9,W,303,Female,clvr_cost_0.4_intro_0.2_6
163,10,W,40,Female,clvr_cost_0.4_intro_0.2_6
164,11,W,3,Female,clvr_cost_0.4_intro_0.2_6
165,12,W,0,Female,clvr_cost_0.4_intro_0.2_6
166,13,W,0,Female,clvr_cost_0.4_intro_0.2_6
167,14,W,0,Female,clvr_cost_0.4_intro_0.2_6
168,15,W,0,Female,clvr_cost_0.4_intro_0.2_6
169,16,W,0,Female,clvr_cost_0.4_intro_0.2_6
170,17,W,0,Female,clvr_cost_0.4_intro_0.2_6
171,18,W,0,Female,clvr_cost_0.4_intro_0.2_6
172,19,W,0,Female,clvr_cost_0.4_intro_0.2_6
173,20,W,0,Female,clvr_cost_0.4_intro_0.2_6
174,21,W,0,Female,clvr_cost_0.4_intro_0.2_6
175,22,W,0,Female,clvr_cost_0.4_intro_0.2_6
176,23,W,0,Female,clvr_cost_0.4_intro_0.2_6
177,24,W,0,Female,clvr_cost_0.4_intro_0.2_6
178,25,W,0,Female,clvr_cost_0.4_intro_0.2_6
179,26,W,0,Female,clvr_cost_0.4_intro_0.2_6
180,27,W,0,Female,clvr_cost_0.4_intro_0.2_6
181,28,W,0,Female,clvr_cost_0.4_intro_0.2_6
182,29,W,0,Female,clvr_cost_0.4_intro_0.2_6
183,30,W,0,Female,clvr_cost_0.4_intro_0.2_6
184,31,W,0,Female,clvr_cost_0.4_intro_0.2_6
185,32,W,0,Female,clvr_cost_0.4_intro_0.2_6
186,33,W,0,Female,clvr_cost_0.4_intro_0.2_6
187,34,W,0,Female,clvr_cost_0.4_intro_0.2_6
188,35,W,0,Female,clvr_cost_0.4_intro_0.2_6
189,36,W,0,Female,clvr_cost_0.4_intro_0.2_6
190,37,W,0,Female,clvr_cost_0.4_intro_0.2_6
191,38,W,0,Female,clvr_cost_0.4_intro_0.2_6
192,39,W,0,Female,clvr_cost_0.4_intro_0.2_6
193,40,W,0,Female,clvr_cost_0.4_intro_0.2_6
194,41,W,0,Female,clvr_cost_0.4_intro_0.2_6
195,42,W,0,Female,clvr_cost_0.4_intro_0.2_6
196,43,W,0,Female,clvr_cost_0.4_intro_0.2_6
197,44,W,0,Female,clvr_cost_0.4_intro_0.2_6
198,45,W,0,Female,clvr_cost_0.4_intro_0.2_6
199,46,W,0,Female,clvr_cost_0.4_intro_0.2_6
200,47,W,0,Female,clvr_cost_0.4_intro_0.2_6
201,48,W,0,Female,clvr_cost_0.4_intro_0.2_6
202,49,W,0,Female,clvr_cost_0.4_intro_0.2_6
203,50,W,0,Female,clvr_cost_0.4_intro_0.2_6
204,0,C,4000,Male,clvr_cost_0.4_intro_0.2_6
205,1,C,1203,Male,clvr_cost_0.4_intro_0.2_6
206,2,C,1406,Male,clvr_cost_0.4_intro_0.2_6
207,3,C,1585,Male,clvr_cost_0.4_intro_0.2_6
208,4,C,1886,Male,clvr_cost_0.4_intro_0.2_6
209,5,C,2254,Male,clvr_cost_0.4_intro_0.2_6
210,6,C,2544,Male,clvr_cost_0.4_intro_0.2_6
211,7,C,2826,Male,clvr_cost_0.4_intro_0.2_6
212,8,C,3243,Male,clvr_cost_0.4_intro_0.2_6
213,9,C,3737,Male,clvr_cost_0.4_intro_0.2_6
214,10,C,4500,Male,clvr_cost_0.4_intro_0.2_6
215,11,C,4969,Male,clvr_cost_0.4_intro_0.2_6
216,12,C,5224,Male,clvr_cost_0.4_intro_0.2_6
217,13,C,5154,Male,clvr_cost_0.4_intro_0.2_6
218,14,C,5264,Male,clvr_cost_0.4_intro_0.2_6
219,15,C,5184,Male,clvr_cost_0.4_intro_0.2_6
220,16,C,4992,Male,clvr_cost_0.4_intro_0.2_6
221,17,C,5032,Male,clvr_cost_0.4_intro_0.2_6
222,18,C,5158,Male,clvr_cost_0.4_intro_0.2_6
223,19,C,5310,Male,clvr_cost_0.4_intro_0.2_6
224,20,C,5188,Male,clvr_cost_0.4_intro_0.2_6
225,21,C,5358,Male,clvr_cost_0.4_intro_0.2_6
226,22,C,5284,Male,clvr_cost_0.4_intro_0.2_6
227,23,C,5240,Male,clvr_cost_0.4_intro_0.2_6
228,24,C,5252,Male,clvr_cost_0.4_intro_0.2_6
229,25,C,5298,Male,clvr_cost_0.4_intro_0.2_6
230,26,C,5252,Male,clvr_cost_0.4_intro_0.2_6
231,27,C,5210,Male,clvr_cost_0.4_intro_0.2_6
232,28,C,5198,Male,clvr_cost_0.4_intro_0.2_6
233,29,C,5076,Male,clvr_cost_0.4_intro_0.2_6
234,30,C,5270,Male,clvr_cost_0.4_intro_0.2_6
235,31,C,5240,Male,clvr_cost_0.4_intro_0.2_6
236,32,C,5316,Male,clvr_cost_0.4_intro_0.2_6
237,33,C,5486,Male,clvr_cost_0.4_intro_0.2_6
238,34,C,5274,Male,clvr_cost_0.4_intro_0.2_6
239,35,C,5230,Male,clvr_cost_0.4_intro_0.2_6
240,36,C,5174,Male,clvr_cost_0.4_intro_0.2_6
241,37,C,5064,Male,clvr_cost_0.4_intro_0.2_6
242,38,C,5336,Male,clvr_cost_0.4_intro_0.2_6
243,39,C,5228,Male,clvr_cost_0.4_intro_0.2_6
244,40,C,5298,Male,clvr_cost_0.4_intro_0.2_6
245,41,C,5262,Male,clvr_cost_0.4_intro_0.2_6
246,42,C,5336,Male,clvr_cost_0.4_intro_0.2_6
247,43,C,5276,Male,clvr_cost_0.4_intro_0.2_6
248,44,C,5270,Male,clvr_cost_0.4_intro_0.2_6
249,45,C,5100,Male,clvr_cost_0.4_intro_0.2_6
250,46,C,5230,Male,clvr_cost_0.4_intro_0.2_6
251,47,C,5180,Male,clvr_cost_0.4_intro_0.2_6
252,48,C,5302,Male,clvr_cost_0.4_intro_0.2_6
253,49,C,5228,Male,clvr_cost_0.4_intro_0.2_6
254,50,C,5136,Male,clvr_cost_0.4_intro_0.2_6
255,0,A,10000,Male,clvr_cost_0.4_intro_0.2_6
256,1,A,7455,Male,clvr_cost_0.4_intro_0.2_6
257,2,A,6470,Male,clvr_cost_0.4_intro_0.2_6
258,3,A,5723,Male,clvr_cost_0.4_intro_0.2_6
259,4,A,5194,Male,clvr_cost_0.4_intro_0.2_6
260,5,A,4148,Male,clvr_cost_0.4_intro_0.2_6
261,6,A,3206,Male,clvr_cost_0.4_intro_0.2_6
262,7,A,1898,Male,clvr_cost_0.4_intro_0.2_6
263,8,A,985,Male,clvr_cost_0.4_intro_0.2_6
264,9,A,351,Male,clvr_cost_0.4_intro_0.2_6
265,10,A,68,Male,clvr_cost_0.4_intro_0.2_6
266,11,A,11,Male,clvr_cost_0.4_intro_0.2_6
267,12,A,0,Male,clvr_cost_0.4_intro_0.2_6
268,13,A,0,Male,clvr_cost_0.4_intro_0.2_6
269,14,A,0,Male,clvr_cost_0.4_intro_0.2_6
270,15,A,0,Male,clvr_cost_0.4_intro_0.2_6
271,16,A,0,Male,clvr_cost_0.4_intro_0.2_6
272,17,A,0,Male,clvr_cost_0.4_intro_0.2_6
273,18,A,0,Male,clvr_cost_0.4_intro_0.2_6
274,19,A,0,Male,clvr_cost_0.4_intro_0.2_6
275,20,A,0,Male,clvr_cost_0.4_intro_0.2_6
276,21,A,0,Male,clvr_cost_0.4_intro_0.2_6
277,22,A,0,Male,clvr_cost_0.4_intro_0.2_6
278,23,A,0,Male,clvr_cost_0.4_intro_0.2_6
279,24,A,0,Male,clvr_cost_0.4_intro_0.2_6
280,25,A,0,Male,clvr_cost_0.4_intro_0.2_6
281,26,A,0,Male,clvr_cost_0.4_intro_0.2_6
282,27,A,0,Male,clvr_cost_0.4_intro_0.2_6
283,28,A,0,Male,clvr_cost_0.4_intro_0.2_6
284,29,A,0,Male,clvr_cost_0.4_intro_0.2_6
285,30,A,0,Male,clvr_cost_0.4_intro_0.2_6
286,31,A,0,Male,clvr_cost_0.4_intro_0.2_6
287,32,A,0,Male,clvr_cost_0.4_intro_0.2_6
288,33,A,0,Male,clvr_cost_0.4_intro_0.2_6
289,34,A,0,Male,clvr_cost_0.4_intro_0.2_6
290,35,A,0,Male,clvr_cost_0.4_intro_0.2_6
291,36,A,0,Male,clvr_cost_0.4_intro_0.2_6
292,37,A,0,Male,clvr_cost_0.4_intro_0.2_6
293,38,A,0,Male,clvr_cost_0.4_intro_0.2_6
294,39,A,0,Male,clvr_cost_0.4_intro_0.2_6
295,40,A,0,Male,clvr_cost_0.4_intro_0.2_6
296,41,A,0,Male,clvr_cost_0.4_intro_0.2_6
297,42,A,0,Male,clvr_cost_0.4_intro_0.2_6
298,43,A,0,Male,clvr_cost_0.4_intro_0.2_6
299,44,A,0,Male,clvr_cost_0.4_intro_0.2_6
300,45,A,0,Male,clvr_cost_0.4_intro_0.2_6
301,46,A,0,Male,clvr_cost_0.4_intro_0.2_6
302,47,A,0,Male,clvr_cost_0.4_intro_0.2_6
303,48,A,0,Male,clvr_cost_0.4_intro_0.2_6
304,49,A,0,Male,clvr_cost_0.4_intro_0.2_6
305,50,A,0,Male,clvr_cost_0.4_intro_0.2_6
306,0,V,4000,Male,clvr_cost_0.4_intro_0.2_6
307,1,V,1203,Male,clvr_cost_0.4_intro_0.2_6
308,2,V,1445,Male,clvr_cost_0.4_intro_0.2_6
309,3,V,1624,Male,clvr_cost_0.4_intro_0.2_6
310,4,V,1933,Male,clvr_cost_0.4_intro_0.2_6
311,5,V,2302,Male,clvr_cost_0.4_intro_0.2_6
312,6,V,2599,Male,clvr_cost_0.4_intro_0.2_6
313,7,V,2880,Male,clvr_cost_0.4_intro_0.2_6
314,8,V,3287,Male,clvr_cost_0.4_intro_0.2_6
315,9,V,3770,Male,clvr_cost_0.4_intro_0.2_6
316,10,V,4515,Male,clvr_cost_0.4_intro_0.2_6
317,11,V,4973,Male,clvr_cost_0.4_intro_0.2_6
318,12,V,5224,Male,clvr_cost_0.4_intro_0.2_6
319,13,V,5154,Male,clvr_cost_0.4_intro_0.2_6
320,14,V,5264,Male,clvr_cost_0.4_intro_0.2_6
321,15,V,5184,Male,clvr_cost_0.4_intro_0.2_6
322,16,V,4992,Male,clvr_cost_0.4_intro_0.2_6
323,17,V,5032,Male,clvr_cost_0.4_intro_0.2_6
324,18,V,5158,Male,clvr_cost_0.4_intro_0.2_6
325,19,V,5310,Male,clvr_cost_0.4_intro_0.2_6
326,20,V,5188,Male,clvr_cost_0.4_intro_0.2_6
327,21,V,5358,Male,clvr_cost_0.4_intro_0.2_6
328,22,V,5284,Male,clvr_cost_0.4_intro_0.2_6
329,23,V,5240,Male,clvr_cost_0.4_intro_0.2_6
330,24,V,5252,Male,clvr_cost_0.4_intro_0.2_6
331,25,V,5298,Male,clvr_cost_0.4_intro_0.2_6
332,26,V,5252,Male,clvr_cost_0.4_intro_0.2_6
333,27,V,5210,Male,clvr_cost_0.4_intro_0.2_6
334,28,V,5198,Male,clvr_cost_0.4_intro_0.2_6
335,29,V,5076,Male,clvr_cost_0.4_intro_0.2_6
336,30,V,5270,Male,clvr_cost_0.4_intro_0.2_6
337,31,V,5240,Male,clvr_cost_0.4_intro_0.2_6
338,32,V,5316,Male,clvr_cost_0.4_intro_0.2_6
339,33,V,5486,Male,clvr_cost_0.4_intro_0.2_6
340,34,V,5274,Male,clvr_cost_0.4_intro_0.2_6
341,35,V,5230,Male,clvr_cost_0.4_intro_0.2_6
342,36,V,5174,Male,clvr_cost_0.4_intro_0.2_6
343,37,V,5064,Male,clvr_cost_0.4_intro_0.2_6
344,38,V,5336,Male,clvr_cost_0.4_intro_0.2_6
345,39,V,5228,Male,clvr_cost_0.4_intro_0.2_6
346,40,V,5298,Male,clvr_cost_0.4_intro_0.2_6
347,41,V,5262,Male,clvr_cost_0.4_intro_0.2_6
348,42,V,5336,Male,clvr_cost_0.4_intro_0.2_6
349,43,V,5276,Male,clvr_cost_0.4_intro_0.2_6
350,44,V,5270,Male,clvr_cost_0.4_intro_0.2_6
351,45,V,5100,Male,clvr_cost_0.4_intro_0.2_6
352,46,V,5230,Male,clvr_cost_0.4_intro_0.2_6
353,47,V,5180,Male,clvr_cost_0.4_intro_0.2_6
354,48,V,5302,Male,clvr_cost_0.4_intro_0.2_6
355,49,V,5228,Male,clvr_cost_0.4_intro_0.2_6
356,50,V,5136,Male,clvr_cost_0.4_intro_0.2_6
357,0,W,10000,Male,clvr_cost_0.4_intro_0.2_6
358,1,W,7455,Male,clvr_cost_0.4_intro_0.2_6
359,2,W,6431,Male,clvr_cost_0.4_intro_0.2_6
360,3,W,5684,Male,clvr_cost_0.4_intro_0.2_6
361,4,W,5147,Male,clvr_cost_0.4_intro_0.2_6
362,5,W,4100,Male,clvr_cost_0.4_intro_0.2_6
363,6,W,3151,Male,clvr_cost_0.4_intro_0.2_6
364,7,W,1844,Male,clvr_cost_0.4_intro_0.2_6
365,8,W,941,Male,clvr_cost_0.4_intro_0.2_6
366,9,W,318,Male,clvr_cost_0.4_intro_0.2_6
367,10,W,53,Male,clvr_cost_0.4_intro_0.2_6
368,11,W,7,Male,clvr_cost_0.4_intro_0.2_6
369,12,W,0,Male,clvr_cost_0.4_intro_0.2_6
370,13,W,0,Male,clvr_cost_0.4_intro_0.2_6
371,14,W,0,Male,clvr_cost_0.4_intro_0.2_6
372,15,W,0,Male,clvr_cost_0.4_intro_0.2_6
373,16,W,0,Male,clvr_cost_0.4_intro_0.2_6
374,17,W,0,Male,clvr_cost_0.4_intro_0.2_6
375,18,W,0,Male,clvr_cost_0.4_intro_0.2_6
376,19,W,0,Male,clvr_cost_0.4_intro_0.2_6
377,20,W,0,Male,clvr_cost_0.4_intro_0.2_6
378,21,W,0,Male,clvr_cost_0.4_intro_0.2_6
379,22,W,0,Male,clvr_cost_0.4_intro_0.2_6
380,23,W,0,Male,clvr_cost_0.4_intro_0.2_6
381,24,W,0,Male,clvr_cost_0.4_intro_0.2_6
382,25,W,0,Male,clvr_cost_0.4_intro_0.2_6
383,26,W,0,Male,clvr_cost_0.4_intro_0.2_6
384,27,W,0,Male,clvr_cost_0.4_intro_0.2_6
385,28,W,0,Male,clvr_cost_0.4_intro_0.2_6
386,29,W,0,Male,clvr_cost_0.4_intro_0.2_6
387,30,W,0,Male,clvr_cost_0.4_intro_0.2_6
388,31,W,0,Male,clvr_cost_0.4_intro_0.2_6
389,32,W,0,Male,clvr_cost_0.4_intro_0.2_6
390,33,W,0,Male,clvr_cost_0.4_intro_0.2_6
391,34,W,0,Male,clvr_cost_0.4_intro_0.2_6
392,35,W,0,Male,clvr_cost_0.4_intro_0.2_6
393,36,W,0,Male,clvr_cost_0.4_intro_0.2_6
394,37,W,0,Male,clvr_cost_0.4_intro_0.2_6
395,38,W,0,Male,clvr_cost_0.4_intro_0.2_6
396,39,W,0,Male,clvr_cost_0.4_intro_0.2_6
397,40,W,0,Male,clvr_cost_0.4_intro_0.2_6
398,41,W,0,Male,clvr_cost_0.4_intro_0.2_6
399,42,W,0,Male,clvr_cost_0.4_intro_0.2_6
400,43,W,0,Male,clvr_cost_0.4_intro_0.2_6
401,44,W,0,Male,clvr_cost_0.4_intro_0.2_6
402,45,W,0,Male,clvr_cost_0.4_intro_0.2_6
403,46,W,0,Male,clvr_cost_0.4_intro_0.2_6
404,47,W,0,Male,clvr_cost_0.4_intro_0.2_6
405,48,W,0,Male,clvr_cost_0.4_intro_0.2_6
406,49,W,0,Male,clvr_cost_0.4_intro_0.2_6
407,50,W,0,Male,clvr_cost_0.4_intro_0.2_6
,Generation,Allele,Count,Sex,Run
0,0,C,0,Female,clvr_cost_0.4_intro_0.2_7
1,1,C,1258,Female,clvr_cost_0.4_intro_0.2_7
2,2,C,1337,Female,clvr_cost_0.4_intro_0.2_7
3,3,C,1646,Female,clvr_cost_0.4_intro_0.2_7
4,4,C,1962,Female,clvr_cost_0.4_intro_0.2_7
5,5,C,2114,Female,clvr_cost_0.4_intro_0.2_7
6,6,C,2532,Female,clvr_cost_0.4_intro_0.2_7
7,7,C,2858,Female,clvr_cost_0.4_intro_0.2_7
8,8,C,3303,Female,clvr_cost_0.4_intro_0.2_7
9,9,C,3940,Female,clvr_cost_0.4_intro_0.2_7
10,10,C,4505,Female,clvr_cost_0.4_intro_0.2_7
11,11,C,4994,Female,clvr_cost_0.4_intro_0.2_7
12,12,C,4976,Female,clvr_cost_0.4_intro_0.2_7
13,13,C,5170,Female,clvr_cost_0.4_intro_0.2_7
14,14,C,5156,Female,clvr_cost_0.4_intro_0.2_7
15,15,C,5030,Female,clvr_cost_0.4_intro_0.2_7
16,16,C,5192,Female,clvr_cost_0.4_intro_0.2_7
17,17,C,5140,Female,clvr_cost_0.4_intro_0.2_7
18,18,C,5066,Female,clvr_cost_0.4_intro_0.2_7
19,19,C,5160,Female,clvr_cost_0.4_intro_0.2_7
20,20,C,4874,Female,clvr_cost_0.4_intro_0.2_7
21,21,C,5002,Female,clvr_cost_0.4_intro_0.2_7
22,22,C,5150,Female,clvr_cost_0.4_intro_0.2_7
23,23,C,5198,Female,clvr_cost_0.4_intro_0.2_7
24,24,C,5260,Female,clvr_cost_0.4_intro_0.2_7
25,25,C,5242,Female,clvr_cost_0.4_intro_0.2_7
26,26,C,5232,Female,clvr_cost_0.4_intro_0.2_7
27,27,C,5112,Female,clvr_cost_0.4_intro_0.2_7
28,28,C,5180,Female,clvr_cost_0.4_intro_0.2_7
29,29,C,5160,Female,clvr_cost_0.4_intro_0.2_7
30,30,C,5310,Female,clvr_cost_0.4_intro_0.2_7
31,31,C,5288,Female,clvr_cost_0.4_intro_0.2_7
32,32,C,5354,Female,clvr_cost_0.4_intro_0.2_7
33,33,C,5230,Female,clvr_cost_0.4_intro_0.2_7
34,34,C,5352,Female,clvr_cost_0.4_intro_0.2_7
35,35,C,5100,Female,clvr_cost_0.4_intro_0.2_7
36,36,C,5098,Female,clvr_cost_0.4_intro_0.2_7
37,37,C,5188,Female,clvr_cost_0.4_intro_0.2_7
38,38,C,5076,Female,clvr_cost_0.4_intro_0.2_7
39,39,C,5146,Female,clvr_cost_0.4_intro_0.2_7
40,40,C,5054,Female,clvr_cost_0.4_intro_0.2_7
41,41,C,5086,Female,clvr_cost_0.4_intro_0.2_7
42,42,C,5056,Female,clvr_cost_0.4_intro_0.2_7
43,43,C,5066,Female,clvr_cost_0.4_intro_0.2_7
44,44,C,5182,Female,clvr_cost_0.4_intro_0.2_7
45,45,C,5100,Female,clvr_cost_0.4_intro_0.2_7
46,46,C,5140,Female,clvr_cost_0.4_intro_0.2_7
47,47,C,5016,Female,clvr_cost_0.4_intro_0.2_7
48,48,C,5246,Female,clvr_cost_0.4_intro_0.2_7
49,49,C,5144,Female,clvr_cost_0.4_intro_0.2_7
50,50,C,5170,Female,clvr_cost_0.4_intro_0.2_7
51,0,A,10000,Female,clvr_cost_0.4_intro_0.2_7
52,1,A,7202,Female,clvr_cost_0.4_intro_0.2_7
53,2,A,6187,Female,clvr_cost_0.4_intro_0.2_7
54,3,A,5632,Female,clvr_cost_0.4_intro_0.2_7
55,4,A,4628,Female,clvr_cost_0.4_intro_0.2_7
56,5,A,3570,Female,clvr_cost_0.4_intro_0.2_7
57,6,A,2696,Female,clvr_cost_0.4_intro_0.2_7
58,7,A,1682,Female,clvr_cost_0.4_intro_0.2_7
59,8,A,851,Female,clvr_cost_0.4_intro_0.2_7
60,9,A,242,Female,clvr_cost_0.4_intro_0.2_7
61,10,A,49,Female,clvr_cost_0.4_intro_0.2_7
62,11,A,6,Female,clvr_cost_0.4_intro_0.2_7
63,12,A,0,Female,clvr_cost_0.4_intro_0.2_7
64,13,A,0,Female,clvr_cost_0.4_intro_0.2_7
65,14,A,0,Female,clvr_cost_0.4_intro_0.2_7
66,15,A,0,Female,clvr_cost_0.4_intro_0.2_7
67,16,A,0,Female,clvr_cost_0.4_intro_0.2_7
68,17,A,0,Female,clvr_cost_0.4_intro_0.2_7
69,18,A,0,Female,clvr_cost_0.4_intro_0.2_7
70,19,A,0,Female,clvr_cost_0.4_intro_0.2_7
71,20,A,0,Female,clvr_cost_0.4_intro_0.2_7
72,21,A,0,Female,clvr_cost_0.4_intro_0.2_7
73,22,A,0,Female,clvr_cost_0.4_intro_0.2_7
74,23,A,0,Female,clvr_cost_0.4_intro_0.2_7
75,24,A,0,Female,clvr_cost_0.4_intro_0.2_7
76,25,A,0,Female,clvr_cost_0.4_intro_0.2_7
77,26,A,0,Female,clvr_cost_0.4_intro_0.2_7
78,27,A,0,Female,clvr_cost_0.4_intro_0.2_7
79,28,A,0,Female,clvr_cost_0.4_intro_0.2_7
80,29,A,0,Female,clvr_cost_0.4_intro_0.2_7
81,30,A,0,Female,clvr_cost_0.4_intro_0.2_7
82,31,A,0,Female,clvr_cost_0.4_intro_0.2_7
83,32,A,0,Female,clvr_cost_0.4_intro_0.2_7
84,33,A,0,Female,clvr_cost_0.4_intro_0.2_7
85,34,A,0,Female,clvr_cost_0.4_intro_0.2_7
86,35,A,0,Female,clvr_cost_0.4_intro_0.2_7
87,36,A,0,Female,clvr_cost_0.4_intro_0.2_7
88,37,A,0,Female,clvr_cost_0.4_intro_0.2_7
89,38,A,0,Female,clvr_cost_0.4_intro_0.2_7
90,39,A,0,Female,clvr_cost_0.4_intro_0.2_7
91,40,A,0,Female,clvr_cost_0.4_intro_0.2_7
92,41,A,0,Female,clvr_cost_0.4_intro_0.2_7
93,42,A,0,Female,clvr_cost_0.4_intro_0.2_7
94,43,A,0,Female,clvr_cost_0.4_intro_0.2_7
95,44,A,0,Female,clvr_cost_0.4_intro_0.2_7
96,45,A,0,Female,clvr_cost_0.4_intro_0.2_7
97,46,A,0,Female,clvr_cost_0.4_intro_0.2_7
98,47,A,0,Female,clvr_cost_0.4_intro_0.2_7
99,48,A,0,Female,clvr_cost_0.4_intro_0.2_7
100,49,A,0,Female,clvr_cost_0.4_intro_0.2_7
101,50,A,0,Female,clvr_cost_0.4_intro_0.2_7
102,0,V,0,Female,clvr_cost_0.4_intro_0.2_7
103,1,V,1258,Female,clvr_cost_0.4_intro_0.2_7
104,2,V,1371,Female,clvr_cost_0.4_intro_0.2_7
105,3,V,1676,Female,clvr_cost_0.4_intro_0.2_7
106,4,V,1995,Female,clvr_cost_0.4_intro_0.2_7
107,5,V,2164,Female,clvr_cost_0.4_intro_0.2_7
108,6,V,2588,Female,clvr_cost_0.4_intro_0.2_7
109,7,V,2909,Female,clvr_cost_0.4_intro_0.2_7
110,8,V,3352,Female,clvr_cost_0.4_intro_0.2_7
111,9,V,3965,Female,clvr_cost_0.4_intro_0.2_7
112,10,V,4519,Female,clvr_cost_0.4_intro_0.2_7
113,11,V,4996,Female,clvr_cost_0.4_intro_0.2_7
114,12,V,4976,Female,clvr_cost_0.4_intro_0.2_7
115,13,V,5170,Female,clvr_cost_0.4_intro_0.2_7
116,14,V,5156,Female,clvr_cost_0.4_intro_0.2_7
117,15,V,5030,Female,clvr_cost_0.4_intro_0.2_7
118,16,V,5192,Female,clvr_cost_0.4_intro_0.2_7
119,17,V,5140,Female,clvr_cost_0.4_intro_0.2_7
120,18,V,5066,Female,clvr_cost_0.4_intro_0.2_7
121,19,V,5160,Female,clvr_cost_0.4_intro_0.2_7
122,20,V,4874,Female,clvr_cost_0.4_intro_0.2_7
123,21,V,5002,Female,clvr_cost_0.4_intro_0.2_7
124,22,V,5150,Female,clvr_cost_0.4_intro_0.2_7
125,23,V,5198,Female,clvr_cost_0.4_intro_0.2_7
126,24,V,5260,Female,clvr_cost_0.4_intro_0.2_7
127,25,V,5242,Female,clvr_cost_0.4_intro_0.2_7
128,26,V,5232,Female,clvr_cost_0.4_intro_0.2_7
129,27,V,5112,Female,clvr_cost_0.4_intro_0.2_7
130,28,V,5180,Female,clvr_cost_0.4_intro_0.2_7
131,29,V,5160,Female,clvr_cost_0.4_intro_0.2_7
132,30,V,5310,Female,clvr_cost_0.4_intro_0.2_7
133,31,V,5288,Female,clvr_cost_0.4_intro_0.2_7
134,32,V,5354,Female,clvr_cost_0.4_intro_0.2_7
135,33,V,5230,Female,clvr_cost_0.4_intro_0.2_7
136,34,V,5352,Female,clvr_cost_0.4_intro_0.2_7
137,35,V,5100,Female,clvr_cost_0.4_intro_0.2_7
138,36,V,5098,Female,clvr_cost_0.4_intro_0.2_7
139,37,V,5188,Female,clvr_cost_0.4_intro_0.2_7
140,38,V,5076,Female,clvr_cost_0.4_intro_0.2_7
141,39,V,5146,Female,clvr_cost_0.4_intro_0.2_7
142,40,V,5054,Female,clvr_cost_0.4_intro_0.2_7
143,41,V,5086,Female,clvr_cost_0.4_intro_0.2_7
144,42,V,5056,Female,clvr_cost_0.4_intro_0.2_7
145,43,V,5066,Female,clvr_cost_0.4_intro_0.2_7
146,44,V,5182,Female,clvr_cost_0.4_intro_0.2_7
147,45,V,5100,Female,clvr_cost_0.4_intro_0.2_7
148,46,V,5140,Female,clvr_cost_0.4_intro_0.2_7
149,47,V,5016,Female,clvr_cost_0.4_intro_0.2_7
150,48,V,5246,Female,clvr_cost_0.4_intro_0.2_7
151,49,V,5144,Female,clvr_cost_0.4_intro_0.2_7
152,50,V,5170,Female,clvr_cost_0.4_intro_0.2_7
153,0,W,10000,Female,clvr_cost_0.4_intro_0.2_7
154,1,W,7202,Female,clvr_cost_0.4_intro_0.2_7
155,2,W,6153,Female,clvr_cost_0.4_intro_0.2_7
156,3,W,5602,Female,clvr_cost_0.4_intro_0.2_7
157,4,W,4595,Female,clvr_cost_0.4_intro_0.2_7
158,5,W,3520,Female,clvr_cost_0.4_intro_0.2_7
159,6,W,2640,Female,clvr_cost_0.4_intro_0.2_7
160,7,W,1631,Female,clvr_cost_0.4_intro_0.2_7
161,8,W,802,Female,clvr_cost_0.4_intro_0.2_7
162,9,W,217,Female,clvr_cost_0.4_intro_0.2_7
163,10,W,35,Female,clvr_cost_0.4_intro_0.2_7
164,11,W,4,Female,clvr_cost_0.4_intro_0.2_7
165,12,W,0,Female,clvr_cost_0.4_intro_0.2_7
166,13,W,0,Female,clvr_cost_0.4_intro_0.2_7
167,14,W,0,Female,clvr_cost_0.4_intro_0.2_7
168,15,W,0,Female,clvr_cost_0.4_intro_0.2_7
169,16,W,0,Female,clvr_cost_0.4_intro_0.2_7
170,17,W,0,Female,clvr_cost_0.4_intro_0.2_7
171,18,W,0,Female,clvr_cost_0.4_intro_0.2_7
172,19,W,0,Female,clvr_cost_0.4_intro_0.2_7
173,20,W,0,Female,clvr_cost_0.4_intro_0.2_7
174,21,W,0,Female,clvr_cost_0.4_intro_0.2_7
175,22,W,0,Female,clvr_cost_0.4_intro_0.2_7
176,23,W,0,Female,clvr_cost_0.4_intro_0.2_7
177,24,W,0,Female,clvr_cost_0.4_intro_0.2_7
178,25,W,0,Female,clvr_cost_0.4_intro_0.2_7
179,26,W,0,Female,clvr_cost_0.4_intro_0.2_7
180,27,W,0,Female,clvr_cost_0.4_intro_0.2_7
181,28,W,0,Female,clvr_cost_0.4_intro_0.2_7
182,29,W,0,Female,clvr_cost_0.4_intro_0.2_7
183,30,W,0,Female,clvr_cost_0.4_intro_0.2_7
184,31,W,0,Female,clvr_cost_0.4_intro_0.2_7
185,32,W,0,Female,clvr_cost_0.4_intro_0.2_7
186,33,W,0,Female,clvr_cost_0.4_intro_0.2_7
187,34,W,0,Female,clvr_cost_0.4_intro_0.2_7
188,35,W,0,Female,clvr_cost_0.4_intro_0.2_7
189,36,W,0,Female,clvr_cost_0.4_intro_0.2_7
190,37,W,0,Female,clvr_cost_0.4_intro_0.2_7
191,38,W,0,Female,clvr_cost_0.4_intro_0.2_7
192,39,W,0,Female,clvr_cost_0.4_intro_0.2_7
193,40,W,0,Female,clvr_cost_0.4_intro_0.2_7
194,41,W,0,Female,clvr_cost_0.4_intro_0.2_7
195,42,W,0,Female,clvr_cost_0.4_intro_0.2_7
196,43,W,0,Female,clvr_cost_0.4_intro_0.2_7
197,44,W,0,Female,clvr_cost_0.4_intro_0.2_7
198,45,W,0,Female,clvr_cost_0.4_intro_0.2_7
199,46,W,0,Female,clvr_cost_0.4_intro_0.2_7
200,47,W,0,Female,clvr_cost_0.4_intro_0.2_7
201,48,W,0,Female,clvr_cost_0.4_intro_0.2_7
202,49,W,0,Female,clvr_cost_0.4_intro_0.2_7
203,50,W,0,Female,clvr_cost_0.4_intro_0.2_7
204,0,C,4000,Male,clvr_cost_0.4_intro_0.2_7
205,1,C,1204,Male,clvr_cost_0.4_intro_0.2_7
206,2,C,1349,Male,clvr_cost_0.4_intro_0.2_7
207,3,C,1667,Male,clvr_cost_0.4_intro_0.2_7
208,4,C,1921,Male,clvr_cost_0.4_intro_0.2_7
209,5,C,2148,Male,clvr_cost_0.4_intro_0.2_7
210,6,C,2725,Male,clvr_cost_0.4_intro_0.2_7
211,7,C,2919,Male,clvr_cost_0.4_intro_0.2_7
212,8,C,3360,Male,clvr_cost_0.4_intro_0.2_7
213,9,C,3989,Male,clvr_cost_0.4_intro_0.2_7
214,10,C,4563,Male,clvr_cost_0.4_intro_0.2_7
215,11,C,5021,Male,clvr_cost_0.4_intro_0.2_7
216,12,C,5212,Male,clvr_cost_0.4_intro_0.2_7
217,13,C,5200,Male,clvr_cost_0.4_intro_0.2_7
218,14,C,5168,Male,clvr_cost_0.4_intro_0.2_7
219,15,C,5110,Male,clvr_cost_0.4_intro_0.2_7
220,16,C,5328,Male,clvr_cost_0.4_intro_0.2_7
221,17,C,5240,Male,clvr_cost_0.4_intro_0.2_7
222,18,C,5304,Male,clvr_cost_0.4_intro_0.2_7
223,19,C,5172,Male,clvr_cost_0.4_intro_0.2_7
224,20,C,5158,Male,clvr_cost_0.4_intro_0.2_7
225,21,C,5118,Male,clvr_cost_0.4_intro_0.2_7
226,22,C,5194,Male,clvr_cost_0.4_intro_0.2_7
227,23,C,5220,Male,clvr_cost_0.4_intro_0.2_7
228,24,C,5268,Male,clvr_cost_0.4_intro_0.2_7
229,25,C,5310,Male,clvr_cost_0.4_intro_0.2_7
230,26,C,5326,Male,clvr_cost_0.4_intro_0.2_7
231,27,C,5274,Male,clvr_cost_0.4_intro_0.2_7
232,28,C,5216,Male,clvr_cost_0.4_intro_0.2_7
233,29,C,5268,Male,clvr_cost_0.4_intro_0.2_7
234,30,C,5346,Male,clvr_cost_0.4_intro_0.2_7
235,31,C,5342,Male,clvr_cost_0.4_intro_0.2_7
236,32,C,5360,Male,clvr_cost_0.4_intro_0.2_7
237,33,C,5278,Male,clvr_cost_0.4_intro_0.2_7
238,34,C,5354,Male,clvr_cost_0.4_intro_0.2_7
239,35,C,5242,Male,clvr_cost_0.4_intro_0.2_7
240,36,C,5142,Male,clvr_cost_0.4_intro_0.2_7
241,37,C,5312,Male,clvr_cost_0.4_intro_0.2_7
242,38,C,5084,Male,clvr_cost_0.4_intro_0.2_7
243,39,C,5234,Male,clvr_cost_0.4_intro_0.2_7
244,40,C,5220,Male,clvr_cost_0.4_intro_0.2_7
245,41,C,5176,Male,clvr_cost_0.4_intro_0.2_7
246,42,C,5142,Male,clvr_cost_0.4_intro_0.2_7
247,43,C,5190,Male,clvr_cost_0.4_intro_0.2_7
248,44,C,5282,Male,clvr_cost_0.4_intro_0.2_7
249,45,C,5240,Male,clvr_cost_0.4_intro_0.2_7
250,46,C,5198,Male,clvr_cost_0.4_intro_0.2_7
251,47,C,5136,Male,clvr_cost_0.4_intro_0.2_7
252,48,C,5262,Male,clvr_cost_0.4_intro_0.2_7
253,49,C,5188,Male,clvr_cost_0.4_intro_0.2_7
254,50,C,5302,Male,clvr_cost_0.4_intro_0.2_7
255,0,A,10000,Male,clvr_cost_0.4_intro_0.2_7
256,1,A,7458,Male,clvr_cost_0.4_intro_0.2_7
257,2,A,6219,Male,clvr_cost_0.4_intro_0.2_7
258,3,A,5731,Male,clvr_cost_0.4_intro_0.2_7
259,4,A,4891,Male,clvr_cost_0.4_intro_0.2_7
260,5,A,3646,Male,clvr_cost_0.4_intro_0.2_7
261,6,A,2775,Male,clvr_cost_0.4_intro_0.2_7
262,7,A,1683,Male,clvr_cost_0.4_intro_0.2_7
263,8,A,806,Male,clvr_cost_0.4_intro_0.2_7
264,9,A,261,Male,clvr_cost_0.4_intro_0.2_7
265,10,A,43,Male,clvr_cost_0.4_intro_0.2_7
266,11,A,5,Male,clvr_cost_0.4_intro_0.2_7
267,12,A,2,Male,clvr_cost_0.4_intro_0.2_7
268,13,A,0,Male,clvr_cost_0.4_intro_0.2_7
269,14,A,0,Male,clvr_cost_0.4_intro_0.2_7
270,15,A,0,Male,clvr_cost_0.4_intro_0.2_7
271,16,A,0,Male,clvr_cost_0.4_intro_0.2_7
272,17,A,0,Male,clvr_cost_0.4_intro_0.2_7
273,18,A,0,Male,clvr_cost_0.4_intro_0.2_7
274,19,A,0,Male,clvr_cost_0.4_intro_0.2_7
275,20,A,0,Male,clvr_cost_0.4_intro_0.2_7
276,21,A,0,Male,clvr_cost_0.4_intro_0.2_7
277,22,A,0,Male,clvr_cost_0.4_intro_0.2_7
278,23,A,0,Male,clvr_cost_0.4_intro_0.2_7
279,24,A,0,Male,clvr_cost_0.4_intro_0.2_7
280,25,A,0,Male,clvr_cost_0.4_intro_0.2_7
281,26,A,0,Male,clvr_cost_0.4_intro_0.2_7
282,27,A,0,Male,clvr_cost_0.4_intro_0.2_7
283,28,A,0,Male,clvr_cost_0.4_intro_0.2_7
284,29,A,0,Male,clvr_cost_0.4_intro_0.2_7
285,30,A,0,Male,clvr_cost_0.4_intro_0.2_7
286,31,A,0,Male,clvr_cost_0.4_intro_0.2_7
287,32,A,0,Male,clvr_cost_0.4_intro_0.2_7
288,33,A,0,Male,clvr_cost_0.4_intro_0.2_7
289,34,A,0,Male,clvr_cost_0.4_intro_0.2_7
290,35,A,0,Male,clvr_cost_0.4_intro_0.2_7
291,36,A,0,Male,clvr_cost_0.4_intro_0.2_7
292,37,A,0,Male,clvr_cost_0.4_intro_0.2_7
293,38,A,0,Male,clvr_cost_0.4_intro_0.2_7
294,39,A,0,Male,clvr_cost_0.4_intro_0.2_7
295,40,A,0,Male,clvr_cost_0.4_intro_0.2_7
296,41,A,0,Male,clvr_cost_0.4_intro_0.2_7
297,42,A,0,Male,clvr_cost_0.4_intro_0.2_7
298,43,A,0,Male,clvr_cost_0.4_intro_0.2_7
299,44,A,0,Male,clvr_cost_0.4_intro_0.2_7
300,45,A,0,Male,clvr_cost_0.4_intro_0.2_7
301,46,A,0,Male,clvr_cost_0.4_intro_0.2_7
302,47,A,0,Male,clvr_cost_0.4_intro_0.2_7
303,48,A,0,Male,clvr_cost_0.4_intro_0.2_7
304,49,A,0,Male,clvr_cost_0.4_intro_0.2_7
305,50,A,0,Male,clvr_cost_0.4_intro_0.2_7
306,0,V,4000,Male,clvr_cost_0.4_intro_0.2_7
307,1,V,1204,Male,clvr_cost_0.4_intro_0.2_7
308,2,V,1383,Male,clvr_cost_0.4_intro_0.2_7
309,3,V,1705,Male,clvr_cost_0.4_intro_0.2_7
310,4,V,1959,Male,clvr_cost_0.4_intro_0.2_7
311,5,V,2195,Male,clvr_cost_0.4_intro_0.2_7
312,6,V,2772,Male,clvr_cost_0.4_intro_0.2_7
313,7,V,2973,Male,clvr_cost_0.4_intro_0.2_7
314,8,V,3401,Male,clvr_cost_0.4_intro_0.2_7
315,9,V,4007,Male,clvr_cost_0.4_intro_0.2_7
316,10,V,4569,Male,clvr_cost_0.4_intro_0.2_7
317,11,V,5023,Male,clvr_cost_0.4_intro_0.2_7
318,12,V,5213,Male,clvr_cost_0.4_intro_0.2_7
319,13,V,5200,Male,clvr_cost_0.4_intro_0.2_7
320,14,V,5168,Male,clvr_cost_0.4_intro_0.2_7
321,15,V,5110,Male,clvr_cost_0.4_intro_0.2_7
322,16,V,5328,Male,clvr_cost_0.4_intro_0.2_7
323,17,V,5240,Male,clvr_cost_0.4_intro_0.2_7
324,18,V,5304,Male,clvr_cost_0.4_intro_0.2_7
325,19,V,5172,Male,clvr_cost_0.4_intro_0.2_7
326,20,V,5158,Male,clvr_cost_0.4_intro_0.2_7
327,21,V,5118,Male,clvr_cost_0.4_intro_0.2_7
328,22,V,5194,Male,clvr_cost_0.4_intro_0.2_7
329,23,V,5220,Male,clvr_cost_0.4_intro_0.2_7
330,24,V,5268,Male,clvr_cost_0.4_intro_0.2_7
331,25,V,5310,Male,clvr_cost_0.4_intro_0.2_7
332,26,V,5326,Male,clvr_cost_0.4_intro_0.2_7
333,27,V,5274,Male,clvr_cost_0.4_intro_0.2_7
334,28,V,5216,Male,clvr_cost_0.4_intro_0.2_7
335,29,V,5268,Male,clvr_cost_0.4_intro_0.2_7
336,30,V,5346,Male,clvr_cost_0.4_intro_0.2_7
337,31,V,5342,Male,clvr_cost_0.4_intro_0.2_7
338,32,V,5360,Male,clvr_cost_0.4_intro_0.2_7
339,33,V,5278,Male,clvr_cost_0.4_intro_0.2_7
340,34,V,5354,Male,clvr_cost_0.4_intro_0.2_7
341,35,V,5242,Male,clvr_cost_0.4_intro_0.2_7
342,36,V,5142,Male,clvr_cost_0.4_intro_0.2_7
343,37,V,5312,Male,clvr_cost_0.4_intro_0.2_7
344,38,V,5084,Male,clvr_cost_0.4_intro_0.2_7
345,39,V,5234,Male,clvr_cost_0.4_intro_0.2_7
346,40,V,5220,Male,clvr_cost_0.4_intro_0.2_7
347,41,V,5176,Male,clvr_cost_0.4_intro_0.2_7
348,42,V,5142,Male,clvr_cost_0.4_intro_0.2_7
349,43,V,5190,Male,clvr_cost_0.4_intro_0.2_7
350,44,V,5282,Male,clvr_cost_0.4_intro_0.2_7
351,45,V,5240,Male,clvr_cost_0.4_intro_0.2_7
352,46,V,5198,Male,clvr_cost_0.4_intro_0.2_7
353,47,V,5136,Male,clvr_cost_0.4_intro_0.2_7
354,48,V,5262,Male,clvr_cost_0.4_intro_0.2_7
355,49,V,5188,Male,clvr_cost_0.4_intro_0.2_7
356,50,V,5302,Male,clvr_cost_0.4_intro_0.2_7
357,0,W,10000,Male,clvr_cost_0.4_intro_0.2_7
358,1,W,7458,Male,clvr_cost_0.4_intro_0.2_7
359,2,W,6185,Male,clvr_cost_0.4_intro_0.2_7
360,3,W,5693,Male,clvr_cost_0.4_intro_0.2_7
361,4,W,4853,Male,clvr_cost_0.4_intro_0.2_7
362,5,W,3599,Male,clvr_cost_0.4_intro_0.2_7
363,6,W,2728,Male,clvr_cost_0.4_intro_0.2_7
364,7,W,1629,Male,clvr_cost_0.4_intro_0.2_7
365,8,W,765,Male,clvr_cost_0.4_intro_0.2_7
366,9,W,243,Male,clvr_cost_0.4_intro_0.2_7
367,10,W,37,Male,clvr_cost_0.4_intro_0.2_7
368,11,W,3,Male,clvr_cost_0.4_intro_0.2_7
369,12,W,1,Male,clvr_cost_0.4_intro_0.2_7
370,13,W,0,Male,clvr_cost_0.4_intro_0.2_7
371,14,W,0,Male,clvr_cost_0.4_intro_0.2_7
372,15,W,0,Male,clvr_cost_0.4_intro_0.2_7
373,16,W,0,Male,clvr_cost_0.4_intro_0.2_7
374,17,W,0,Male,clvr_cost_0.4_intro_0.2_7
375,18,W,0,Male,clvr_cost_0.4_intro_0.2_7
376,19,W,0,Male,clvr_cost_0.4_intro_0.2_7
377,20,W,0,Male,clvr_cost_0.4_intro_0.2_7
378,21,W,0,Male,clvr_cost_0.4_intro_0.2_7
379,22,W,0,Male,clvr_cost_0.4_intro_0.2_7
380,23,W,0,Male,clvr_cost_0.4_intro_0.2_7
381,24,W,0,Male,clvr_cost_0.4_intro_0.2_7
382,25,W,0,Male,clvr_cost_0.4_intro_0.2_7
383,26,W,0,Male,clvr_cost_0.4_intro_0.2_7
384,27,W,0,Male,clvr_cost_0.4_intro_0.2_7
385,28,W,0,Male,clvr_cost_0.4_intro_0.2_7
386,29,W,0,Male,clvr_cost_0.4_intro_0.2_7
387,30,W,0,Male,clvr_cost_0.4_intro_0.2_7
388,31,W,0,Male,clvr_cost_0.4_intro_0.2_7
389,32,W,0,Male,clvr_cost_0.4_intro_0.2_7
390,33,W,0,Male,clvr_cost_0.4_intro_0.2_7
391,34,W,0,Male,clvr_cost_0.4_intro_0.2_7
392,35,W,0,Male,clvr_cost_0.4_intro_0.2_7
393,36,W,0,Male,clvr_cost_0.4_intro_0.2_7
394,37,W,0,Male,clvr_cost_0.4_intro_0.2_7
395,38,W,0,Male,clvr_cost_0.4_intro_0.2_7
396,39,W,0,Male,clvr_cost_0.4_intro_0.2_7
397,40,W,0,Male,clvr_cost_0.4_intro_0.2_7
398,41,W,0,Male,clvr_cost_0.4_intro_0.2_7
399,42,W,0,Male,clvr_cost_0.4_intro_0.2_7
400,43,W,0,Male,clvr_cost_0.4_intro_0.2_7
401,44,W,0,Male,clvr_cost_0.4_intro_0.2_7
402,45,W,0,Male,clvr_cost_0.4_intro_0.2_7
403,46,W,0,Male,clvr_cost_0.4_intro_0.2_7
404,47,W,0,Male,clvr_cost_0.4_intro_0.2_7
405,48,W,0,Male,clvr_cost_0.4_intro_0.2_7
406,49,W,0,Male,clvr_cost_0.4_intro_0.2_7
407,50,W,0,Male,clvr_cost_0.4_intro_0.2_7
,Generation,Allele,Count,Sex,Run
0,0,C,0,Female,clvr_cost_0.4_intro_0.2_8
1,1,C,1180,Female,clvr_cost_0.4_intro_0.2_8
2,2,C,1266,Female,clvr_cost_0.4_intro_0.2_8
3,3,C,1595,Female,clvr_cost_0.4_intro_0.2_8
4,4,C,1888,Female,clvr_cost_0.4_intro_0.2_8
5,5,C,2277,Female,clvr_cost_0.4_intro_0.2_8
6,6,C,2687,Female,clvr_cost_0.4_intro_0.2_8
7,7,C,2993,Female,clvr_cost_0.4_intro_0.2_8
8,8,C,3682,Female,clvr_cost_0.4_intro_0.2_8
9,9,C,4017,Female,clvr_cost_0.4_intro_0.2_8
10,10,C,4605,Female,clvr_cost_0.4_intro_0.2_8
11,11,C,4866,Female,clvr_cost_0.4_intro_0.2_8
12,12,C,5021,Female,clvr_cost_0.4_intro_0.2_8
13,13,C,5080,Female,clvr_cost_0.4_intro_0.2_8
14,14,C,5036,Female,clvr_cost_0.4_intro_0.2_8
15,15,C,5110,Female,clvr_cost_0.4_intro_0.2_8
16,16,C,5026,Female,clvr_cost_0.4_intro_0.2_8
17,17,C,5108,Female,clvr_cost_0.4_intro_0.2_8
18,18,C,5206,Female,clvr_cost_0.4_intro_0.2_8
19,19,C,5136,Female,clvr_cost_0.4_intro_0.2_8
20,20,C,5080,Female,clvr_cost_0.4_intro_0.2_8
21,21,C,5112,Female,clvr_cost_0.4_intro_0.2_8
22,22,C,4980,Female,clvr_cost_0.4_intro_0.2_8
23,23,C,5122,Female,clvr_cost_0.4_intro_0.2_8
24,24,C,5274,Female,clvr_cost_0.4_intro_0.2_8
25,25,C,5238,Female,clvr_cost_0.4_intro_0.2_8
26,26,C,5244,Female,clvr_cost_0.4_intro_0.2_8
27,27,C,5166,Female,clvr_cost_0.4_intro_0.2_8
28,28,C,5166,Female,clvr_cost_0.4_intro_0.2_8
29,29,C,5188,Female,clvr_cost_0.4_intro_0.2_8
30,30,C,5352,Female,clvr_cost_0.4_intro_0.2_8
31,31,C,5274,Female,clvr_cost_0.4_intro_0.2_8
32,32,C,5318,Female,clvr_cost_0.4_intro_0.2_8
33,33,C,5310,Female,clvr_cost_0.4_intro_0.2_8
34,34,C,5270,Female,clvr_cost_0.4_intro_0.2_8
35,35,C,5308,Female,clvr_cost_0.4_intro_0.2_8
36,36,C,5080,Female,clvr_cost_0.4_intro_0.2_8
37,37,C,5046,Female,clvr_cost_0.4_intro_0.2_8
38,38,C,5106,Female,clvr_cost_0.4_intro_0.2_8
39,39,C,5026,Female,clvr_cost_0.4_intro_0.2_8
40,40,C,5192,Female,clvr_cost_0.4_intro_0.2_8
41,41,C,5214,Female,clvr_cost_0.4_intro_0.2_8
42,42,C,5214,Female,clvr_cost_0.4_intro_0.2_8
43,43,C,5112,Female,clvr_cost_0.4_intro_0.2_8
44,44,C,5232,Female,clvr_cost_0.4_intro_0.2_8
45,45,C,5302,Female,clvr_cost_0.4_intro_0.2_8
46,46,C,5036,Female,clvr_cost_0.4_intro_0.2_8
47,47,C,5118,Female,clvr_cost_0.4_intro_0.2_8
48,48,C,5028,Female,clvr_cost_0.4_intro_0.2_8
49,49,C,5104,Female,clvr_cost_0.4_intro_0.2_8
50,50,C,5038,Female,clvr_cost_0.4_intro_0.2_8
51,0,A,10000,Female,clvr_cost_0.4_intro_0.2_8
52,1,A,7444,Female,clvr_cost_0.4_intro_0.2_8
53,2,A,6448,Female,clvr_cost_0.4_intro_0.2_8
54,3,A,5617,Female,clvr_cost_0.4_intro_0.2_8
55,4,A,4732,Female,clvr_cost_0.4_intro_0.2_8
56,5,A,3835,Female,clvr_cost_0.4_intro_0.2_8
57,6,A,2641,Female,clvr_cost_0.4_intro_0.2_8
58,7,A,1645,Female,clvr_cost_0.4_intro_0.2_8
59,8,A,852,Female,clvr_cost_0.4_intro_0.2_8
60,9,A,213,Female,clvr_cost_0.4_intro_0.2_8
61,10,A,21,Female,clvr_cost_0.4_intro_0.2_8
62,11,A,2,Female,clvr_cost_0.4_intro_0.2_8
63,12,A,1,Female,clvr_cost_0.4_intro_0.2_8
64,13,A,0,Female,clvr_cost_0.4_intro_0.2_8
65,14,A,0,Female,clvr_cost_0.4_intro_0.2_8
66,15,A,0,Female,clvr_cost_0.4_intro_0.2_8
67,16,A,0,Female,clvr_cost_0.4_intro_0.2_8
68,17,A,0,Female,clvr_cost_0.4_intro_0.2_8
69,18,A,0,Female,clvr_cost_0.4_intro_0.2_8
70,19,A,0,Female,clvr_cost_0.4_intro_0.2_8
71,20,A,0,Female,clvr_cost_0.4_intro_0.2_8
72,21,A,0,Female,clvr_cost_0.4_intro_0.2_8
73,22,A,0,Female,clvr_cost_0.4_intro_0.2_8
74,23,A,0,Female,clvr_cost_0.4_intro_0.2_8
75,24,A,0,Female,clvr_cost_0.4_intro_0.2_8
76,25,A,0,Female,clvr_cost_0.4_intro_0.2_8
77,26,A,0,Female,clvr_cost_0.4_intro_0.2_8
78,27,A,0,Female,clvr_cost_0.4_intro_0.2_8
79,28,A,0,Female,clvr_cost_0.4_intro_0.2_8
80,29,A,0,Female,clvr_cost_0.4_intro_0.2_8
81,30,A,0,Female,clvr_cost_0.4_intro_0.2_8
82,31,A,0,Female,clvr_cost_0.4_intro_0.2_8
83,32,A,0,Female,clvr_cost_0.4_intro_0.2_8
84,33,A,0,Female,clvr_cost_0.4_intro_0.2_8
85,34,A,0,Female,clvr_cost_0.4_intro_0.2_8
86,35,A,0,Female,clvr_cost_0.4_intro_0.2_8
87,36,A,0,Female,clvr_cost_0.4_intro_0.2_8
88,37,A,0,Female,clvr_cost_0.4_intro_0.2_8
89,38,A,0,Female,clvr_cost_0.4_intro_0.2_8
90,39,A,0,Female,clvr_cost_0.4_intro_0.2_8
91,40,A,0,Female,clvr_cost_0.4_intro_0.2_8
92,41,A,0,Female,clvr_cost_0.4_intro_0.2_8
93,42,A,0,Female,clvr_cost_0.4_intro_0.2_8
94,43,A,0,Female,clvr_cost_0.4_intro_0.2_8
95,44,A,0,Female,clvr_cost_0.4_intro_0.2_8
96,45,A,0,Female,clvr_cost_0.4_intro_0.2_8
97,46,A,0,Female,clvr_cost_0.4_intro_0.2_8
98,47,A,0,Female,clvr_cost_0.4_intro_0.2_8
99,48,A,0,Female,clvr_cost_0.4_intro_0.2_8
100,49,A,0,Female,clvr_cost_0.4_intro_0.2_8
101,50,A,0,Female,clvr_cost_0.4_intro_0.2_8
102,0,V,0,Female,clvr_cost_0.4_intro_0.2_8
103,1,V,1180,Female,clvr_cost_0.4_intro_0.2_8
104,2,V,1305,Female,clvr_cost_0.4_intro_0.2_8
105,3,V,1624,Female,clvr_cost_0.4_intro_0.2_8
106,4,V,1928,Female,clvr_cost_0.4_intro_0.2_8
107,5,V,2319,Female,clvr_cost_0.4_intro_0.2_8
108,6,V,2734,Female,clvr_cost_0.4_intro_0.2_8
109,7,V,3043,Female,clvr_cost_0.4_intro_0.2_8
110,8,V,3720,Female,clvr_cost_0.4_intro_0.2_8
111,9,V,4044,Female,clvr_cost_0.4_intro_0.2_8
112,10,V,4609,Female,clvr_cost_0.4_intro_0.2_8
113,11,V,4867,Female,clvr_cost_0.4_intro_0.2_8
114,12,V,5021,Female,clvr_cost_0.4_intro_0.2_8
115,13,V,5080,Female,clvr_cost_0.4_intro_0.2_8
116,14,V,5036,Female,clvr_cost_0.4_intro_0.2_8
117,15,V,5110,Female,clvr_cost_0.4_intro_0.2_8
118,16,V,5026,Female,clvr_cost_0.4_intro_0.2_8
119,17,V,5108,Female,clvr_cost_0.4_intro_0.2_8
120,18,V,5206,Female,clvr_cost_0.4_intro_0.2_8
121,19,V,5136,Female,clvr_cost_0.4_intro_0.2_8
122,20,V,5080,Female,clvr_cost_0.4_intro_0.2_8
123,21,V,5112,Female,clvr_cost_0.4_intro_0.2_8
124,22,V,4980,Female,clvr_cost_0.4_intro_0.2_8
125,23,V,5122,Female,clvr_cost_0.4_intro_0.2_8
126,24,V,5274,Female,clvr_cost_0.4_intro_0.2_8
127,25,V,5238,Female,clvr_cost_0.4_intro_0.2_8
128,26,V,5244,Female,clvr_cost_0.4_intro_0.2_8
129,27,V,5166,Female,clvr_cost_0.4_intro_0.2_8
130,28,V,5166,Female,clvr_cost_0.4_intro_0.2_8
131,29,V,5188,Female,clvr_cost_0.4_intro_0.2_8
132,30,V,5352,Female,clvr_cost_0.4_intro_0.2_8
133,31,V,5274,Female,clvr_cost_0.4_intro_0.2_8
134,32,V,5318,Female,clvr_cost_0.4_intro_0.2_8
135,33,V,5310,Female,clvr_cost_0.4_intro_0.2_8
136,34,V,5270,Female,clvr_cost_0.4_intro_0.2_8
137,35,V,5308,Female,clvr_cost_0.4_intro_0.2_8
138,36,V,5080,Female,clvr_cost_0.4_intro_0.2_8
139,37,V,5046,Female,clvr_cost_0.4_intro_0.2_8
140,38,V,5106,Female,clvr_cost_0.4_intro_0.2_8
141,39,V,5026,Female,clvr_cost_0.4_intro_0.2_8
142,40,V,5192,Female,clvr_cost_0.4_intro_0.2_8
143,41,V,5214,Female,clvr_cost_0.4_intro_0.2_8
144,42,V,5214,Female,clvr_cost_0.4_intro_0.2_8
145,43,V,5112,Female,clvr_cost_0.4_intro_0.2_8
146,44,V,5232,Female,clvr_cost_0.4_intro_0.2_8
147,45,V,5302,Female,clvr_cost_0.4_intro_0.2_8
148,46,V,5036,Female,clvr_cost_0.4_intro_0.2_8
149,47,V,5118,Female,clvr_cost_0.4_intro_0.2_8
150,48,V,5028,Female,clvr_cost_0.4_intro_0.2_8
151,49,V,5104,Female,clvr_cost_0.4_intro_0.2_8
152,50,V,5038,Female,clvr_cost_0.4_intro_0.2_8
153,0,W,10000,Female,clvr_cost_0.4_intro_0.2_8
154,1,W,7444,Female,clvr_cost_0.4_intro_0.2_8
155,2,W,6409,Female,clvr_cost_0.4_intro_0.2_8
156,3,W,5588,Female,clvr_cost_0.4_intro_0.2_8
157,4,W,4692,Female,clvr_cost_0.4_intro_0.2_8
158,5,W,3793,Female,clvr_cost_0.4_intro_0.2_8
159,6,W,2594,Female,clvr_cost_0.4_intro_0.2_8
160,7,W,1595,Female,clvr_cost_0.4_intro_0.2_8
161,8,W,814,Female,clvr_cost_0.4_intro_0.2_8
162,9,W,186,Female,clvr_cost_0.4_intro_0.2_8
163,10,W,17,Female,clvr_cost_0.4_intro_0.2_8
164,11,W,1,Female,clvr_cost_0.4_intro_0.2_8
165,12,W,1,Female,clvr_cost_0.4_intro_0.2_8
166,13,W,0,Female,clvr_cost_0.4_intro_0.2_8
167,14,W,0,Female,clvr_cost_0.4_intro_0.2_8
168,15,W,0,Female,clvr_cost_0.4_intro_0.2_8
169,16,W,0,Female,clvr_cost_0.4_intro_0.2_8
170,17,W,0,Female,clvr_cost_0.4_intro_0.2_8
171,18,W,0,Female,clvr_cost_0.4_intro_0.2_8
172,19,W,0,Female,clvr_cost_0.4_intro_0.2_8
173,20,W,0,Female,clvr_cost_0.4_intro_0.2_8
174,21,W,0,Female,clvr_cost_0.4_intro_0.2_8
175,22,W,0,Female,clvr_cost_0.4_intro_0.2_8
176,23,W,0,Female,clvr_cost_0.4_intro_0.2_8
177,24,W,0,Female,clvr_cost_0.4_intro_0.2_8
178,25,W,0,Female,clvr_cost_0.4_intro_0.2_8
179,26,W,0,Female,clvr_cost_0.4_intro_0.2_8
180,27,W,0,Female,clvr_cost_0.4_intro_0.2_8
181,28,W,0,Female,clvr_cost_0.4_intro_0.2_8
182,29,W,0,Female,clvr_cost_0.4_intro_0.2_8
183,30,W,0,Female,clvr_cost_0.4_intro_0.2_8
184,31,W,0,Female,clvr_cost_0.4_intro_0.2_8
185,32,W,0,Female,clvr_cost_0.4_intro_0.2_8
186,33,W,0,Female,clvr_cost_0.4_intro_0.2_8
187,34,W,0,Female,clvr_cost_0.4_intro_0.2_8
188,35,W,0,Female,clvr_cost_0.4_intro_0.2_8
189,36,W,0,Female,clvr_cost_0.4_intro_0.2_8
190,37,W,0,Female,clvr_cost_0.4_intro_0.2_8
191,38,W,0,Female,clvr_cost_0.4_intro_0.2_8
192,39,W,0,Female,clvr_cost_0.4_intro_0.2_8
193,40,W,0,Female,clvr_cost_0.4_intro_0.2_8
194,41,W,0,Female,clvr_cost_0.4_intro_0.2_8
195,42,W,0,Female,clvr_cost_0.4_intro_0.2_8
196,43,W,0,Female,clvr_cost_0.4_intro_0.2_8
197,44,W,0,Female,clvr_cost_0.4_intro_0.2_8
198,45,W,0,Female,clvr_cost_0.4_intro_0.2_8
199,46,W,0,Female,clvr_cost_0.4_intro_0.2_8
200,47,W,0,Female,clvr_cost_0.4_intro_0.2_8
201,48,W,0,Female,clvr_cost_0.4_intro_0.2_8
202,49,W,0,Female,clvr_cost_0.4_intro_0.2_8
203,50,W,0,Female,clvr_cost_0.4_intro_0.2_8
204,0,C,4000,Male,clvr_cost_0.4_intro_0.2_8
205,1,C,1158,Male,clvr_cost_0.4_intro_0.2_8
206,2,C,1411,Male,clvr_cost_0.4_intro_0.2_8
207,3,C,1661,Male,clvr_cost_0.4_intro_0.2_8
208,4,C,1876,Male,clvr_cost_0.4_intro_0.2_8
209,5,C,2286,Male,clvr_cost_0.4_intro_0.2_8
210,6,C,2660,Male,clvr_cost_0.4_intro_0.2_8
211,7,C,3010,Male,clvr_cost_0.4_intro_0.2_8
212,8,C,3762,Male,clvr_cost_0.4_intro_0.2_8
213,9,C,4102,Male,clvr_cost_0.4_intro_0.2_8
214,10,C,4666,Male,clvr_cost_0.4_intro_0.2_8
215,11,C,5141,Male,clvr_cost_0.4_intro_0.2_8
216,12,C,5050,Male,clvr_cost_0.4_intro_0.2_8
217,13,C,5128,Male,clvr_cost_0.4_intro_0.2_8
218,14,C,5064,Male,clvr_cost_0.4_intro_0.2_8
219,15,C,5232,Male,clvr_cost_0.4_intro_0.2_8
220,16,C,5280,Male,clvr_cost_0.4_intro_0.2_8
221,17,C,5244,Male,clvr_cost_0.4_intro_0.2_8
222,18,C,5212,Male,clvr_cost_0.4_intro_0.2_8
223,19,C,5298,Male,clvr_cost_0.4_intro_0.2_8
224,20,C,5090,Male,clvr_cost_0.4_intro_0.2_8
225,21,C,5214,Male,clvr_cost_0.4_intro_0.2_8
226,22,C,5066,Male,clvr_cost_0.4_intro_0.2_8
227,23,C,5186,Male,clvr_cost_0.4_intro_0.2_8
228,24,C,5284,Male,clvr_cost_0.4_intro_0.2_8
229,25,C,5398,Male,clvr_cost_0.4_intro_0.2_8
230,26,C,5274,Male,clvr_cost_0.4_intro_0.2_8
231,27,C,5190,Male,clvr_cost_0.4_intro_0.2_8
232,28,C,5370,Male,clvr_cost_0.4_intro_0.2_8
233,29,C,5208,Male,clvr_cost_0.4_intro_0.2_8
234,30,C,5356,Male,clvr_cost_0.4_intro_0.2_8
235,31,C,5350,Male,clvr_cost_0.4_intro_0.2_8
236,32,C,5318,Male,clvr_cost_0.4_intro_0.2_8
237,33,C,5346,Male,clvr_cost_0.4_intro_0.2_8
238,34,C,5314,Male,clvr_cost_0.4_intro_0.2_8
239,35,C,5336,Male,clvr_cost_0.4_intro_0.2_8
240,36,C,5322,Male,clvr_cost_0.4_intro_0.2_8
241,37,C,5272,Male,clvr_cost_0.4_intro_0.2_8
242,38,C,5192,Male,clvr_cost_0.4_intro_0.2_8
243,39,C,5232,Male,clvr_cost_0.4_intro_0.2_8
244,40,C,5222,Male,clvr_cost_0.4_intro_0.2_8
245,41,C,5404,Male,clvr_cost_0.4_intro_0.2_8
246,42,C,5312,Male,clvr_cost_0.4_intro_0.2_8
247,43,C,5254,Male,clvr_cost_0.4_intro_0.2_8
248,44,C,5254,Male,clvr_cost_0.4_intro_0.2_8
249,45,C,5400,Male,clvr_cost_0.4_intro_0.2_8
250,46,C,5114,Male,clvr_cost_0.4_intro_0.2_8
251,47,C,5210,Male,clvr_cost_0.4_intro_0.2_8
252,48,C,5232,Male,clvr_cost_0.4_intro_0.2_8
253,49,C,5144,Male,clvr_cost_0.4_intro_0.2_8
254,50,C,5160,Male,clvr_cost_0.4_intro_0.2_8
255,0,A,10000,Male,clvr_cost_0.4_intro_0.2_8
256,1,A,7480,Male,clvr_cost_0.4_intro_0.2_8
257,2,A,6465,Male,clvr_cost_0.4_intro_0.2_8
258,3,A,5919,Male,clvr_cost_0.4_intro_0.2_8
259,4,A,4810,Male,clvr_cost_0.4_intro_0.2_8
260,5,A,3910,Male,clvr_cost_0.4_intro_0.2_8
261,6,A,2800,Male,clvr_cost_0.4_intro_0.2_8
262,7,A,1634,Male,clvr_cost_0.4_intro_0.2_8
263,8,A,856,Male,clvr_cost_0.4_intro_0.2_8
264,9,A,228,Male,clvr_cost_0.4_intro_0.2_8
265,10,A,30,Male,clvr_cost_0.4_intro_0.2_8
266,11,A,3,Male,clvr_cost_0.4_intro_0.2_8
267,12,A,0,Male,clvr_cost_0.4_intro_0.2_8
268,13,A,0,Male,clvr_cost_0.4_intro_0.2_8
269,14,A,0,Male,clvr_cost_0.4_intro_0.2_8
270,15,A,0,Male,clvr_cost_0.4_intro_0.2_8
271,16,A,0,Male,clvr_cost_0.4_intro_0.2_8
272,17,A,0,Male,clvr_cost_0.4_intro_0.2_8
273,18,A,0,Male,clvr_cost_0.4_intro_0.2_8
274,19,A,0,Male,clvr_cost_0.4_intro_0.2_8
275,20,A,0,Male,clvr_cost_0.4_intro_0.2_8
276,21,A,0,Male,clvr_cost_0.4_intro_0.2_8
277,22,A,0,Male,clvr_cost_0.4_intro_0.2_8
278,23,A,0,Male,clvr_cost_0.4_intro_0.2_8
279,24,A,0,Male,clvr_cost_0.4_intro_0.2_8
280,25,A,0,Male,clvr_cost_0.4_intro_0.2_8
281,26,A,0,Male,clvr_cost_0.4_intro_0.2_8
282,27,A,0,Male,clvr_cost_0.4_intro_0.2_8
283,28,A,0,Male,clvr_cost_0.4_intro_0.2_8
284,29,A,0,Male,clvr_cost_0.4_intro_0.2_8
285,30,A,0,Male,clvr_cost_0.4_intro_0.2_8
286,31,A,0,Male,clvr_cost_0.4_intro_0.2_8
287,32,A,0,Male,clvr_cost_0.4_intro_0.2_8
288,33,A,0,Male,clvr_cost_0.4_intro_0.2_8
289,34,A,0,Male,clvr_cost_0.4_intro_0.2_8
290,35,A,0,Male,clvr_cost_0.4_intro_0.2_8
291,36,A,0,Male,clvr_cost_0.4_intro_0.2_8
292,37,A,0,Male,clvr_cost_0.4_intro_0.2_8
293,38,A,0,Male,clvr_cost_0.4_intro_0.2_8
294,39,A,0,Male,clvr_cost_0.4_intro_0.2_8
295,40,A,0,Male,clvr_cost_0.4_intro_0.2_8
296,41,A,0,Male,clvr_cost_0.4_intro_0.2_8
297,42,A,0,Male,clvr_cost_0.4_intro_0.2_8
298,43,A,0,Male,clvr_cost_0.4_intro_0.2_8
299,44,A,0,Male,clvr_cost_0.4_intro_0.2_8
300,45,A,0,Male,clvr_cost_0.4_intro_0.2_8
301,46,A,0,Male,clvr_cost_0.4_intro_0.2_8
302,47,A,0,Male,clvr_cost_0.4_intro_0.2_8
303,48,A,0,Male,clvr_cost_0.4_intro_0.2_8
304,49,A,0,Male,clvr_cost_0.4_intro_0.2_8
305,50,A,0,Male,clvr_cost_0.4_intro_0.2_8
306,0,V,4000,Male,clvr_cost_0.4_intro_0.2_8
307,1,V,1158,Male,clvr_cost_0.4_intro_0.2_8
308,2,V,1439,Male,clvr_cost_0.4_intro_0.2_8
309,3,V,1693,Male,clvr_cost_0.4_intro_0.2_8
310,4,V,1915,Male,clvr_cost_0.4_intro_0.2_8
311,5,V,2332,Male,clvr_cost_0.4_intro_0.2_8
312,6,V,2709,Male,clvr_cost_0.4_intro_0.2_8
313,7,V,3059,Male,clvr_cost_0.4_intro_0.2_8
314,8,V,3799,Male,clvr_cost_0.4_intro_0.2_8
315,9,V,4129,Male,clvr_cost_0.4_intro_0.2_8
316,10,V,4676,Male,clvr_cost_0.4_intro_0.2_8
317,11,V,5143,Male,clvr_cost_0.4_intro_0.2_8
318,12,V,5050,Male,clvr_cost_0.4_intro_0.2_8
319,13,V,5128,Male,clvr_cost_0.4_intro_0.2_8
320,14,V,5064,Male,clvr_cost_0.4_intro_0.2_8
321,15,V,5232,Male,clvr_cost_0.4_intro_0.2_8
322,16,V,5280,Male,clvr_cost_0.4_intro_0.2_8
323,17,V,5244,Male,clvr_cost_0.4_intro_0.2_8
324,18,V,5212,Male,clvr_cost_0.4_intro_0.2_8
325,19,V,5298,Male,clvr_cost_0.4_intro_0.2_8
326,20,V,5090,Male,clvr_cost_0.4_intro_0.2_8
327,21,V,5214,Male,clvr_cost_0.4_intro_0.2_8
328,22,V,5066,Male,clvr_cost_0.4_intro_0.2_8
329,23,V,5186,Male,clvr_cost_0.4_intro_0.2_8
330,24,V,5284,Male,clvr_cost_0.4_intro_0.2_8
331,25,V,5398,Male,clvr_cost_0.4_intro_0.2_8
332,26,V,5274,Male,clvr_cost_0.4_intro_0.2_8
333,27,V,5190,Male,clvr_cost_0.4_intro_0.2_8
334,28,V,5370,Male,clvr_cost_0.4_intro_0.2_8
335,29,V,5208,Male,clvr_cost_0.4_intro_0.2_8
336,30,V,5356,Male,clvr_cost_0.4_intro_0.2_8
337,31,V,5350,Male,clvr_cost_0.4_intro_0.2_8
338,32,V,5318,Male,clvr_cost_0.4_intro_0.2_8
339,33,V,5346,Male,clvr_cost_0.4_intro_0.2_8
340,34,V,5314,Male,clvr_cost_0.4_intro_0.2_8
341,35,V,5336,Male,clvr_cost_0.4_intro_0.2_8
342,36,V,5322,Male,clvr_cost_0.4_intro_0.2_8
343,37,V,5272,Male,clvr_cost_0.4_intro_0.2_8
344,38,V,5192,Male,clvr_cost_0.4_intro_0.2_8
345,39,V,5232,Male,clvr_cost_0.4_intro_0.2_8
346,40,V,5222,Male,clvr_cost_0.4_intro_0.2_8
347,41,V,5404,Male,clvr_cost_0.4_intro_0.2_8
348,42,V,5312,Male,clvr_cost_0.4_intro_0.2_8
349,43,V,5254,Male,clvr_cost_0.4_intro_0.2_8
350,44,V,5254,Male,clvr_cost_0.4_intro_0.2_8
351,45,V,5400,Male,clvr_cost_0.4_intro_0.2_8
352,46,V,5114,Male,clvr_cost_0.4_intro_0.2_8
353,47,V,5210,Male,clvr_cost_0.4_intro_0.2_8
354,48,V,5232,Male,clvr_cost_0.4_intro_0.2_8
355,49,V,5144,Male,clvr_cost_0.4_intro_0.2_8
356,50,V,5160,Male,clvr_cost_0.4_intro_0.2_8
357,0,W,10000,Male,clvr_cost_0.4_intro_0.2_8
358,1,W,7480,Male,clvr_cost_0.4_intro_0.2_8
359,2,W,6437,Male,clvr_cost_0.4_intro_0.2_8
360,3,W,5887,Male,clvr_cost_0.4_intro_0.2_8
361,4,W,4771,Male,clvr_cost_0.4_intro_0.2_8
362,5,W,3864,Male,clvr_cost_0.4_intro_0.2_8
363,6,W,2751,Male,clvr_cost_0.4_intro_0.2_8
364,7,W,1585,Male,clvr_cost_0.4_intro_0.2_8
365,8,W,819,Male,clvr_cost_0.4_intro_0.2_8
366,9,W,201,Male,clvr_cost_0.4_intro_0.2_8
367,10,W,20,Male,clvr_cost_0.4_intro_0.2_8
368,11,W,1,Male,clvr_cost_0.4_intro_0.2_8
369,12,W,0,Male,clvr_cost_0.4_intro_0.2_8
370,13,W,0,Male,clvr_cost_0.4_intro_0.2_8
371,14,W,0,Male,clvr_cost_0.4_intro_0.2_8
372,15,W,0,Male,clvr_cost_0.4_intro_0.2_8
373,16,W,0,Male,clvr_cost_0.4_intro_0.2_8
374,17,W,0,Male,clvr_cost_0.4_intro_0.2_8
375,18,W,0,Male,clvr_cost_0.4_intro_0.2_8
376,19,W,0,Male,clvr_cost_0.4_intro_0.2_8
377,20,W,0,Male,clvr_cost_0.4_intro_0.2_8
378,21,W,0,Male,clvr_cost_0.4_intro_0.2_8
379,22,W,0,Male,clvr_cost_0.4_intro_0.2_8
380,23,W,0,Male,clvr_cost_0.4_intro_0.2_8
381,24,W,0,Male,clvr_cost_0.4_intro_0.2_8
382,25,W,0,Male,clvr_cost_0.4_intro_0.2_8
383,26,W,0,Male,clvr_cost_0.4_intro_0.2_8
384,27,W,0,Male,clvr_cost_0.4_intro_0.2_8
385,28,W,0,Male,clvr_cost_0.4_intro_0.2_8
386,29,W,0,Male,clvr_cost_0.4_intro_0.2_8
387,30,W,0,Male,clvr_cost_0.4_intro_0.2_8
388,31,W,0,Male,clvr_cost_0.4_intro_0.2_8
389,32,W,0,Male,clvr_cost_0.4_intro_0.2_8
390,33,W,0,Male,clvr_cost_0.4_intro_0.2_8
391,34,W,0,Male,clvr_cost_0.4_intro_0.2_8
392,35,W,0,Male,clvr_cost_0.4_intro_0.2_8
393,36,W,0,Male,clvr_cost_0.4_intro_0.2_8
394,37,W,0,Male,clvr_cost_0.4_intro_0.2_8
395,38,W,0,Male,clvr_cost_0.4_intro_0.2_8
396,39,W,0,Male,clvr_cost_0.4_intro_0.2_8
397,40,W,0,Male,clvr_cost_0.4_intro_0.2_8
398,41,W,0,Male,clvr_cost_0.4_intro_0.2_8
399,42,W,0,Male,clvr_cost_0.4_intro_0.2_8
400,43,W,0,Male,clvr_cost_0.4_intro_0.2_8
401,44,W,0,Male,clvr_cost_0.4_intro_0.2_8
402,45,W,0,Male,clvr_cost_0.4_intro_0.2_8
403,46,W,0,Male,clvr_cost_0.4_intro_0.2_8
404,47,W,0,Male,clvr_cost_0.4_intro_0.2_8
405,48,W,0,Male,clvr_cost_0.4_intro_0.2_8
406,49,W,0,Male,clvr_cost_0.4_intro_0.2_8
407,50,W,0,Male,clvr_cost_0.4_intro_0.2_8
,Generation,Allele,Count,Sex,Run
0,0,C,0,Female,clvr_cost_0.4_intro_0.2_9
1,1,C,1204,Female,clvr_cost_0.4_intro_0.2_9
2,2,C,1347,Female,clvr_cost_0.4_intro_0.2_9
3,3,C,1777,Female,clvr_cost_0.4_intro_0.2_9
4,4,C,2086,Female,clvr_cost_0.4_intro_0.2_9
5,5,C,2371,Female,clvr_cost_0.4_intro_0.2_9
6,6,C,2692,Female,clvr_cost_0.4_intro_0.2_9
7,7,C,3068,Female,clvr_cost_0.4_intro_0.2_9
8,8,C,3505,Female,clvr_cost_0.4_intro_0.2_9
9,9,C,3987,Female,clvr_cost_0.4_intro_0.2_9
10,10,C,4623,Female,clvr_cost_0.4_intro_0.2_9
11,11,C,4898,Female,clvr_cost_0.4_intro_0.2_9
12,12,C,5126,Female,clvr_cost_0.4_intro_0.2_9
13,13,C,4844,Female,clvr_cost_0.4_intro_0.2_9
14,14,C,5092,Female,clvr_cost_0.4_intro_0.2_9
15,15,C,4988,Female,clvr_cost_0.4_intro_0.2_9
16,16,C,5160,Female,clvr_cost_0.4_intro_0.2_9
17,17,C,5168,Female,clvr_cost_0.4_intro_0.2_9
18,18,C,5018,Female,clvr_cost_0.4_intro_0.2_9
19,19,C,5228,Female,clvr_cost_0.4_intro_0.2_9
20,20,C,5000,Female,clvr_cost_0.4_intro_0.2_9
21,21,C,5030,Female,clvr_cost_0.4_intro_0.2_9
22,22,C,5198,Female,clvr_cost_0.4_intro_0.2_9
23,23,C,5132,Female,clvr_cost_0.4_intro_0.2_9
24,24,C,5064,Female,clvr_cost_0.4_intro_0.2_9
25,25,C,5100,Female,clvr_cost_0.4_intro_0.2_9
26,26,C,5208,Female,clvr_cost_0.4_intro_0.2_9
27,27,C,5136,Female,clvr_cost_0.4_intro_0.2_9
28,28,C,5226,Female,clvr_cost_0.4_intro_0.2_9
29,29,C,5190,Female,clvr_cost_0.4_intro_0.2_9
30,30,C,5012,Female,clvr_cost_0.4_intro_0.2_9
31,31,C,5012,Female,clvr_cost_0.4_intro_0.2_9
32,32,C,5072,Female,clvr_cost_0.4_intro_0.2_9
33,33,C,5106,Female,clvr_cost_0.4_intro_0.2_9
34,34,C,5096,Female,clvr_cost_0.4_intro_0.2_9
35,35,C,5112,Female,clvr_cost_0.4_intro_0.2_9
36,36,C,5084,Female,clvr_cost_0.4_intro_0.2_9
37,37,C,5122,Female,clvr_cost_0.4_intro_0.2_9
38,38,C,5110,Female,clvr_cost_0.4_intro_0.2_9
39,39,C,4776,Female,clvr_cost_0.4_intro_0.2_9
40,40,C,4844,Female,clvr_cost_0.4_intro_0.2_9
41,41,C,5032,Female,clvr_cost_0.4_intro_0.2_9
42,42,C,5034,Female,clvr_cost_0.4_intro_0.2_9
43,43,C,5056,Female,clvr_cost_0.4_intro_0.2_9
44,44,C,5186,Female,clvr_cost_0.4_intro_0.2_9
45,45,C,5262,Female,clvr_cost_0.4_intro_0.2_9
46,46,C,5104,Female,clvr_cost_0.4_intro_0.2_9
47,47,C,5096,Female,clvr_cost_0.4_intro_0.2_9
48,48,C,4918,Female,clvr_cost_0.4_intro_0.2_9
49,49,C,5022,Female,clvr_cost_0.4_intro_0.2_9
50,50,C,4878,Female,clvr_cost_0.4_intro_0.2_9
51,0,A,10000,Female,clvr_cost_0.4_intro_0.2_9
52,1,A,7082,Female,clvr_cost_0.4_intro_0.2_9
53,2,A,6177,Female,clvr_cost_0.4_intro_0.2_9
54,3,A,5311,Female,clvr_cost_0.4_intro_0.2_9
55,4,A,4442,Female,clvr_cost_0.4_intro_0.2_9
56,5,A,3327,Female,clvr_cost_0.4_intro_0.2_9
57,6,A,2316,Female,clvr_cost_0.4_intro_0.2_9
58,7,A,1450,Female,clvr_cost_0.4_intro_0.2_9
59,8,A,659,Female,clvr_cost_0.4_intro_0.2_9
60,9,A,183,Female,clvr_cost_0.4_intro_0.2_9
61,10,A,23,Female,clvr_cost_0.4_intro_0.2_9
62,11,A,2,Female,clvr_cost_0.4_intro_0.2_9
63,12,A,0,Female,clvr_cost_0.4_intro_0.2_9
64,13,A,0,Female,clvr_cost_0.4_intro_0.2_9
65,14,A,0,Female,clvr_cost_0.4_intro_0.2_9
66,15,A,0,Female,clvr_cost_0.4_intro_0.2_9
67,16,A,0,Female,clvr_cost_0.4_intro_0.2_9
68,17,A,0,Female,clvr_cost_0.4_intro_0.2_9
69,18,A,0,Female,clvr_cost_0.4_intro_0.2_9
70,19,A,0,Female,clvr_cost_0.4_intro_0.2_9
71,20,A,0,Female,clvr_cost_0.4_intro_0.2_9
72,21,A,0,Female,clvr_cost_0.4_intro_0.2_9
73,22,A,0,Female,clvr_cost_0.4_intro_0.2_9
74,23,A,0,Female,clvr_cost_0.4_intro_0.2_9
75,24,A,0,Female,clvr_cost_0.4_intro_0.2_9
76,25,A,0,Female,clvr_cost_0.4_intro_0.2_9
77,26,A,0,Female,clvr_cost_0.4_intro_0.2_9
78,27,A,0,Female,clvr_cost_0.4_intro_0.2_9
79,28,A,0,Female,clvr_cost_0.4_intro_0.2_9
80,29,A,0,Female,clvr_cost_0.4_intro_0.2_9
81,30,A,0,Female,clvr_cost_0.4_intro_0.2_9
82,31,A,0,Female,clvr_cost_0.4_intro_0.2_9
83,32,A,0,Female,clvr_cost_0.4_intro_0.2_9
84,33,A,0,Female,clvr_cost_0.4_intro_0.2_9
85,34,A,0,Female,clvr_cost_0.4_intro_0.2_9
86,35,A,0,Female,clvr_cost_0.4_intro_0.2_9
87,36,A,0,Female,clvr_cost_0.4_intro_0.2_9
88,37,A,0,Female,clvr_cost_0.4_intro_0.2_9
89,38,A,0,Female,clvr_cost_0.4_intro_0.2_9
90,39,A,0,Female,clvr_cost_0.4_intro_0.2_9
91,40,A,0,Female,clvr_cost_0.4_intro_0.2_9
92,41,A,0,Female,clvr_cost_0.4_intro_0.2_9
93,42,A,0,Female,clvr_cost_0.4_intro_0.2_9
94,43,A,0,Female,clvr_cost_0.4_intro_0.2_9
95,44,A,0,Female,clvr_cost_0.4_intro_0.2_9
96,45,A,0,Female,clvr_cost_0.4_intro_0.2_9
97,46,A,0,Female,clvr_cost_0.4_intro_0.2_9
98,47,A,0,Female,clvr_cost_0.4_intro_0.2_9
99,48,A,0,Female,clvr_cost_0.4_intro_0.2_9
100,49,A,0,Female,clvr_cost_0.4_intro_0.2_9
101,50,A,0,Female,clvr_cost_0.4_intro_0.2_9
102,0,V,0,Female,clvr_cost_0.4_intro_0.2_9
103,1,V,1204,Female,clvr_cost_0.4_intro_0.2_9
104,2,V,1393,Female,clvr_cost_0.4_intro_0.2_9
105,3,V,1817,Female,clvr_cost_0.4_intro_0.2_9
106,4,V,2122,Female,clvr_cost_0.4_intro_0.2_9
107,5,V,2415,Female,clvr_cost_0.4_intro_0.2_9
108,6,V,2739,Female,clvr_cost_0.4_intro_0.2_9
109,7,V,3119,Female,clvr_cost_0.4_intro_0.2_9
110,8,V,3543,Female,clvr_cost_0.4_intro_0.2_9
111,9,V,4011,Female,clvr_cost_0.4_intro_0.2_9
112,10,V,4630,Female,clvr_cost_0.4_intro_0.2_9
113,11,V,4899,Female,clvr_cost_0.4_intro_0.2_9
114,12,V,5126,Female,clvr_cost_0.4_intro_0.2_9
115,13,V,4844,Female,clvr_cost_0.4_intro_0.2_9
116,14,V,5092,Female,clvr_cost_0.4_intro_0.2_9
117,15,V,4988,Female,clvr_cost_0.4_intro_0.2_9
118,16,V,5160,Female,clvr_cost_0.4_intro_0.2_9
119,17,V,5168,Female,clvr_cost_0.4_intro_0.2_9
120,18,V,5018,Female,clvr_cost_0.4_intro_0.2_9
121,19,V,5228,Female,clvr_cost_0.4_intro_0.2_9
122,20,V,5000,Female,clvr_cost_0.4_intro_0.2_9
123,21,V,5030,Female,clvr_cost_0.4_intro_0.2_9
124,22,V,5198,Female,clvr_cost_0.4_intro_0.2_9
125,23,V,5132,Female,clvr_cost_0.4_intro_0.2_9
126,24,V,5064,Female,clvr_cost_0.4_intro_0.2_9
127,25,V,5100,Female,clvr_cost_0.4_intro_0.2_9
128,26,V,5208,Female,clvr_cost_0.4_intro_0.2_9
129,27,V,5136,Female,clvr_cost_0.4_intro_0.2_9
130,28,V,5226,Female,clvr_cost_0.4_intro_0.2_9
131,29,V,5190,Female,clvr_cost_0.4_intro_0.2_9
132,30,V,5012,Female,clvr_cost_0.4_intro_0.2_9
133,31,V,5012,Female,clvr_cost_0.4_intro_0.2_9
134,32,V,5072,Female,clvr_cost_0.4_intro_0.2_9
135,33,V,5106,Female,clvr_cost_0.4_intro_0.2_9
136,34,V,5096,Female,clvr_cost_0.4_intro_0.2_9
137,35,V,5112,Female,clvr_cost_0.4_intro_0.2_9
138,36,V,5084,Female,clvr_cost_0.4_intro_0.2_9
139,37,V,5122,Female,clvr_cost_0.4_intro_0.2_9
140,38,V,5110,Female,clvr_cost_0.4_intro_0.2_9
141,39,V,4776,Female,clvr_cost_0.4_intro_0.2_9
142,40,V,4844,Female,clvr_cost_0.4_intro_0.2_9
143,41,V,5032,Female,clvr_cost_0.4_intro_0.2_9
144,42,V,5034,Female,clvr_cost_0.4_intro_0.2_9
145,43,V,5056,Female,clvr_cost_0.4_intro_0.2_9
146,44,V,5186,Female,clvr_cost_0.4_intro_0.2_9
147,45,V,5262,Female,clvr_cost_0.4_intro_0.2_9
148,46,V,5104,Female,clvr_cost_0.4_intro_0.2_9
149,47,V,5096,Female,clvr_cost_0.4_intro_0.2_9
150,48,V,4918,Female,clvr_cost_0.4_intro_0.2_9
151,49,V,5022,Female,clvr_cost_0.4_intro_0.2_9
152,50,V,4878,Female,clvr_cost_0.4_intro_0.2_9
153,0,W,10000,Female,clvr_cost_0.4_intro_0.2_9
154,1,W,7082,Female,clvr_cost_0.4_intro_0.2_9
155,2,W,6131,Female,clvr_cost_0.4_intro_0.2_9
156,3,W,5271,Female,clvr_cost_0.4_intro_0.2_9
157,4,W,4406,Female,clvr_cost_0.4_intro_0.2_9
158,5,W,3283,Female,clvr_cost_0.4_intro_0.2_9
159,6,W,2269,Female,clvr_cost_0.4_intro_0.2_9
160,7,W,1399,Female,clvr_cost_0.4_intro_0.2_9
161,8,W,621,Female,clvr_cost_0.4_intro_0.2_9
162,9,W,159,Female,clvr_cost_0.4_intro_0.2_9
163,10,W,16,Female,clvr_cost_0.4_intro_0.2_9
164,11,W,1,Female,clvr_cost_0.4_intro_0.2_9
165,12,W,0,Female,clvr_cost_0.4_intro_0.2_9
166,13,W,0,Female,clvr_cost_0.4_intro_0.2_9
167,14,W,0,Female,clvr_cost_0.4_intro_0.2_9
168,15,W,0,Female,clvr_cost_0.4_intro_0.2_9
169,16,W,0,Female,clvr_cost_0.4_intro_0.2_9
170,17,W,0,Female,clvr_cost_0.4_intro_0.2_9
171,18,W,0,Female,clvr_cost_0.4_intro_0.2_9
172,19,W,0,Female,clvr_cost_0.4_intro_0.2_9
173,20,W,0,Female,clvr_cost_0.4_intro_0.2_9
174,21,W,0,Female,clvr_cost_0.4_intro_0.2_9
175,22,W,0,Female,clvr_cost_0.4_intro_0.2_9
176,23,W,0,Female,clvr_cost_0.4_intro_0.2_9
177,24,W,0,Female,clvr_cost_0.4_intro_0.2_9
178,25,W,0,Female,clvr_cost_0.4_intro_0.2_9
179,26,W,0,Female,clvr_cost_0.4_intro_0.2_9
180,27,W,0,Female,clvr_cost_0.4_intro_0.2_9
181,28,W,0,Female,clvr_cost_0.4_intro_0.2_9
182,29,W,0,Female,clvr_cost_0.4_intro_0.2_9
183,30,W,0,Female,clvr_cost_0.4_intro_0.2_9
184,31,W,0,Female,clvr_cost_0.4_intro_0.2_9
185,32,W,0,Female,clvr_cost_0.4_intro_0.2_9
186,33,W,0,Female,clvr_cost_0.4_intro_0.2_9
187,34,W,0,Female,clvr_cost_0.4_intro_0.2_9
188,35,W,0,Female,clvr_cost_0.4_intro_0.2_9
189,36,W,0,Female,clvr_cost_0.4_intro_0.2_9
190,37,W,0,Female,clvr_cost_0.4_intro_0.2_9
191,38,W,0,Female,clvr_cost_0.4_intro_0.2_9
192,39,W,0,Female,clvr_cost_0.4_intro_0.2_9
193,40,W,0,Female,clvr_cost_0.4_intro_0.2_9
194,41,W,0,Female,clvr_cost_0.4_intro_0.2_9
195,42,W,0,Female,clvr_cost_0.4_intro_0.2_9
196,43,W,0,Female,clvr_cost_0.4_intro_0.2_9
197,44,W,0,Female,clvr_cost_0.4_intro_0.2_9
198,45,W,0,Female,clvr_cost_0.4_intro_0.2_9
199,46,W,0,Female,clvr_cost_0.4_intro_0.2_9
200,47,W,0,Female,clvr_cost_0.4_intro_0.2_9
201,48,W,0,Female,clvr_cost_0.4_intro_0.2_9
202,49,W,0,Female,clvr_cost_0.4_intro_0.2_9
203,50,W,0,Female,clvr_cost_0.4_intro_0.2_9
204,0,C,4000,Male,clvr_cost_0.4_intro_0.2_9
205,1,C,1208,Male,clvr_cost_0.4_intro_0.2_9
206,2,C,1487,Male,clvr_cost_0.4_intro_0.2_9
207,3,C,1744,Male,clvr_cost_0.4_intro_0.2_9
208,4,C,2171,Male,clvr_cost_0.4_intro_0.2_9
209,5,C,2406,Male,clvr_cost_0.4_intro_0.2_9
210,6,C,2748,Male,clvr_cost_0.4_intro_0.2_9
211,7,C,3216,Male,clvr_cost_0.4_intro_0.2_9
212,8,C,3591,Male,clvr_cost_0.4_intro_0.2_9
213,9,C,4053,Male,clvr_cost_0.4_intro_0.2_9
214,10,C,4900,Male,clvr_cost_0.4_intro_0.2_9
215,11,C,4910,Male,clvr_cost_0.4_intro_0.2_9
216,12,C,5320,Male,clvr_cost_0.4_intro_0.2_9
217,13,C,5204,Male,clvr_cost_0.4_intro_0.2_9
218,14,C,5150,Male,clvr_cost_0.4_intro_0.2_9
219,15,C,5162,Male,clvr_cost_0.4_intro_0.2_9
220,16,C,5234,Male,clvr_cost_0.4_intro_0.2_9
221,17,C,5256,Male,clvr_cost_0.4_intro_0.2_9
222,18,C,5142,Male,clvr_cost_0.4_intro_0.2_9
223,19,C,5252,Male,clvr_cost_0.4_intro_0.2_9
224,20,C,5062,Male,clvr_cost_0.4_intro_0.2_9
225,21,C,5090,Male,clvr_cost_0.4_intro_0.2_9
226,22,C,5262,Male,clvr_cost_0.4_intro_0.2_9
227,23,C,5324,Male,clvr_cost_0.4_intro_0.2_9
228,24,C,5108,Male,clvr_cost_0.4_intro_0.2_9
229,25,C,5126,Male,clvr_cost_0.4_intro_0.2_9
230,26,C,5362,Male,clvr_cost_0.4_intro_0.2_9
231,27,C,5248,Male,clvr_cost_0.4_intro_0.2_9
232,28,C,5276,Male,clvr_cost_0.4_intro_0.2_9
233,29,C,5320,Male,clvr_cost_0.4_intro_0.2_9
234,30,C,5326,Male,clvr_cost_0.4_intro_0.2_9
235,31,C,5062,Male,clvr_cost_0.4_intro_0.2_9
236,32,C,5182,Male,clvr_cost_0.4_intro_0.2_9
237,33,C,5250,Male,clvr_cost_0.4_intro_0.2_9
238,34,C,5110,Male,clvr_cost_0.4_intro_0.2_9
239,35,C,5296,Male,clvr_cost_0.4_intro_0.2_9
240,36,C,5160,Male,clvr_cost_0.4_intro_0.2_9
241,37,C,5210,Male,clvr_cost_0.4_intro_0.2_9
242,38,C,5344,Male,clvr_cost_0.4_intro_0.2_9
243,39,C,5130,Male,clvr_cost_0.4_intro_0.2_9
244,40,C,5192,Male,clvr_cost_0.4_intro_0.2_9
245,41,C,5160,Male,clvr_cost_0.4_intro_0.2_9
246,42,C,5116,Male,clvr_cost_0.4_intro_0.2_9
247,43,C,5106,Male,clvr_cost_0.4_intro_0.2_9
248,44,C,5222,Male,clvr_cost_0.4_intro_0.2_9
249,45,C,5290,Male,clvr_cost_0.4_intro_0.2_9
250,46,C,5306,Male,clvr_cost_0.4_intro_0.2_9
251,47,C,5264,Male,clvr_cost_0.4_intro_0.2_9
252,48,C,5250,Male,clvr_cost_0.4_intro_0.2_9
253,49,C,5152,Male,clvr_cost_0.4_intro_0.2_9
254,50,C,5304,Male,clvr_cost_0.4_intro_0.2_9
255,0,A,10000,Male,clvr_cost_0.4_intro_0.2_9
256,1,A,7260,Male,clvr_cost_0.4_intro_0.2_9
257,2,A,6211,Male,clvr_cost_0.4_intro_0.2_9
258,3,A,5438,Male,clvr_cost_0.4_intro_0.2_9
259,4,A,4541,Male,clvr_cost_0.4_intro_0.2_9
260,5,A,3412,Male,clvr_cost_0.4_intro_0.2_9
261,6,A,2484,Male,clvr_cost_0.4_intro_0.2_9
262,7,A,1404,Male,clvr_cost_0.4_intro_0.2_9
263,8,A,639,Male,clvr_cost_0.4_intro_0.2_9
264,9,A,145,Male,clvr_cost_0.4_intro_0.2_9
265,10,A,20,Male,clvr_cost_0.4_intro_0.2_9
266,11,A,2,Male,clvr_cost_0.4_intro_0.2_9
267,12,A,0,Male,clvr_cost_0.4_intro_0.2_9
268,13,A,0,Male,clvr_cost_0.4_intro_0.2_9
269,14,A,0,Male,clvr_cost_0.4_intro_0.2_9
270,15,A,0,Male,clvr_cost_0.4_intro_0.2_9
271,16,A,0,Male,clvr_cost_0.4_intro_0.2_9
272,17,A,0,Male,clvr_cost_0.4_intro_0.2_9
273,18,A,0,Male,clvr_cost_0.4_intro_0.2_9
274,19,A,0,Male,clvr_cost_0.4_intro_0.2_9
275,20,A,0,Male,clvr_cost_0.4_intro_0.2_9
276,21,A,0,Male,clvr_cost_0.4_intro_0.2_9
277,22,A,0,Male,clvr_cost_0.4_intro_0.2_9
278,23,A,0,Male,clvr_cost_0.4_intro_0.2_9
279,24,A,0,Male,clvr_cost_0.4_intro_0.2_9
280,25,A,0,Male,clvr_cost_0.4_intro_0.2_9
281,26,A,0,Male,clvr_cost_0.4_intro_0.2_9
282,27,A,0,Male,clvr_cost_0.4_intro_0.2_9
283,28,A,0,Male,clvr_cost_0.4_intro_0.2_9
284,29,A,0,Male,clvr_cost_0.4_intro_0.2_9
285,30,A,0,Male,clvr_cost_0.4_intro_0.2_9
286,31,A,0,Male,clvr_cost_0.4_intro_0.2_9
287,32,A,0,Male,clvr_cost_0.4_intro_0.2_9
288,33,A,0,Male,clvr_cost_0.4_intro_0.2_9
289,34,A,0,Male,clvr_cost_0.4_intro_0.2_9
290,35,A,0,Male,clvr_cost_0.4_intro_0.2_9
291,36,A,0,Male,clvr_cost_0.4_intro_0.2_9
292,37,A,0,Male,clvr_cost_0.4_intro_0.2_9
293,38,A,0,Male,clvr_cost_0.4_intro_0.2_9
294,39,A,0,Male,clvr_cost_0.4_intro_0.2_9
295,40,A,0,Male,clvr_cost_0.4_intro_0.2_9
296,41,A,0,Male,clvr_cost_0.4_intro_0.2_9
297,42,A,0,Male,clvr_cost_0.4_intro_0.2_9
298,43,A,0,Male,clvr_cost_0.4_intro_0.2_9
299,44,A,0,Male,clvr_cost_0.4_intro_0.2_9
300,45,A,0,Male,clvr_cost_0.4_intro_0.2_9
301,46,A,0,Male,clvr_cost_0.4_intro_0.2_9
302,47,A,0,Male,clvr_cost_0.4_intro_0.2_9
303,48,A,0,Male,clvr_cost_0.4_intro_0.2_9
304,49,A,0,Male,clvr_cost_0.4_intro_0.2_9
305,50,A,0,Male,clvr_cost_0.4_intro_0.2_9
306,0,V,4000,Male,clvr_cost_0.4_intro_0.2_9
307,1,V,1208,Male,clvr_cost_0.4_intro_0.2_9
308,2,V,1519,Male,clvr_cost_0.4_intro_0.2_9
309,3,V,1791,Male,clvr_cost_0.4_intro_0.2_9
310,4,V,2234,Male,clvr_cost_0.4_intro_0.2_9
311,5,V,2454,Male,clvr_cost_0.4_intro_0.2_9
312,6,V,2809,Male,clvr_cost_0.4_intro_0.2_9
313,7,V,3257,Male,clvr_cost_0.4_intro_0.2_9
314,8,V,3631,Male,clvr_cost_0.4_intro_0.2_9
315,9,V,4071,Male,clvr_cost_0.4_intro_0.2_9
316,10,V,4905,Male,clvr_cost_0.4_intro_0.2_9
317,11,V,4911,Male,clvr_cost_0.4_intro_0.2_9
318,12,V,5320,Male,clvr_cost_0.4_intro_0.2_9
319,13,V,5204,Male,clvr_cost_0.4_intro_0.2_9
320,14,V,5150,Male,clvr_cost_0.4_intro_0.2_9
321,15,V,5162,Male,clvr_cost_0.4_intro_0.2_9
322,16,V,5234,Male,clvr_cost_0.4_intro_0.2_9
323,17,V,5256,Male,clvr_cost_0.4_intro_0.2_9
324,18,V,5142,Male,clvr_cost_0.4_intro_0.2_9
325,19,V,5252,Male,clvr_cost_0.4_intro_0.2_9
326,20,V,5062,Male,clvr_cost_0.4_intro_0.2_9
327,21,V,5090,Male,clvr_cost_0.4_intro_0.2_9
328,22,V,5262,Male,clvr_cost_0.4_intro_0.2_9
329,23,V,5324,Male,clvr_cost_0.4_intro_0.2_9
330,24,V,5108,Male,clvr_cost_0.4_intro_0.2_9
331,25,V,5126,Male,clvr_cost_0.4_intro_0.2_9
332,26,V,5362,Male,clvr_cost_0.4_intro_0.2_9
333,27,V,5248,Male,clvr_cost_0.4_intro_0.2_9
334,28,V,5276,Male,clvr_cost_0.4_intro_0.2_9
335,29,V,5320,Male,clvr_cost_0.4_intro_0.2_9
336,30,V,5326,Male,clvr_cost_0.4_intro_0.2_9
337,31,V,5062,Male,clvr_cost_0.4_intro_0.2_9
338,32,V,5182,Male,clvr_cost_0.4_intro_0.2_9
339,33,V,5250,Male,clvr_cost_0.4_intro_0.2_9
340,34,V,5110,Male,clvr_cost_0.4_intro_0.2_9
341,35,V,5296,Male,clvr_cost_0.4_intro_0.2_9
342,36,V,5160,Male,clvr_cost_0.4_intro_0.2_9
343,37,V,5210,Male,clvr_cost_0.4_intro_0.2_9
344,38,V,5344,Male,clvr_cost_0.4_intro_0.2_9
345,39,V,5130,Male,clvr_cost_0.4_intro_0.2_9
346,40,V,5192,Male,clvr_cost_0.4_intro_0.2_9
347,41,V,5160,Male,clvr_cost_0.4_intro_0.2_9
348,42,V,5116,Male,clvr_cost_0.4_intro_0.2_9
349,43,V,5106,Male,clvr_cost_0.4_intro_0.2_9
350,44,V,5222,Male,clvr_cost_0.4_intro_0.2_9
351,45,V,5290,Male,clvr_cost_0.4_intro_0.2_9
352,46,V,5306,Male,clvr_cost_0.4_intro_0.2_9
353,47,V,5264,Male,clvr_cost_0.4_intro_0.2_9
354,48,V,5250,Male,clvr_cost_0.4_intro_0.2_9
355,49,V,5152,Male,clvr_cost_0.4_intro_0.2_9
356,50,V,5304,Male,clvr_cost_0.4_intro_0.2_9
357,0,W,10000,Male,clvr_cost_0.4_intro_0.2_9
358,1,W,7260,Male,clvr_cost_0.4_intro_0.2_9
359,2,W,6179,Male,clvr_cost_0.4_intro_0.2_9
360,3,W,5391,Male,clvr_cost_0.4_intro_0.2_9
361,4,W,4478,Male,clvr_cost_0.4_intro_0.2_9
362,5,W,3364,Male,clvr_cost_0.4_intro_0.2_9
363,6,W,2423,Male,clvr_cost_0.4_intro_0.2_9
364,7,W,1363,Male,clvr_cost_0.4_intro_0.2_9
365,8,W,599,Male,clvr_cost_0.4_intro_0.2_9
366,9,W,127,Male,clvr_cost_0.4_intro_0.2_9
367,10,W,15,Male,clvr_cost_0.4_intro_0.2_9
368,11,W,1,Male,clvr_cost_0.4_intro_0.2_9
369,12,W,0,Male,clvr_cost_0.4_intro_0.2_9
370,13,W,0,Male,clvr_cost_0.4_intro_0.2_9
371,14,W,0,Male,clvr_cost_0.4_intro_0.2_9
372,15,W,0,Male,clvr_cost_0.4_intro_0.2_9
373,16,W,0,Male,clvr_cost_0.4_intro_0.2_9
374,17,W,0,Male,clvr_cost_0.4_intro_0.2_9
375,18,W,0,Male,clvr_cost_0.4_intro_0.2_9
376,19,W,0,Male,clvr_cost_0.4_intro_0.2_9
377,20,W,0,Male,clvr_cost_0.4_intro_0.2_9
378,21,W,0,Male,clvr_cost_0.4_intro_0.2_9
379,22,W,0,Male,clvr_cost_0.4_intro_0.2_9
380,23,W,0,Male,clvr_cost_0.4_intro_0.2_9
381,24,W,0,Male,clvr_cost_0.4_intro_0.2_9
382,25,W,0,Male,clvr_cost_0.4_intro_0.2_9
383,26,W,0,Male,clvr_cost_0.4_intro_0.2_9
384,27,W,0,Male,clvr_cost_0.4_intro_0.2_9
385,28,W,0,Male,clvr_cost_0.4_intro_0.2_9
386,29,W,0,Male,clvr_cost_0.4_intro_0.2_9
387,30,W,0,Male,clvr_cost_0.4_intro_0.2_9
388,31,W,0,Male,clvr_cost_0.4_intro_0.2_9
389,32,W,0,Male,clvr_cost_0.4_intro_0.2_9
390,33,W,0,Male,clvr_cost_0.4_intro_0.2_9
391,34,W,0,Male,clvr_cost_0.4_intro_0.2_9
392,35,W,0,Male,clvr_cost_0.4_intro_0.2_9
393,36,W,0,Male,clvr_cost_0.4_intro_0.2_9
394,37,W,0,Male,clvr_cost_0.4_intro_0.2_9
395,38,W,0,Male,clvr_cost_0.4_intro_0.2_9
396,39,W,0,Male,clvr_cost_0.4_intro_0.2_9
397,40,W,0,Male,clvr_cost_0.4_intro_0.2_9
398,41,W,0,Male,clvr_cost_0.4_intro_0.2_9
399,42,W,0,Male,clvr_cost_0.4_intro_0.2_9
400,43,W,0,Male,clvr_cost_0.4_intro_0.2_9
401,44,W,0,Male,clvr_cost_0.4_intro_0.2_9
402,45,W,0,Male,clvr_cost_0.4_intro_0.2_9
403,46,W,0,Male,clvr_cost_0.4_intro_0.2_9
404,47,W,0,Male,clvr_cost_0.4_intro_0.2_9
405,48,W,0,Male,clvr_cost_0.4_intro_0.2_9
406,49,W,0,Male,clvr_cost_0.4_intro_0.2_9
407,50,W,0,Male,clvr_cost_0.4_intro_0.2_9
,Generation,Allele,Count,Sex,Run
0,0,C,0,Female,clvr_cost_0.4_intro_0.2_10
1,1,C,1196,Female,clvr_cost_0.4_intro_0.2_10
2,2,C,1320,Female,clvr_cost_0.4_intro_0.2_10
3,3,C,1652,Female,clvr_cost_0.4_intro_0.2_10
4,4,C,2018,Female,clvr_cost_0.4_intro_0.2_10
5,5,C,2192,Female,clvr_cost_0.4_intro_0.2_10
6,6,C,2477,Female,clvr_cost_0.4_intro_0.2_10
7,7,C,2850,Female,clvr_cost_0.4_intro_0.2_10
8,8,C,3289,Female,clvr_cost_0.4_intro_0.2_10
9,9,C,3726,Female,clvr_cost_0.4_intro_0.2_10
10,10,C,4407,Female,clvr_cost_0.4_intro_0.2_10
11,11,C,4814,Female,clvr_cost_0.4_intro_0.2_10
12,12,C,5015,Female,clvr_cost_0.4_intro_0.2_10
13,13,C,5036,Female,clvr_cost_0.4_intro_0.2_10
14,14,C,5012,Female,clvr_cost_0.4_intro_0.2_10
15,15,C,5068,Female,clvr_cost_0.4_intro_0.2_10
16,16,C,5180,Female,clvr_cost_0.4_intro_0.2_10
17,17,C,5220,Female,clvr_cost_0.4_intro_0.2_10
18,18,C,5176,Female,clvr_cost_0.4_intro_0.2_10
19,19,C,5006,Female,clvr_cost_0.4_intro_0.2_10
20,20,C,5160,Female,clvr_cost_0.4_intro_0.2_10
21,21,C,5060,Female,clvr_cost_0.4_intro_0.2_10
22,22,C,5104,Female,clvr_cost_0.4_intro_0.2_10
23,23,C,5008,Female,clvr_cost_0.4_intro_0.2_10
24,24,C,4898,Female,clvr_cost_0.4_intro_0.2_10
25,25,C,4984,Female,clvr_cost_0.4_intro_0.2_10
26,26,C,5062,Female,clvr_cost_0.4_intro_0.2_10
27,27,C,5042,Female,clvr_cost_0.4_intro_0.2_10
28,28,C,5174,Female,clvr_cost_0.4_intro_0.2_10
29,29,C,4956,Female,clvr_cost_0.4_intro_0.2_10
30,30,C,4810,Female,clvr_cost_0.4_intro_0.2_10
31,31,C,4884,Female,clvr_cost_0.4_intro_0.2_10
32,32,C,4842,Female,clvr_cost_0.4_intro_0.2_10
33,33,C,4982,Female,clvr_cost_0.4_intro_0.2_10
34,34,C,5134,Female,clvr_cost_0.4_intro_0.2_10
35,35,C,5168,Female,clvr_cost_0.4_intro_0.2_10
36,36,C,5172,Female,clvr_cost_0.4_intro_0.2_10
37,37,C,5236,Female,clvr_cost_0.4_intro_0.2_10
38,38,C,5236,Female,clvr_cost_0.4_intro_0.2_10
39,39,C,5246,Female,clvr_cost_0.4_intro_0.2_10
40,40,C,5212,Female,clvr_cost_0.4_intro_0.2_10
41,41,C,5184,Female,clvr_cost_0.4_intro_0.2_10
42,42,C,5018,Female,clvr_cost_0.4_intro_0.2_10
43,43,C,5080,Female,clvr_cost_0.4_intro_0.2_10
44,44,C,5234,Female,clvr_cost_0.4_intro_0.2_10
45,45,C,5276,Female,clvr_cost_0.4_intro_0.2_10
46,46,C,5016,Female,clvr_cost_0.4_intro_0.2_10
47,47,C,4932,Female,clvr_cost_0.4_intro_0.2_10
48,48,C,5012,Female,clvr_cost_0.4_intro_0.2_10
49,49,C,5146,Female,clvr_cost_0.4_intro_0.2_10
50,50,C,5050,Female,clvr_cost_0.4_intro_0.2_10
51,0,A,10000,Female,clvr_cost_0.4_intro_0.2_10
52,1,A,7488,Female,clvr_cost_0.4_intro_0.2_10
53,2,A,6450,Female,clvr_cost_0.4_intro_0.2_10
54,3,A,5794,Female,clvr_cost_0.4_intro_0.2_10
55,4,A,5026,Female,clvr_cost_0.4_intro_0.2_10
56,5,A,4050,Female,clvr_cost_0.4_intro_0.2_10
57,6,A,2945,Female,clvr_cost_0.4_intro_0.2_10
58,7,A,1874,Female,clvr_cost_0.4_intro_0.2_10
59,8,A,985,Female,clvr_cost_0.4_intro_0.2_10
60,9,A,394,Female,clvr_cost_0.4_intro_0.2_10
61,10,A,75,Female,clvr_cost_0.4_intro_0.2_10
62,11,A,6,Female,clvr_cost_0.4_intro_0.2_10
63,12,A,1,Female,clvr_cost_0.4_intro_0.2_10
64,13,A,0,Female,clvr_cost_0.4_intro_0.2_10
65,14,A,0,Female,clvr_cost_0.4_intro_0.2_10
66,15,A,0,Female,clvr_cost_0.4_intro_0.2_10
67,16,A,0,Female,clvr_cost_0.4_intro_0.2_10
68,17,A,0,Female,clvr_cost_0.4_intro_0.2_10
69,18,A,0,Female,clvr_cost_0.4_intro_0.2_10
70,19,A,0,Female,clvr_cost_0.4_intro_0.2_10
71,20,A,0,Female,clvr_cost_0.4_intro_0.2_10
72,21,A,0,Female,clvr_cost_0.4_intro_0.2_10
73,22,A,0,Female,clvr_cost_0.4_intro_0.2_10
74,23,A,0,Female,clvr_cost_0.4_intro_0.2_10
75,24,A,0,Female,clvr_cost_0.4_intro_0.2_10
76,25,A,0,Female,clvr_cost_0.4_intro_0.2_10
77,26,A,0,Female,clvr_cost_0.4_intro_0.2_10
78,27,A,0,Female,clvr_cost_0.4_intro_0.2_10
79,28,A,0,Female,clvr_cost_0.4_intro_0.2_10
80,29,A,0,Female,clvr_cost_0.4_intro_0.2_10
81,30,A,0,Female,clvr_cost_0.4_intro_0.2_10
82,31,A,0,Female,clvr_cost_0.4_intro_0.2_10
83,32,A,0,Female,clvr_cost_0.4_intro_0.2_10
84,33,A,0,Female,clvr_cost_0.4_intro_0.2_10
85,34,A,0,Female,clvr_cost_0.4_intro_0.2_10
86,35,A,0,Female,clvr_cost_0.4_intro_0.2_10
87,36,A,0,Female,clvr_cost_0.4_intro_0.2_10
88,37,A,0,Female,clvr_cost_0.4_intro_0.2_10
89,38,A,0,Female,clvr_cost_0.4_intro_0.2_10
90,39,A,0,Female,clvr_cost_0.4_intro_0.2_10
91,40,A,0,Female,clvr_cost_0.4_intro_0.2_10
92,41,A,0,Female,clvr_cost_0.4_intro_0.2_10
93,42,A,0,Female,clvr_cost_0.4_intro_0.2_10
94,43,A,0,Female,clvr_cost_0.4_intro_0.2_10
95,44,A,0,Female,clvr_cost_0.4_intro_0.2_10
96,45,A,0,Female,clvr_cost_0.4_intro_0.2_10
97,46,A,0,Female,clvr_cost_0.4_intro_0.2_10
98,47,A,0,Female,clvr_cost_0.4_intro_0.2_10
99,48,A,0,Female,clvr_cost_0.4_intro_0.2_10
100,49,A,0,Female,clvr_cost_0.4_intro_0.2_10
101,50,A,0,Female,clvr_cost_0.4_intro_0.2_10
102,0,V,0,Female,clvr_cost_0.4_intro_0.2_10
103,1,V,1196,Female,clvr_cost_0.4_intro_0.2_10
104,2,V,1361,Female,clvr_cost_0.4_intro_0.2_10
105,3,V,1684,Female,clvr_cost_0.4_intro_0.2_10
106,4,V,2059,Female,clvr_cost_0.4_intro_0.2_10
107,5,V,2230,Female,clvr_cost_0.4_intro_0.2_10
108,6,V,2536,Female,clvr_cost_0.4_intro_0.2_10
109,7,V,2907,Female,clvr_cost_0.4_intro_0.2_10
110,8,V,3333,Female,clvr_cost_0.4_intro_0.2_10
111,9,V,3749,Female,clvr_cost_0.4_intro_0.2_10
112,10,V,4416,Female,clvr_cost_0.4_intro_0.2_10
113,11,V,4817,Female,clvr_cost_0.4_intro_0.2_10
114,12,V,5016,Female,clvr_cost_0.4_intro_0.2_10
115,13,V,5036,Female,clvr_cost_0.4_intro_0.2_10
116,14,V,5012,Female,clvr_cost_0.4_intro_0.2_10
117,15,V,5068,Female,clvr_cost_0.4_intro_0.2_10
118,16,V,5180,Female,clvr_cost_0.4_intro_0.2_10
119,17,V,5220,Female,clvr_cost_0.4_intro_0.2_10
120,18,V,5176,Female,clvr_cost_0.4_intro_0.2_10
121,19,V,5006,Female,clvr_cost_0.4_intro_0.2_10
122,20,V,5160,Female,clvr_cost_0.4_intro_0.2_10
123,21,V,5060,Female,clvr_cost_0.4_intro_0.2_10
124,22,V,5104,Female,clvr_cost_0.4_intro_0.2_10
125,23,V,5008,Female,clvr_cost_0.4_intro_0.2_10
126,24,V,4898,Female,clvr_cost_0.4_intro_0.2_10
127,25,V,4984,Female,clvr_cost_0.4_intro_0.2_10
128,26,V,5062,Female,clvr_cost_0.4_intro_0.2_10
129,27,V,5042,Female,clvr_cost_0.4_intro_0.2_10
130,28,V,5174,Female,clvr_cost_0.4_intro_0.2_10
131,29,V,4956,Female,clvr_cost_0.4_intro_0.2_10
132,30,V,4810,Female,clvr_cost_0.4_intro_0.2_10
133,31,V,4884,Female,clvr_cost_0.4_intro_0.2_10
134,32,V,4842,Female,clvr_cost_0.4_intro_0.2_10
135,33,V,4982,Female,clvr_cost_0.4_intro_0.2_10
136,34,V,5134,Female,clvr_cost_0.4_intro_0.2_10
137,35,V,5168,Female,clvr_cost_0.4_intro_0.2_10
138,36,V,5172,Female,clvr_cost_0.4_intro_0.2_10
139,37,V,5236,Female,clvr_cost_0.4_intro_0.2_10
140,38,V,5236,Female,clvr_cost_0.4_intro_0.2_10
141,39,V,5246,Female,clvr_cost_0.4_intro_0.2_10
142,40,V,5212,Female,clvr_cost_0.4_intro_0.2_10
143,41,V,5184,Female,clvr_cost_0.4_intro_0.2_10
144,42,V,5018,Female,clvr_cost_0.4_intro_0.2_10
145,43,V,5080,Female,clvr_cost_0.4_intro_0.2_10
146,44,V,5234,Female,clvr_cost_0.4_intro_0.2_10
147,45,V,5276,Female,clvr_cost_0.4_intro_0.2_10
148,46,V,5016,Female,clvr_cost_0.4_intro_0.2_10
149,47,V,4932,Female,clvr_cost_0.4_intro_0.2_10
150,48,V,5012,Female,clvr_cost_0.4_intro_0.2_10
151,49,V,5146,Female,clvr_cost_0.4_intro_0.2_10
152,50,V,5050,Female,clvr_cost_0.4_intro_0.2_10
153,0,W,10000,Female,clvr_cost_0.4_intro_0.2_10
154,1,W,7488,Female,clvr_cost_0.4_intro_0.2_10
155,2,W,6409,Female,clvr_cost_0.4_intro_0.2_10
156,3,W,5762,Female,clvr_cost_0.4_intro_0.2_10
157,4,W,4985,Female,clvr_cost_0.4_intro_0.2_10
158,5,W,4012,Female,clvr_cost_0.4_intro_0.2_10
159,6,W,2886,Female,clvr_cost_0.4_intro_0.2_10
160,7,W,1817,Female,clvr_cost_0.4_intro_0.2_10
161,8,W,941,Female,clvr_cost_0.4_intro_0.2_10
162,9,W,371,Female,clvr_cost_0.4_intro_0.2_10
163,10,W,66,Female,clvr_cost_0.4_intro_0.2_10
164,11,W,3,Female,clvr_cost_0.4_intro_0.2_10
165,12,W,0,Female,clvr_cost_0.4_intro_0.2_10
166,13,W,0,Female,clvr_cost_0.4_intro_0.2_10
167,14,W,0,Female,clvr_cost_0.4_intro_0.2_10
168,15,W,0,Female,clvr_cost_0.4_intro_0.2_10
169,16,W,0,Female,clvr_cost_0.4_intro_0.2_10
170,17,W,0,Female,clvr_cost_0.4_intro_0.2_10
171,18,W,0,Female,clvr_cost_0.4_intro_0.2_10
172,19,W,0,Female,clvr_cost_0.4_intro_0.2_10
173,20,W,0,Female,clvr_cost_0.4_intro_0.2_10
174,21,W,0,Female,clvr_cost_0.4_intro_0.2_10
175,22,W,0,Female,clvr_cost_0.4_intro_0.2_10
176,23,W,0,Female,clvr_cost_0.4_intro_0.2_10
177,24,W,0,Female,clvr_cost_0.4_intro_0.2_10
178,25,W,0,Female,clvr_cost_0.4_intro_0.2_10
179,26,W,0,Female,clvr_cost_0.4_intro_0.2_10
180,27,W,0,Female,clvr_cost_0.4_intro_0.2_10
181,28,W,0,Female,clvr_cost_0.4_intro_0.2_10
182,29,W,0,Female,clvr_cost_0.4_intro_0.2_10
183,30,W,0,Female,clvr_cost_0.4_intro_0.2_10
184,31,W,0,Female,clvr_cost_0.4_intro_0.2_10
185,32,W,0,Female,clvr_cost_0.4_intro_0.2_10
186,33,W,0,Female,clvr_cost_0.4_intro_0.2_10
187,34,W,0,Female,clvr_cost_0.4_intro_0.2_10
188,35,W,0,Female,clvr_cost_0.4_intro_0.2_10
189,36,W,0,Female,clvr_cost_0.4_intro_0.2_10
190,37,W,0,Female,clvr_cost_0.4_intro_0.2_10
191,38,W,0,Female,clvr_cost_0.4_intro_0.2_10
192,39,W,0,Female,clvr_cost_0.4_intro_0.2_10
193,40,W,0,Female,clvr_cost_0.4_intro_0.2_10
194,41,W,0,Female,clvr_cost_0.4_intro_0.2_10
195,42,W,0,Female,clvr_cost_0.4_intro_0.2_10
196,43,W,0,Female,clvr_cost_0.4_intro_0.2_10
197,44,W,0,Female,clvr_cost_0.4_intro_0.2_10
198,45,W,0,Female,clvr_cost_0.4_intro_0.2_10
199,46,W,0,Female,clvr_cost_0.4_intro_0.2_10
200,47,W,0,Female,clvr_cost_0.4_intro_0.2_10
201,48,W,0,Female,clvr_cost_0.4_intro_0.2_10
202,49,W,0,Female,clvr_cost_0.4_intro_0.2_10
203,50,W,0,Female,clvr_cost_0.4_intro_0.2_10
204,0,C,4000,Male,clvr_cost_0.4_intro_0.2_10
205,1,C,1176,Male,clvr_cost_0.4_intro_0.2_10
206,2,C,1352,Male,clvr_cost_0.4_intro_0.2_10
207,3,C,1653,Male,clvr_cost_0.4_intro_0.2_10
208,4,C,1921,Male,clvr_cost_0.4_intro_0.2_10
209,5,C,2258,Male,clvr_cost_0.4_intro_0.2_10
210,6,C,2600,Male,clvr_cost_0.4_intro_0.2_10
211,7,C,2876,Male,clvr_cost_0.4_intro_0.2_10
212,8,C,3300,Male,clvr_cost_0.4_intro_0.2_10
213,9,C,3791,Male,clvr_cost_0.4_intro_0.2_10
214,10,C,4489,Male,clvr_cost_0.4_intro_0.2_10
215,11,C,4929,Male,clvr_cost_0.4_intro_0.2_10
216,12,C,5190,Male,clvr_cost_0.4_intro_0.2_10
217,13,C,5206,Male,clvr_cost_0.4_intro_0.2_10
218,14,C,5210,Male,clvr_cost_0.4_intro_0.2_10
219,15,C,5098,Male,clvr_cost_0.4_intro_0.2_10
220,16,C,5232,Male,clvr_cost_0.4_intro_0.2_10
221,17,C,5234,Male,clvr_cost_0.4_intro_0.2_10
222,18,C,5424,Male,clvr_cost_0.4_intro_0.2_10
223,19,C,5128,Male,clvr_cost_0.4_intro_0.2_10
224,20,C,5212,Male,clvr_cost_0.4_intro_0.2_10
225,21,C,5164,Male,clvr_cost_0.4_intro_0.2_10
226,22,C,5226,Male,clvr_cost_0.4_intro_0.2_10
227,23,C,5202,Male,clvr_cost_0.4_intro_0.2_10
228,24,C,4990,Male,clvr_cost_0.4_intro_0.2_10
229,25,C,5042,Male,clvr_cost_0.4_intro_0.2_10
230,26,C,5308,Male,clvr_cost_0.4_intro_0.2_10
231,27,C,5062,Male,clvr_cost_0.4_intro_0.2_10
232,28,C,5194,Male,clvr_cost_0.4_intro_0.2_10
233,29,C,5398,Male,clvr_cost_0.4_intro_0.2_10
234,30,C,5002,Male,clvr_cost_0.4_intro_0.2_10
235,31,C,5158,Male,clvr_cost_0.4_intro_0.2_10
236,32,C,4854,Male,clvr_cost_0.4_intro_0.2_10
237,33,C,5050,Male,clvr_cost_0.4_intro_0.2_10
238,34,C,5158,Male,clvr_cost_0.4_intro_0.2_10
239,35,C,5286,Male,clvr_cost_0.4_intro_0.2_10
240,36,C,5274,Male,clvr_cost_0.4_intro_0.2_10
241,37,C,5288,Male,clvr_cost_0.4_intro_0.2_10
242,38,C,5270,Male,clvr_cost_0.4_intro_0.2_10
243,39,C,5280,Male,clvr_cost_0.4_intro_0.2_10
244,40,C,5298,Male,clvr_cost_0.4_intro_0.2_10
245,41,C,5220,Male,clvr_cost_0.4_intro_0.2_10
246,42,C,5204,Male,clvr_cost_0.4_intro_0.2_10
247,43,C,5256,Male,clvr_cost_0.4_intro_0.2_10
248,44,C,5272,Male,clvr_cost_0.4_intro_0.2_10
249,45,C,5324,Male,clvr_cost_0.4_intro_0.2_10
250,46,C,5110,Male,clvr_cost_0.4_intro_0.2_10
251,47,C,5038,Male,clvr_cost_0.4_intro_0.2_10
252,48,C,5238,Male,clvr_cost_0.4_intro_0.2_10
253,49,C,5146,Male,clvr_cost_0.4_intro_0.2_10
254,50,C,5258,Male,clvr_cost_0.4_intro_0.2_10
255,0,A,10000,Male,clvr_cost_0.4_intro_0.2_10
256,1,A,7528,Male,clvr_cost_0.4_intro_0.2_10
257,2,A,6512,Male,clvr_cost_0.4_intro_0.2_10
258,3,A,5867,Male,clvr_cost_0.4_intro_0.2_10
259,4,A,5143,Male,clvr_cost_0.4_intro_0.2_10
260,5,A,4008,Male,clvr_cost_0.4_intro_0.2_10
261,6,A,3094,Male,clvr_cost_0.4_intro_0.2_10
262,7,A,1956,Male,clvr_cost_0.4_intro_0.2_10
263,8,A,1024,Male,clvr_cost_0.4_intro_0.2_10
264,9,A,359,Male,clvr_cost_0.4_intro_0.2_10
265,10,A,77,Male,clvr_cost_0.4_intro_0.2_10
266,11,A,9,Male,clvr_cost_0.4_intro_0.2_10
267,12,A,0,Male,clvr_cost_0.4_intro_0.2_10
268,13,A,0,Male,clvr_cost_0.4_intro_0.2_10
269,14,A,0,Male,clvr_cost_0.4_intro_0.2_10
270,15,A,0,Male,clvr_cost_0.4_intro_0.2_10
271,16,A,0,Male,clvr_cost_0.4_intro_0.2_10
272,17,A,0,Male,clvr_cost_0.4_intro_0.2_10
273,18,A,0,Male,clvr_cost_0.4_intro_0.2_10
274,19,A,0,Male,clvr_cost_0.4_intro_0.2_10
275,20,A,0,Male,clvr_cost_0.4_intro_0.2_10
276,21,A,0,Male,clvr_cost_0.4_intro_0.2_10
277,22,A,0,Male,clvr_cost_0.4_intro_0.2_10
278,23,A,0,Male,clvr_cost_0.4_intro_0.2_10
279,24,A,0,Male,clvr_cost_0.4_intro_0.2_10
280,25,A,0,Male,clvr_cost_0.4_intro_0.2_10
281,26,A,0,Male,clvr_cost_0.4_intro_0.2_10
282,27,A,0,Male,clvr_cost_0.4_intro_0.2_10
283,28,A,0,Male,clvr_cost_0.4_intro_0.2_10
284,29,A,0,Male,clvr_cost_0.4_intro_0.2_10
285,30,A,0,Male,clvr_cost_0.4_intro_0.2_10
286,31,A,0,Male,clvr_cost_0.4_intro_0.2_10
287,32,A,0,Male,clvr_cost_0.4_intro_0.2_10
288,33,A,0,Male,clvr_cost_0.4_intro_0.2_10
289,34,A,0,Male,clvr_cost_0.4_intro_0.2_10
290,35,A,0,Male,clvr_cost_0.4_intro_0.2_10
291,36,A,0,Male,clvr_cost_0.4_intro_0.2_10
292,37,A,0,Male,clvr_cost_0.4_intro_0.2_10
293,38,A,0,Male,clvr_cost_0.4_intro_0.2_10
294,39,A,0,Male,clvr_cost_0.4_intro_0.2_10
295,40,A,0,Male,clvr_cost_0.4_intro_0.2_10
296,41,A,0,Male,clvr_cost_0.4_intro_0.2_10
297,42,A,0,Male,clvr_cost_0.4_intro_0.2_10
298,43,A,0,Male,clvr_cost_0.4_intro_0.2_10
299,44,A,0,Male,clvr_cost_0.4_intro_0.2_10
300,45,A,0,Male,clvr_cost_0.4_intro_0.2_10
301,46,A,0,Male,clvr_cost_0.4_intro_0.2_10
302,47,A,0,Male,clvr_cost_0.4_intro_0.2_10
303,48,A,0,Male,clvr_cost_0.4_intro_0.2_10
304,49,A,0,Male,clvr_cost_0.4_intro_0.2_10
305,50,A,0,Male,clvr_cost_0.4_intro_0.2_10
306,0,V,4000,Male,clvr_cost_0.4_intro_0.2_10
307,1,V,1176,Male,clvr_cost_0.4_intro_0.2_10
308,2,V,1384,Male,clvr_cost_0.4_intro_0.2_10
309,3,V,1694,Male,clvr_cost_0.4_intro_0.2_10
310,4,V,1962,Male,clvr_cost_0.4_intro_0.2_10
311,5,V,2297,Male,clvr_cost_0.4_intro_0.2_10
312,6,V,2652,Male,clvr_cost_0.4_intro_0.2_10
313,7,V,2921,Male,clvr_cost_0.4_intro_0.2_10
314,8,V,3348,Male,clvr_cost_0.4_intro_0.2_10
315,9,V,3834,Male,clvr_cost_0.4_intro_0.2_10
316,10,V,4503,Male,clvr_cost_0.4_intro_0.2_10
317,11,V,4931,Male,clvr_cost_0.4_intro_0.2_10
318,12,V,5190,Male,clvr_cost_0.4_intro_0.2_10
319,13,V,5206,Male,clvr_cost_0.4_intro_0.2_10
320,14,V,5210,Male,clvr_cost_0.4_intro_0.2_10
321,15,V,5098,Male,clvr_cost_0.4_intro_0.2_10
322,16,V,5232,Male,clvr_cost_0.4_intro_0.2_10
323,17,V,5234,Male,clvr_cost_0.4_intro_0.2_10
324,18,V,5424,Male,clvr_cost_0.4_intro_0.2_10
325,19,V,5128,Male,clvr_cost_0.4_intro_0.2_10
326,20,V,5212,Male,clvr_cost_0.4_intro_0.2_10
327,21,V,5164,Male,clvr_cost_0.4_intro_0.2_10
328,22,V,5226,Male,clvr_cost_0.4_intro_0.2_10
329,23,V,5202,Male,clvr_cost_0.4_intro_0.2_10
330,24,V,4990,Male,clvr_cost_0.4_intro_0.2_10
331,25,V,5042,Male,clvr_cost_0.4_intro_0.2_10
332,26,V,5308,Male,clvr_cost_0.4_intro_0.2_10
333,27,V,5062,Male,clvr_cost_0.4_intro_0.2_10
334,28,V,5194,Male,clvr_cost_0.4_intro_0.2_10
335,29,V,5398,Male,clvr_cost_0.4_intro_0.2_10
336,30,V,5002,Male,clvr_cost_0.4_intro_0.2_10
337,31,V,5158,Male,clvr_cost_0.4_intro_0.2_10
338,32,V,4854,Male,clvr_cost_0.4_intro_0.2_10
339,33,V,5050,Male,clvr_cost_0.4_intro_0.2_10
340,34,V,5158,Male,clvr_cost_0.4_intro_0.2_10
341,35,V,5286,Male,clvr_cost_0.4_intro_0.2_10
342,36,V,5274,Male,clvr_cost_0.4_intro_0.2_10
343,37,V,5288,Male,clvr_cost_0.4_intro_0.2_10
344,38,V,5270,Male,clvr_cost_0.4_intro_0.2_10
345,39,V,5280,Male,clvr_cost_0.4_intro_0.2_10
346,40,V,5298,Male,clvr_cost_0.4_intro_0.2_10
347,41,V,5220,Male,clvr_cost_0.4_intro_0.2_10
348,42,V,5204,Male,clvr_cost_0.4_intro_0.2_10
349,43,V,5256,Male,clvr_cost_0.4_intro_0.2_10
350,44,V,5272,Male,clvr_cost_0.4_intro_0.2_10
351,45,V,5324,Male,clvr_cost_0.4_intro_0.2_10
352,46,V,5110,Male,clvr_cost_0.4_intro_0.2_10
353,47,V,5038,Male,clvr_cost_0.4_intro_0.2_10
354,48,V,5238,Male,clvr_cost_0.4_intro_0.2_10
355,49,V,5146,Male,clvr_cost_0.4_intro_0.2_10
356,50,V,5258,Male,clvr_cost_0.4_intro_0.2_10
357,0,W,10000,Male,clvr_cost_0.4_intro_0.2_10
358,1,W,7528,Male,clvr_cost_0.4_intro_0.2_10
359,2,W,6480,Male,clvr_cost_0.4_intro_0.2_10
360,3,W,5826,Male,clvr_cost_0.4_intro_0.2_10
361,4,W,5102,Male,clvr_cost_0.4_intro_0.2_10
362,5,W,3969,Male,clvr_cost_0.4_intro_0.2_10
363,6,W,3042,Male,clvr_cost_0.4_intro_0.2_10
364,7,W,1911,Male,clvr_cost_0.4_intro_0.2_10
365,8,W,976,Male,clvr_cost_0.4_intro_0.2_10
366,9,W,316,Male,clvr_cost_0.4_intro_0.2_10
367,10,W,63,Male,clvr_cost_0.4_intro_0.2_10
368,11,W,7,Male,clvr_cost_0.4_intro_0.2_10
369,12,W,0,Male,clvr_cost_0.4_intro_0.2_10
370,13,W,0,Male,clvr_cost_0.4_intro_0.2_10
371,14,W,0,Male,clvr_cost_0.4_intro_0.2_10
372,15,W,0,Male,clvr_cost_0.4_intro_0.2_10
373,16,W,0,Male,clvr_cost_0.4_intro_0.2_10
374,17,W,0,Male,clvr_cost_0.4_intro_0.2_10
375,18,W,0,Male,clvr_cost_0.4_intro_0.2_10
376,19,W,0,Male,clvr_cost_0.4_intro_0.2_10
377,20,W,0,Male,clvr_cost_0.4_intro_0.2_10
378,21,W,0,Male,clvr_cost_0.4_intro_0.2_10
379,22,W,0,Male,clvr_cost_0.4_intro_0.2_10
380,23,W,0,Male,clvr_cost_0.4_intro_0.2_10
381,24,W,0,Male,clvr_cost_0.4_intro_0.2_10
382,25,W,0,Male,clvr_cost_0.4_intro_0.2_10
383,26,W,0,Male,clvr_cost_0.4_intro_0.2_10
384,27,W,0,Male,clvr_cost_0.4_intro_0.2_10
385,28,W,0,Male,clvr_cost_0.4_intro_0.2_10
386,29,W,0,Male,clvr_cost_0.4_intro_0.2_10
387,30,W,0,Male,clvr_cost_0.4_intro_0.2_10
388,31,W,0,Male,clvr_cost_0.4_intro_0.2_10
389,32,W,0,Male,clvr_cost_0.4_intro_0.2_10
390,33,W,0,Male,clvr_cost_0.4_intro_0.2_10
391,34,W,0,Male,clvr_cost_0.4_intro_0.2_10
392,35,W,0,Male,clvr_cost_0.4_intro_0.2_10
393,36,W,0,Male,clvr_cost_0.4_intro_0.2_10
394,37,W,0,Male,clvr_cost_0.4_intro_0.2_10
395,38,W,0,Male,clvr_cost_0.4_intro_0.2_10
396,39,W,0,Male,clvr_cost_0.4_intro_0.2_10
397,40,W,0,Male,clvr_cost_0.4_intro_0.2_10
398,41,W,0,Male,clvr_cost_0.4_intro_0.2_10
399,42,W,0,Male,clvr_cost_0.4_intro_0.2_10
400,43,W,0,Male,clvr_cost_0.4_intro_0.2_10
401,44,W,0,Male,clvr_cost_0.4_intro_0.2_10
402,45,W,0,Male,clvr_cost_0.4_intro_0.2_10
403,46,W,0,Male,clvr_cost_0.4_intro_0.2_10
404,47,W,0,Male,clvr_cost_0.4_intro_0.2_10
405,48,W,0,Male,clvr_cost_0.4_intro_0.2_10
406,49,W,0,Male,clvr_cost_0.4_intro_0.2_10
407,50,W,0,Male,clvr_cost_0.4_intro_0.2_10
